活动id	活动状态	活动排序		
INT	INT	INT		
actType	status	order	活动名(策划用）	说明(策划用）
130	3	24	端午粽子	
131	3	25		
122	3	26		
120	3	27	登陆赠礼	
24	3	28	歌王转盘	
133	3	29		
26	3	7		
28	3	8		
121	3	9		
145	3	10	限时抽卡（某些植物概率3倍，并且可抽到第3类植物）	
106	3	31		
107	3	11		
112	3	12		
127	3	13		
123	3	14	七夕特卖	
29	3	15	夏日礼包	
31	3	16	充值返利	所有档位单次充值领奖+累计领奖
135	3	17	拼图放送	"30,98,98档位充值领奖"
109	3	18	小卖部折扣	除拼图外花费钻石的商品7折
136	3	19	觉醒时刻	累计消耗钻石领奖
132	3	20	精灵7折	"19,199钻石7折"
100	3	21	植物拼图双倍	关卡掉落（所有/指定）拼图双倍
108	3	22	装备掉落双倍	关卡掉落装备(碎片）双倍
134	3	23	钻石抽卡折扣	
139	3	1	开服战力排行	
140	3	2	vip商城	
142	3	3	戴夫餐厅vip额外奖励	
143	3	4	幻影岛冒险	
144	3	5	潘多拉魔盒	
33	3	39	金币豪礼	
32	3	40	累计充值	
147	3	41	魔法限购	
125	1	42		
137	1	43		
114	2	44		
16	3	45		
11	3	46		
15	3	47		
18	1	48		
115	2	49		
4	1	50		
126	1	51		
102	3	52		
20	3	53		
128	3	54		
138	1	100		
1	1	101		
2	1	102		
3	2	103		
9	1	104		
10	1	105		
12	1	106		
13	1	107		
17	1	108		
19	1	109		
101	1	111		
103	1	112		
104	1	113		
105	1	114		
110	1	117		
111	1	118		
116	1	119		
117	1	120		
118	1	121		
22	1	122		
124	1	123		
113	1	124		
119	1	125		
129	1	149		
5	3	150		
7	1	151		
8	1	152		
14	1	153		
6	1	160		
25	1	998		
0	1	999		
