2					
INT	INT	INT	INT	INT	INT
sign_id	award_type	award_args	award_num	isDoubleReward	VIP_Level
1	1	94	10000		
2	1	200	1	1	1
3	1	91	50		
4	1	60204	50		
5	1	90	10000		
6	1	45037	2	1	2
7	1	94	20000		
8	1	200	3	1	3
9	1	91	50		
10	1	60204	90		
11	1	90	20000		
12	1	45037	4	1	4
13	1	94	30000		
14	1	200	5	1	5
15	1	91	100		
16	1	60204	150		
17	1	90	30000		
18	1	45037	6	1	6
19	1	94	40000		
20	1	200	7	1	7
21	1	91	100		
22	1	60204	210		
23	1	90	40000		
24	1	45037	8	1	8
25	1	94	50000		
26	1	200	9	1	9
27	1	91	200		
28	1	60204	300		
29	1	90	50000		
30	1	45037	10	1	10
31	1	94	50000		
