id	卡牌id	卡牌等级	卡牌星级	卡牌技能等级（新的被动技能增加后需要视情况调整）	形态（随形态系统一起启用）	推荐战斗力(由客户端计算，此列暂时保留无需填写)
INT	INT	INT	INT	INT	INT	INT
id	cardId	level	starNum	skillLevel	state	fightPoint
1	1001	4	1	4	0	100
2	1037	5	1	5	0	100
3	1146	6	1	6	0	100
4	1194	8	1	8	0	100
5	1231	10	1	10	0	100
6	1135	12	2	12	0	100
7	1123	14	2	14	0	100
8	1004	16	2	16	1	100
9	1040	18	2	18	1	100
10	1137	20	3	20	1	100
11	1161	22	3	22	1	100
12	1197	24	3	24	1	100
13	1053	26	4	26	1	100
14	1018	28	4	28	1	100
15	1070	30	4	30	1	100
16	1114	32	5	32	1	100
17	1175	34	5	34	1	100
18	1055	36	5	36	1	100
19	1139	38	6	38	1	100
20	1164	40	6	40	2	100
21	1212	42	7	42	2	100
22	1236	44	7	44	2	100
23	1020	46	8	46	2	100
24	1188	48	8	48	1	100
25	1117	50	9	50	2	100
26	1140	52	9	52	2	100
27	1176	54	10	54	2	100
28	1165	56	10	56	2	100
29	1213	58	11	58	2	100
30	1198	60	11	60	2	100
31	1142	62	12	62	2	100
32	1022	64	12	64	2	100
33	1058	66	13	66	2	100
34	1166	68	15	68	2	100
35	1141	58	10	58	2	100
36	1021	60	10	60	2	100
37	1196	62	11	62	2	100
38	1117	64	11	64	2	100
39	1237	66	12	66	2	100
40	1177	68	14	68	2	100
41	1277	4	1	4	0	100
42	1277	5	1	5	0	100
43	1099	12	2	12	0	100
44	1100	16	2	16	1	100
45	1280	16	2	16	1	100
46	1149	20	3	20	1	100
47	1150	24	3	24	1	100
48	1054	30	4	30	1	100
49	1055	34	5	34	1	100
50	1151	40	6	40	2	100
51	1152	44	7	44	2	100
52	1056	44	7	44	2	100
53	1272	50	9	50	2	100
54	1273	54	10	54	2	100
55	1284	54	10	54	2	100
56	1022	70	14	70	2	100
57	1214	70	14	70	2	100
58	1070	70	14	70	2	100
59	1190	70	14	70	2	100
60	1324	72	15	72	2	100
61	1179	72	15	72	2	100
62	1167	75	16	75	2	100
63	1059	75	16	75	2	100
64	1180	80	18	80	2	100
65	1325	80	18	80	2	100
