套装ID	套装品质	套装类型(0=防，1=攻，2=辅)	套装名称	武器id	护甲id	披风id	两件套属性	属性值	三件套属性	属性值	级别（0a1s)					
INT	INT	INT	STRING	INT	INT	INT	INT	INT	INT	INT	INT					
s_id	s_quality	s_type	s_name	e_id1	e_id2	e_id3	2s_at	2s_av	3s_at	3s_av	s_grade					
1	3	1	硬木套装	23001	23002	23003	104	5	111	10	0					
2	3	0	野草套装	23004	23005	23006	107	5	112	10	0					
3	4	1	铁木套装	24001	24002	24003	104	10	111	15	0					
4	4	0	古树套装	24004	24005	24006	107	10	112	15	0					
5	4	2	琥珀套装	24007	24008	24009	109	10	10	100	0					
6	5	1	钢铁套装	25001	25002	25003	104	15	111	20	0					
7	5	0	黄金套装	25004	25005	25006	107	15	112	20	0					
8	5	2	紫晶套装	25007	25008	25009	109	15	10	150	0					
9	6	1	精钢套装	25010	25011	25012	104	20	111	25	1					
10	6	0	钻石套装	25013	25014	25015	107	20	112	25	1					
11	6	2	海蓝套装	25016	25017	25018	109	25	10	250	1					
12	6	1	寒冰套装	25019	25020	25021	102	30	10	200	1					
13	6	0	黑曜石套装	25022	25023	25024	103	20	101	30	1					
														数值		百分比
														1	生命	101
														2	攻击	102
														3	防御	103
														4	暴击	104
														5	抗暴	105
														6	命中	106
														7	闪避	107
														8	速度	108
														9	能量恢复	109
														10	初始能量	110
														11	增加伤害	111
														12	减少伤害	112
