索引ID	装备编号	装备名称	强化分段	暴击概率	攻击强化	防御强化	血量强化	命中强化	闪避强化	暴击强化	韧性强化
INT	INT	STRING	INT	INT	INT	INT	INT	INT	INT	INT	INT
id	f_id	f_name	st_Stage	crt_chance	st_att	st_def	st_hp	st_hit	st_dod	st_cri	st_tou
1	22001	苔藓弹弓	30	10	5						
2	22001	苔藓弹弓	60	10	5						
3	22001	苔藓弹弓	90	5	5						
4	22001	苔藓弹弓	120	5	5						
5	22002	苔藓护甲	30	10		8					
6	22002	苔藓护甲	60	10		8					
7	22002	苔藓护甲	90	5		8					
8	22002	苔藓护甲	120	5		8					
9	22003	苔藓披风	30	10			17				
10	22003	苔藓披风	60	10			17				
11	22003	苔藓披风	90	5			17				
12	22003	苔藓披风	120	5			17				
13	23001	硬木弹弓	30	10	8					1	
14	23001	硬木弹弓	60	10	8					1	
15	23001	硬木弹弓	90	5	8					1	
16	23001	硬木弹弓	120	5	8					1	
17	23002	硬木护甲	30	10		10				1	
18	23002	硬木护甲	60	10		10				1	
19	23002	硬木护甲	90	5		10				1	
20	23002	硬木护甲	120	5		10				1	
21	23003	硬木披风	30	10			31			1	
22	23003	硬木披风	60	10			31			1	
23	23003	硬木披风	90	5			31			2	
24	23003	硬木披风	120	5			31			2	
25	23004	野草重锤	30	10	8				1		
26	23004	野草重锤	60	10	8				1		
27	23004	野草重锤	90	5	8				2		
28	23004	野草重锤	120	5	8				2		
29	23005	野草护甲	30	10		10					1
30	23005	野草护甲	60	10		10					1
31	23005	野草护甲	90	5		10					1
32	23005	野草护甲	120	5		10					1
33	23006	野草披风	30	10			31		1		
34	23006	野草披风	60	10			31		1		
35	23006	野草披风	90	5			31		2		
36	23006	野草披风	120	5			31		2		
37	24001	铁木弹弓	30	10	14					1	
38	24001	铁木弹弓	60	10	14					1	
39	24001	铁木弹弓	90	5	14					2	
40	24001	铁木弹弓	120	5	14					2	
41	24002	铁木护甲	30	10		16				1	
42	24002	铁木护甲	60	10		16				1	
43	24002	铁木护甲	90	5		16				2	
44	24002	铁木护甲	120	5		16				2	
45	24003	铁木披风	30	10			52			1	
46	24003	铁木披风	60	10			52			1	
47	24003	铁木披风	90	5			52			2	
48	24003	铁木披风	120	5			52			2	
49	24004	古树重锤	30	10	14				2		
50	24004	古树重锤	60	10	14				2		
51	24004	古树重锤	90	5	14				3		
52	24004	古树重锤	120	5	14				3		
53	24005	古树护甲	30	10		16					1
54	24005	古树护甲	60	10		16					1
55	24005	古树护甲	90	5		16					2
56	24005	古树护甲	120	5		16					2
57	24006	古树披风	30	10			52		2		
58	24006	古树披风	60	10			52		2		
59	24006	古树披风	90	5			52		3		
60	24006	古树披风	120	5			52		3		
61	24007	琥珀法杖	30	10	14			2			
62	24007	琥珀法杖	60	10	14			2			
63	24007	琥珀法杖	90	5	14			3			
64	24007	琥珀法杖	120	5	14			3			
65	24008	琥珀护甲	30	10		16			2		
66	24008	琥珀护甲	60	10		16			2		
67	24008	琥珀护甲	90	5		16			3		
68	24008	琥珀护甲	120	5		16			3		
69	24009	琥珀披风	30	10			52	2			
70	24009	琥珀披风	60	10			52	2			
71	24009	琥珀披风	90	5			52	3			
72	24009	琥珀披风	120	5			52	3			
73	25001	钢铁弹弓	30	10	21					2	
74	25001	钢铁弹弓	60	10	21					2	
75	25001	钢铁弹弓	90	5	21					3	
76	25001	钢铁弹弓	120	5	21					3	
77	25002	钢铁护甲	30	10		23				2	
78	25002	钢铁护甲	60	10		23				2	
79	25002	钢铁护甲	90	5		23				3	
80	25002	钢铁护甲	120	5		23				3	
81	25003	钢铁披风	30	10			77			2	
82	25003	钢铁披风	60	10			77			2	
83	25003	钢铁披风	90	5			77			3	
84	25003	钢铁披风	120	5			77			3	
85	25004	黄金重锤	30	10	21				3		
86	25004	黄金重锤	60	10	21				4		
87	25004	黄金重锤	90	5	21				4		
88	25004	黄金重锤	120	5	21				5		
89	25005	黄金护甲	30	10		23					2
90	25005	黄金护甲	60	10		23					2
91	25005	黄金护甲	90	5		23					3
92	25005	黄金护甲	120	5		23					3
93	25006	黄金披风	30	10			77		3		
94	25006	黄金披风	60	10			77		4		
95	25006	黄金披风	90	5			77		4		
96	25006	黄金披风	120	5			77		5		
97	25007	紫晶法杖	30	10	21			3			
98	25007	紫晶法杖	60	10	21			4			
99	25007	紫晶法杖	90	5	21			4			
100	25007	紫晶法杖	120	5	21			5			
101	25008	紫晶护甲	30	10		23			3		
102	25008	紫晶护甲	60	10		23			4		
103	25008	紫晶护甲	90	5		23			4		
104	25008	紫晶护甲	120	5		23			5		
105	25009	紫晶披风	30	10			77	3			
106	25009	紫晶披风	60	10			77	4			
107	25009	紫晶披风	90	5			77	4			
108	25009	紫晶披风	120	5			77	5			
109	25010	精钢弹弓	30	10	34					3	
110	25010	精钢弹弓	60	10	34					3	
111	25010	精钢弹弓	90	5	34					5	
112	25010	精钢弹弓	120	5	34					5	
113	25011	精钢护甲	30	10		37				3	
114	25011	精钢护甲	60	10		37				3	
115	25011	精钢护甲	90	5		37				5	
116	25011	精钢护甲	120	5		37				5	
117	25012	精钢披风	30	10			123			3	
118	25012	精钢披风	60	10			123			3	
119	25012	精钢披风	90	5			123			5	
120	25012	精钢披风	120	5			123			5	
121	25013	钻石重锤	30	10	34				5		
122	25013	钻石重锤	60	10	34				6		
123	25013	钻石重锤	90	5	34				6		
124	25013	钻石重锤	120	5	34				8		
125	25014	钻石护甲	30	10		37					3
126	25014	钻石护甲	60	10		37					3
127	25014	钻石护甲	90	5		37					5
128	25014	钻石护甲	120	5		37					5
129	25015	钻石披风	30	10			123		5		
130	25015	钻石披风	60	10			123		6		
131	25015	钻石披风	90	5			123		6		
132	25015	钻石披风	120	5			123		8		
133	25016	海蓝法杖	30	10	34			3			
134	25016	海蓝法杖	60	10	34			4			
135	25016	海蓝法杖	90	5	34			5			
136	25016	海蓝法杖	120	5	34			5			
137	25017	海蓝护甲	30	10		37			5		
138	25017	海蓝护甲	60	10		37			6		
139	25017	海蓝护甲	90	5		37			6		
140	25017	海蓝护甲	120	5		37			8		
141	25018	海蓝披风	30	10			123				
142	25018	海蓝披风	60	10			123				
143	25018	海蓝披风	90	5			123				
144	25018	海蓝披风	120	5			123				
145	25019	寒冰弹弓	30	10	41					3	
146	25019	寒冰弹弓	60	10	41					4	
147	25019	寒冰弹弓	90	5	41					6	
148	25019	寒冰弹弓	120	5	41					6	
149	25020	寒冰护甲	30	10		44				3	
150	25020	寒冰护甲	60	10		44				4	
151	25020	寒冰护甲	90	5		44				6	
152	25020	寒冰护甲	120	5		44				6	
153	25021	寒冰披风	30	10			148			3	
154	25021	寒冰披风	60	10			148			4	
155	25021	寒冰披风	90	5			148			6	
156	25021	寒冰披风	120	5			148			6	
157	25022	黑曜重锤	30	10	41				6		
158	25022	黑曜重锤	60	10	41				8		
159	25022	黑曜重锤	90	5	41				8		
160	25022	黑曜重锤	120	5	41				8		
161	25023	黑曜护甲	30	10		44					3
162	25023	黑曜护甲	60	10		44					4
163	25023	黑曜护甲	90	5		44					6
164	25023	黑曜护甲	120	5		44					6
165	25024	黑曜披风	30	10			148		6		
166	25024	黑曜披风	60	10			148		8		
167	25024	黑曜披风	90	5			148		8		
168	25024	黑曜披风	120	5			148		8		
