强化等级	绿装花费	蓝装花费	紫装花费	橙装花费	红装花费
INT	INT	INT	INT	INT	
lv	green_silver	blue_silver	purple_silver	orange_silver	red_silver
1	100	200	350	600	960
2	100	200	350	600	960
3	100	200	350	600	960
4	100	200	350	600	960
5	500	1000	1750	3000	4800
6	500	1000	1750	3000	4800
7	500	1000	1750	3000	4800
8	500	1000	1750	3000	4800
9	500	1000	1750	3000	4800
10	1700	3400	5950	10200	16320
11	1700	3400	5950	10200	16320
12	1700	3400	5950	10200	16320
13	1700	3400	5950	10200	16320
14	1700	3400	5950	10200	16320
15	2400	4800	8400	14400	23040
16	2400	4800	8400	14400	23040
17	2400	4800	8400	14400	23040
18	2400	4800	8400	14400	23040
19	2400	4800	8400	14400	23040
20	5200	10400	18200	31200	49920
21	5200	10400	18200	31200	49920
22	5200	10400	18200	31200	49920
23	5200	10400	18200	31200	49920
24	5200	10400	18200	31200	49920
25	6300	12600	22050	37800	60480
26	6300	12600	22050	37800	60480
27	6300	12600	22050	37800	60480
28	6300	12600	22050	37800	60480
29	6300	12600	22050	37800	60480
30	11300	22600	39550	67800	108480
31	11300	22600	39550	67800	108480
32	11300	22600	39550	67800	108480
33	11300	22600	39550	67800	108480
34	11300	22600	39550	67800	108480
35	12800	25600	44800	76800	122880
36	12800	25600	44800	76800	122880
37	12800	25600	44800	76800	122880
38	12800	25600	44800	76800	122880
39	12800	25600	44800	76800	122880
40	20600	41200	72100	123600	197760
41	20600	41200	72100	123600	197760
42	20600	41200	72100	123600	197760
43	20600	41200	72100	123600	197760
44	20600	41200	72100	123600	197760
45	22500	45000	78750	135000	216000
46	22500	45000	78750	135000	216000
47	22500	45000	78750	135000	216000
48	22500	45000	78750	135000	216000
49	22500	45000	78750	135000	216000
50	33700	67400	117950	202200	323520
51	33700	67400	117950	202200	323520
52	33700	67400	117950	202200	323520
53	33700	67400	117950	202200	323520
54	33700	67400	117950	202200	323520
55	36000	72000	126000	216000	345600
56	36000	72000	126000	216000	345600
57	36000	72000	126000	216000	345600
58	36000	72000	126000	216000	345600
59	36000	72000	126000	216000	345600
60	51200	102400	179200	307200	491520
61	51200	102400	179200	307200	491520
62	51200	102400	179200	307200	491520
63	51200	102400	179200	307200	491520
64	51200	102400	179200	307200	491520
65	53900	107800	188650	323400	517440
66	53900	107800	188650	323400	517440
67	53900	107800	188650	323400	517440
68	53900	107800	188650	323400	517440
69	53900	107800	188650	323400	517440
70	73700	147400	257950	442200	707520
71	73700	147400	257950	442200	707520
72	73700	147400	257950	442200	707520
73	73700	147400	257950	442200	707520
74	73700	147400	257950	442200	707520
75	76800	153600	268800	460800	737280
76	76800	153600	268800	460800	737280
77	76800	153600	268800	460800	737280
78	76800	153600	268800	460800	737280
79	76800	153600	268800	460800	737280
80	101800	203600	356300	610800	977280
81	101800	203600	356300	610800	977280
82	101800	203600	356300	610800	977280
83	101800	203600	356300	610800	977280
84	101800	203600	356300	610800	977280
85	105300	210600	368550	631800	1010880
86	105300	210600	368550	631800	1010880
87	105300	210600	368550	631800	1010880
88	105300	210600	368550	631800	1010880
89	105300	210600	368550	631800	1010880
90	136100	272200	476350	816600	1306560
91	136100	272200	476350	816600	1306560
92	136100	272200	476350	816600	1306560
93	136100	272200	476350	816600	1306560
94	136100	272200	476350	816600	1306560
95	140000	280000	490000	840000	1344000
96	140000	280000	490000	840000	1344000
97	140000	280000	490000	840000	1344000
98	140000	280000	490000	840000	1344000
99	140000	280000	490000	840000	1344000
100	177200	354400	620200	1063200	1701120
