唯一ID	等级	角色升级所需经验	废	废	废	废	废	好友上线	废
INT	INT	INT	INT	INT	INT	INT	INT	INT	INT
id	level	exp	fatigue	backpacknum	leadership	value	type	friend	sunshine
1	1	5	20	31	31		0	11	2
2	2	15	20	31	32		0	11	3
3	3	15	20	32	33		0	12	4
4	4	15	20	32	34		0	12	5
5	5	15	20	33	35		0	13	6
6	6	20	20	33	36		0	13	7
7	7	20	15	34	37		0	14	8
8	8	30	15	34	38		0	14	9
9	9	60	15	35	39		0	15	10
10	10	80	15	35	40		0	15	
11	11	80	15	36	41		0	16	
12	12	100	10	36	42		0	16	
13	13	100	10	37	43		0	17	
14	14	120	10	37	44		0	17	
15	15	120	10	38	45		0	18	
16	16	120	10	38	46		0	18	
17	17	120	10	39	47		0	19	
18	18	120	10	39	48		0	19	
19	19	120	10	40	49		0	20	
20	20	120	10	40	50		0	20	
21	21	120	10	41	51		0	21	
22	22	120	10	41	52		0	21	
23	23	150	10	42	53		0	22	
24	24	150	10	42	54		0	22	
25	25	150	10	43	55		0	23	
26	26	150	10	43	56		0	23	
27	27	200	10	44	57		0	24	
28	28	233	10	44	58		0	24	
29	29	250	10	45	59		0	25	
30	30	291	10	45	60		0	25	
31	31	333	10	46	61		0	26	
32	32	375	10	46	62		0	26	
33	33	416	10	47	63		0	27	
34	34	508	10	47	64		0	27	
35	35	600	10	48	65		0	28	
36	36	691	10	48	66		0	28	
37	37	916	10	49	67		0	29	
38	38	1000	10	49	68		0	29	
39	39	1000	10	50	69		0	30	
40	40	1250	10	50	70		0	30	
41	41	1250	10	51	71		0	31	
42	42	1416	10	51	72		0	31	
43	43	1416	10	52	73		0	32	
44	44	1416	10	52	74		0	32	
45	45	1500	10	53	75		0	33	
46	46	1666	10	53	76		0	33	
47	47	1666	10	54	77		0	34	
48	48	1833	10	54	78		0	34	
49	49	1833	10	55	79		0	35	
50	50	1916	10	55	80		0	35	
51	51	1916	10	56	81		0	36	
52	52	1916	10	56	82		0	36	
53	53	2083	10	57	83		0	37	
54	54	2250	10	57	84		0	37	
55	55	2250	10	58	85		0	38	
56	56	2333	10	58	86		0	38	
57	57	2500	10	59	87		0	39	
58	58	2666	10	59	88		0	39	
59	59	2750	10	60	90		0	40	
60	60	2750	10	60	92		0	40	
61	61	2750	10	60	94		0	41	
62	62	2916	10	60	96		0	41	
63	63	2916	10	60	98		0	42	
64	64	3083	10	60	100		0	42	
65	65	3166	10	60	102		0	43	
66	66	3333	10	60	104		0	43	
67	67	3500	10	60	106		0	44	
68	68	3583	10	60	108		0	44	
69	69	3750	10	60	110		0	45	
70	70	3916	10	60	112		0	45	
71	71	3916	10	60	114		0	46	
72	72	3916	10	60	116		0	46	
73	73	3916	10	60	118		0	47	
74	74	3916	10	60	120		0	47	
75	75	3916	10	60	122		0	48	
76	76	3916	10	60	124		0	48	
77	77	3916	10	60	126		0	49	
78	78	3916	10	60	128		0	49	
79	79	4000	10	60	130		0	50	
80	80	4000	10	60	132		0	50	
81	81	4000	10	60	134		0	51	
82	82	4000	10	60	136		0	51	
83	83	4000	10	60	138		0	52	
84	84	4000	10	60	140		0	52	
85	85	4000	10	60	142		0	53	
86	86	4000	10	60	144		0	53	
87	87	4000	10	60	146		0	54	
88	88	4000	10	60	148		0	54	
89	89	4000	10	60	150		0	55	
90	90	4000	10	60	152		0	55	
91	91	4000	10	60	154		0	56	
92	92	4000	10	60	156		0	56	
93	93	4000	10	60	158		0	57	
94	94	4000	10	60	160		0	57	
95	95	4000	10	60	162		0	58	
96	96	4000	10	60	164		0	58	
97	97	4000	10	60	166		0	59	
98	98	4000	10	60	168		0	59	
99	99	4000	10	60	170		0	60	
100	100	4000	10	60	170		0	60	
101	1	0				1	1		150
102	2	0				1	1		150
103	3	0				1	1		150
104	4	0				1	1		180
105	5	0				1	1		180
106	6	0				1	1		300
107	7	0				1	1		600
108	8	0				1	1		800
109	9	0				1	1		1200
110	10	0				1	1		1500
111	11	0				1	1		2000
112	12	0				1	1		3600
113	13	0				1	1		5400
114	14	0				1	1		5800
115	15	0				1	1		6500
116	16	0				1	1		6500
117	17	0				1	1		6500
118	18	0				1	1		6500
119	19	0				1	1		6500
120	20	0				1	1		5900
121	21	0				1	1		5900
122	22	0				1	1		7800
123	23	0				1	1		8500
124	24	0				1	1		8500
125	25	0				1	1		9800
126	26	0				1	1		9800
127	27	0				1	1		11000
128	28	0				1	1		13000
129	29	0				1	1		14000
130	30	0				1	1		22000
131	31	0				1	1		25000
132	32	0				1	1		28000
133	33	0				1	1		31000
134	34	0				1	1		38000
135	35	0				1	1		51000
136	36	0				1	1		59000
137	37	0				1	1		78000
138	38	0				1	1		85000
139	39	0				1	1		85000
140	40	0				1	1		110000
141	41	0				1	1		110000
142	42	0				1	1		130000
143	43	0				1	1		130000
144	44	0				1	1		130000
145	45	0				1	1		140000
146	46	0				1	1		150000
147	47	0				1	1		150000
148	48	0				1	1		170000
149	49	0				1	1		170000
150	50	0				1	1		220000
151	51	0				1	1		220000
152	52	0				1	1		220000
153	53	0				1	1		240000
154	54	0				1	1		260000
155	55	0				1	1		260000
156	56	0				1	1		270000
157	57	0				1	1		290000
158	58	0				1	1		310000
159	59	0				1	1		320000
160	60	0				1	1		350000
161	61	0				1	1		350000
162	62	0				1	1		370000
163	63	0				1	1		370000
164	64	0				1	1		390000
165	65	0				1	1		480000
166	66	0				1	1		500000
167	67	0				1	1		530000
168	68	0				1	1		540000
169	69	0				1	1		570000
170	70	0				1	1		590000
171	71	0				1	1		590000
172	72	0				1	1		590000
173	73	0				1	1		590000
174	74	0				1	1		590000
175	75	0				1	1		590000
176	76	0				1	1		590000
177	77	0				1	1		590000
178	78	0				1	1		590000
179	79	0				1	1		600000
180	80	0				1	1		600000
181	81	0				1	1		600000
182	82	0				1	1		600000
183	83	0				1	1		600000
184	84	0				1	1		600000
185	85	0				1	1		600000
186	86	0				1	1		600000
187	87	0				1	1		600000
188	88	0				1	1		600000
189	89	0				1	1		600000
190	90	0				1	1		600000
191	91	0				1	1		600000
192	92	0				1	1		600000
193	93	0				1	1		600000
194	94	0				1	1		600000
195	95	0				1	1		600000
196	96	0				1	1		600000
197	97	0				1	1		600000
198	98	0				1	1		600000
199	99	0				1	1		600000
200	100	0				1	1		600000
201	1	0				2	1		150
202	2	0				2	1		150
203	3	0				2	1		150
204	4	0				2	1		180
205	5	0				2	1		180
206	6	0				2	1		300
207	7	0				2	1		600
208	8	0				2	1		800
209	9	0				2	1		1200
210	10	0				2	1		1500
211	11	0				2	1		2000
212	12	0				2	1		3600
213	13	0				2	1		5400
214	14	0				2	1		5800
215	15	0				2	1		6500
216	16	0				2	1		6500
217	17	0				2	1		6500
218	18	0				2	1		6500
219	19	0				2	1		6500
220	20	0				2	1		5900
221	21	0				2	1		5900
222	22	0				2	1		7800
223	23	0				2	1		8500
224	24	0				2	1		8500
225	25	0				2	1		9800
226	26	0				2	1		9800
227	27	0				2	1		11000
228	28	0				2	1		13000
229	29	0				2	1		14000
230	30	0				2	1		22000
231	31	0				2	1		25000
232	32	0				2	1		28000
233	33	0				2	1		31000
234	34	0				2	1		38000
235	35	0				2	1		51000
236	36	0				2	1		59000
237	37	0				2	1		78000
238	38	0				2	1		85000
239	39	0				2	1		85000
240	40	0				2	1		110000
241	41	0				2	1		110000
242	42	0				2	1		130000
243	43	0				2	1		130000
244	44	0				2	1		130000
245	45	0				2	1		140000
246	46	0				2	1		150000
247	47	0				2	1		150000
248	48	0				2	1		170000
249	49	0				2	1		170000
250	50	0				2	1		220000
251	51	0				2	1		220000
252	52	0				2	1		220000
253	53	0				2	1		240000
254	54	0				2	1		260000
255	55	0				2	1		260000
256	56	0				2	1		270000
257	57	0				2	1		290000
258	58	0				2	1		310000
259	59	0				2	1		320000
260	60	0				2	1		350000
261	61	0				2	1		350000
262	62	0				2	1		370000
263	63	0				2	1		370000
264	64	0				2	1		390000
265	65	0				2	1		480000
266	66	0				2	1		500000
267	67	0				2	1		530000
268	68	0				2	1		540000
269	69	0				2	1		570000
270	70	0				2	1		590000
271	71	0				2	1		590000
272	72	0				2	1		590000
273	73	0				2	1		590000
274	74	0				2	1		590000
275	75	0				2	1		590000
276	76	0				2	1		590000
277	77	0				2	1		590000
278	78	0				2	1		590000
279	79	0				2	1		600000
280	80	0				2	1		600000
281	81	0				2	1		600000
282	82	0				2	1		600000
283	83	0				2	1		600000
284	84	0				2	1		600000
285	85	0				2	1		600000
286	86	0				2	1		600000
287	87	0				2	1		600000
288	88	0				2	1		600000
289	89	0				2	1		600000
290	90	0				2	1		600000
291	91	0				2	1		600000
292	92	0				2	1		600000
293	93	0				2	1		600000
294	94	0				2	1		600000
295	95	0				2	1		600000
296	96	0				2	1		600000
297	97	0				2	1		600000
298	98	0				2	1		600000
299	99	0				2	1		600000
300	100	0				2	1		600000
301	1	0				3	1		150
302	2	0				3	1		150
303	3	0				3	1		150
304	4	0				3	1		180
305	5	0				3	1		180
306	6	0				3	1		300
307	7	0				3	1		600
308	8	0				3	1		800
309	9	0				3	1		1200
310	10	0				3	1		1500
311	11	0				3	1		2000
312	12	0				3	1		3600
313	13	0				3	1		5400
314	14	0				3	1		5800
315	15	0				3	1		6500
316	16	0				3	1		6500
317	17	0				3	1		6500
318	18	0				3	1		6500
319	19	0				3	1		6500
320	20	0				3	1		5900
321	21	0				3	1		5900
322	22	0				3	1		7800
323	23	0				3	1		8500
324	24	0				3	1		8500
325	25	0				3	1		9800
326	26	0				3	1		9800
327	27	0				3	1		11000
328	28	0				3	1		13000
329	29	0				3	1		14000
330	30	0				3	1		22000
331	31	0				3	1		25000
332	32	0				3	1		28000
333	33	0				3	1		31000
334	34	0				3	1		38000
335	35	0				3	1		51000
336	36	0				3	1		59000
337	37	0				3	1		78000
338	38	0				3	1		85000
339	39	0				3	1		85000
340	40	0				3	1		110000
341	41	0				3	1		110000
342	42	0				3	1		130000
343	43	0				3	1		130000
344	44	0				3	1		130000
345	45	0				3	1		140000
346	46	0				3	1		150000
347	47	0				3	1		150000
348	48	0				3	1		170000
349	49	0				3	1		170000
350	50	0				3	1		220000
351	51	0				3	1		220000
352	52	0				3	1		220000
353	53	0				3	1		240000
354	54	0				3	1		260000
355	55	0				3	1		260000
356	56	0				3	1		270000
357	57	0				3	1		290000
358	58	0				3	1		310000
359	59	0				3	1		320000
360	60	0				3	1		350000
361	61	0				3	1		350000
362	62	0				3	1		370000
363	63	0				3	1		370000
364	64	0				3	1		390000
365	65	0				3	1		480000
366	66	0				3	1		500000
367	67	0				3	1		530000
368	68	0				3	1		540000
369	69	0				3	1		570000
370	70	0				3	1		590000
371	71	0				3	1		590000
372	72	0				3	1		590000
373	73	0				3	1		590000
374	74	0				3	1		590000
375	75	0				3	1		590000
376	76	0				3	1		590000
377	77	0				3	1		590000
378	78	0				3	1		590000
379	79	0				3	1		600000
380	80	0				3	1		600000
381	81	0				3	1		600000
382	82	0				3	1		600000
383	83	0				3	1		600000
384	84	0				3	1		600000
385	85	0				3	1		600000
386	86	0				3	1		600000
387	87	0				3	1		600000
388	88	0				3	1		600000
389	89	0				3	1		600000
390	90	0				3	1		600000
391	91	0				3	1		600000
392	92	0				3	1		600000
393	93	0				3	1		600000
394	94	0				3	1		600000
395	95	0				3	1		600000
396	96	0				3	1		600000
397	97	0				3	1		600000
398	98	0				3	1		600000
399	99	0				3	1		600000
400	100	0				3	1		600000
401	1	0				4	1		150
402	2	0				4	1		150
403	3	0				4	1		150
404	4	0				4	1		180
405	5	0				4	1		180
406	6	0				4	1		300
407	7	0				4	1		600
408	8	0				4	1		800
409	9	0				4	1		1200
410	10	0				4	1		1500
411	11	0				4	1		2000
412	12	0				4	1		3600
413	13	0				4	1		5400
414	14	0				4	1		5800
415	15	0				4	1		6500
416	16	0				4	1		6500
417	17	0				4	1		6500
418	18	0				4	1		6500
419	19	0				4	1		6500
420	20	0				4	1		5900
421	21	0				4	1		5900
422	22	0				4	1		7800
423	23	0				4	1		8500
424	24	0				4	1		8500
425	25	0				4	1		9800
426	26	0				4	1		9800
427	27	0				4	1		11000
428	28	0				4	1		13000
429	29	0				4	1		14000
430	30	0				4	1		22000
431	31	0				4	1		25000
432	32	0				4	1		28000
433	33	0				4	1		31000
434	34	0				4	1		38000
435	35	0				4	1		51000
436	36	0				4	1		59000
437	37	0				4	1		78000
438	38	0				4	1		85000
439	39	0				4	1		85000
440	40	0				4	1		110000
441	41	0				4	1		110000
442	42	0				4	1		130000
443	43	0				4	1		130000
444	44	0				4	1		130000
445	45	0				4	1		140000
446	46	0				4	1		150000
447	47	0				4	1		150000
448	48	0				4	1		170000
449	49	0				4	1		170000
450	50	0				4	1		220000
451	51	0				4	1		220000
452	52	0				4	1		220000
453	53	0				4	1		240000
454	54	0				4	1		260000
455	55	0				4	1		260000
456	56	0				4	1		270000
457	57	0				4	1		290000
458	58	0				4	1		310000
459	59	0				4	1		320000
460	60	0				4	1		350000
461	61	0				4	1		350000
462	62	0				4	1		370000
463	63	0				4	1		370000
464	64	0				4	1		390000
465	65	0				4	1		480000
466	66	0				4	1		500000
467	67	0				4	1		530000
468	68	0				4	1		540000
469	69	0				4	1		570000
470	70	0				4	1		590000
471	71	0				4	1		590000
472	72	0				4	1		590000
473	73	0				4	1		590000
474	74	0				4	1		590000
475	75	0				4	1		590000
476	76	0				4	1		590000
477	77	0				4	1		590000
478	78	0				4	1		590000
479	79	0				4	1		600000
480	80	0				4	1		600000
481	81	0				4	1		600000
482	82	0				4	1		600000
483	83	0				4	1		600000
484	84	0				4	1		600000
485	85	0				4	1		600000
486	86	0				4	1		600000
487	87	0				4	1		600000
488	88	0				4	1		600000
489	89	0				4	1		600000
490	90	0				4	1		600000
491	91	0				4	1		600000
492	92	0				4	1		600000
493	93	0				4	1		600000
494	94	0				4	1		600000
495	95	0				4	1		600000
496	96	0				4	1		600000
497	97	0				4	1		600000
498	98	0				4	1		600000
499	99	0				4	1		600000
500	100	0				4	1		600000
