唯一ID	世界ID	废	最多星数	领取需求星数	奖励物品类型（1道具）	道具子类别	奖励数量
INT	INT	INT	INT	INT	INT	INT	INT
ID	advID	index	maxstar	needstar	award_type	award_args	award_number
1	1	1	216	6	1	91	25
2	1	2	216	12	1	91	25
3	1	3	216	18	1	91	25
4	2	1	216	24	1	91	25
5	2	2	216	30	1	91	25
6	2	3	216	36	1	91	25
7	2	4	216	42	1	91	25
8	3	1	216	48	1	91	25
9	3	2	216	54	1	91	25
10	3	3	216	60	1	91	25
11	3	4	216	66	1	91	50
12	3	5	216	72	1	91	50
13	4	1	216	78	1	91	50
14	4	2	216	84	1	91	50
15	4	3	216	90	1	91	50
16	4	4	216	96	1	91	50
17	4	5	216	102	1	91	50
18	4	6	216	108	1	91	50
19	5	1	216	114	1	91	50
20	5	2	216	120	1	91	50
21	5	3	216	126	1	91	50
22	5	4	216	132	1	91	50
23	5	5	216	138	1	91	50
24	5	6	216	144	1	91	50
25	6	1	216	150	1	91	50
26	6	2	216	156	1	91	75
27	6	3	216	162	1	91	75
28	6	4	216	168	1	91	75
29	6	5	216	174	1	91	75
30	6	6	216	180	1	91	75
31	7	1	216	186	1	91	75
32	7	2	216	192	1	91	75
33	7	3	216	198	1	91	75
34	7	4	216	204	1	91	75
35	7	5	216	210	1	91	75
36	7	6	216	216	1	91	75
