唯一ID	天赋id	权重
INT	INT	INT
id	talent_id	weight
1	6	4500
2	7	3200
3	8	2000
4	9	200
5	10	100
6	11	4500
7	12	3200
8	13	2000
9	14	200
10	15	100
11	16	4500
12	17	3200
13	18	2000
14	19	200
15	20	100
16	21	4500
17	22	3200
18	23	2000
19	24	200
20	25	100
21	26	4500
22	27	3200
23	28	2000
24	29	200
25	30	100
26	31	4500
27	32	3200
28	33	2000
29	34	200
30	35	100
31	36	4500
32	37	3200
33	38	2000
34	39	200
35	40	100
36	41	4500
37	42	3200
38	43	2000
39	44	200
40	45	100
41	46	4500
42	47	3200
43	48	2000
44	49	200
45	50	100
46	51	4500
47	52	3200
48	53	2000
49	54	200
50	55	100
51	56	4500
52	57	3200
53	58	2000
54	59	200
55	60	100
56	61	4500
57	62	3200
58	63	2000
59	64	200
60	65	100
