物品ID	物品名	套装ID	物品主分类	物品子分类	物品三级分类	专属装备类型	废	ICON图标ID	物品品质	使用等级	最大堆叠数	出售价格	属性描述	物品描述	兑换比率	需合成的物品1	需合成数量1	碎片对应的装备	需合成的物品2	需合成数量2	需合成的物品3	需合成数量3	需合成的物品4	需合成数量4	合成价格	合成卡牌ID	血量	攻击力	防御	命中	闪避	暴击	韧性	边框显示等级	怒气回复	钻石价格	动画ID
INT	STRING	INT	INT	INT	INT	INT	STRING	INT	INT	INT	INT	INT	STRING	STRING	STRING	INT	INT	INT	INT	INT	INT	INT	INT	INT	INT	INT	FLOAT	FLOAT	FLOAT	INT	INT	INT	INT	INT	INT	INT	INT
f_id	f_name	f_suit_id	f_type	f_sec_type	f_third_type	f_exclusiveType	f_plants	f_icon	f_quality	f_use_lv	f_overlay	f_gold	f_func	f_desc	f_ext	needpart_1_id	needpart_1_num	targetitemid	needpart_2_id	needpart_2_num	needpart_3_id	needpart_3_num	needpart_4_id	needpart_4_num	need_gold	targetCardId	hp	attack	defence	hit	dodge	critical	toughness	zhuangban_quality	anger_reply	gold_price	animaction_id
16001	初级防御精灵	-1	6	1	0			17001	2	1	1	2000	提升植物防御，抽取获得	提升植物防御，抽取获得		16000																		0			754129
16002	初级生命精灵	-1	6	1	0			17002	2	1	1	2000	提升植物生命，抽取获得	提升植物生命，抽取获得		16010																		0			754136
16003	初级速度精灵	-1	6	1	0			17003	2	1	1	2000	提升植物速度，抽取获得	提升植物速度，抽取获得		16020																		0			754137
16004	初级能量精灵	-1	6	1	0			17004	2	1	1	2000	提升植物能量恢复速度，抽取获得	提升植物能量恢复速度，抽取获得		16030																		0			754134
16005	初级恢复精灵	-1	6	1	0			17005	2	1	1	2000	提升植物生命恢复速度，抽取获得	提升植物生命恢复速度，抽取获得		16040																		0			754131
16006	初级攻击精灵	-1	6	1	0			17006	2	1	1	2000	提升植物攻击，抽取获得	提升植物攻击，抽取获得		16050																		0			754130
16007	中级防御精灵	-1	6	1	0			17001	3	1	1	3000	提升植物防御，抽取获得	提升植物防御，抽取获得		16060																		0			754129
16008	中级生命精灵	-1	6	1	0			17002	3	1	1	3000	提升植物生命，抽取获得	提升植物生命，抽取获得		16070																		0			754136
16009	中级速度精灵	-1	6	1	0			17003	3	1	1	3000	提升植物速度，抽取获得	提升植物速度，抽取获得		16080																		0			754137
16010	中级能量精灵	-1	6	1	0			17004	3	1	1	3000	提升植物能量恢复速度，抽取获得	提升植物能量恢复速度，抽取获得		16090																		0			754134
16011	中级恢复精灵	-1	6	1	0			17005	3	1	1	3000	提升植物生命恢复速度，抽取获得	提升植物生命恢复速度，抽取获得		16100																		0			754131
16012	中级攻击精灵	-1	6	1	0			17006	3	1	1	3000	提升植物攻击，抽取获得	提升植物攻击，抽取获得		16110																		0			754130
16013	高级防御精灵	-1	6	1	0			17001	4	1	1	4000	提升植物防御，抽取获得	提升植物防御，抽取获得		16120																		0			754129
16014	高级生命精灵	-1	6	1	0			17002	4	1	1	4000	提升植物生命，抽取获得	提升植物生命，抽取获得		16130																		0			754136
16015	高级速度精灵	-1	6	1	0			17003	4	1	1	4000	提升植物速度，抽取获得	提升植物速度，抽取获得		16140																		0			754137
16016	高级能量精灵	-1	6	1	0			17004	4	1	1	4000	提升植物能量恢复速度，抽取获得	提升植物能量恢复速度，抽取获得		16150																		0			754134
16017	高级恢复精灵	-1	6	1	0			17005	4	1	1	4000	提升植物生命恢复速度，抽取获得	提升植物生命恢复速度，抽取获得		16160																		0			754131
16018	高级攻击精灵	-1	6	1	0			17006	4	1	1	4000	提升植物攻击，抽取获得	提升植物攻击，抽取获得		16170																		0			754130
16019	小小太阳	-1	6	1	0			17019	4	1	1	4000	提高阳光菇产出，抽取获得	提高阳光菇产出，抽取获得		16180																		0			754138
16020	吸金小精灵	-1	6	1	0			17020	4	1	1	4000	提高金盏花产出，抽取获得	提高金盏花产出，抽取获得		16190																		0			754139
16021	玉米卷伙伴	-1	6	1	0			17021	4	1	1	4000	提高体力恢复速度，抽取获得	提高体力恢复速度，抽取获得		16200																		0			754140
16022	升级伙伴	-1	6	1	0			17022	5	1	1	5000	提高关卡植物经验产出，抽取获得	提高关卡植物经验产出，抽取获得		16210																		0			754135
16023	吸金精灵	-1	6	1	0			17020	5	1	1	5000	提高金盏花产出，抽取获得	提高金盏花产出，抽取获得		16220																		0			754139
16024	金杯天使	-1	6	1	0			17024	5	1	1	5000	提高戴夫杯金币产出，抽取获得	提高戴夫杯金币产出，抽取获得		16230																		0			754132
16025	小太阳	-1	6	1	0			17019	5	1	1	5000	提高阳光菇产出，抽取获得	提高阳光菇产出，抽取获得		16240																		0			754138
16026	剧透小鬼	-1	6	1	0			17026	5	1	1	5000	提高普通关卡装备掉率，抽取获得	提高普通关卡装备掉率，抽取获得		16250																		0			754133
16027	杯赛小恶魔	-1	6	1	0			17027	5	1	1	5000	提高戴夫杯植物掉率，抽取获得	提高戴夫杯植物掉率，抽取获得		16260																		0			754128
16028	钻石精灵	-1	6	1	0			17028	5	1	1	5000	击杀僵尸时有概率获得钻石，抽取获得	击杀僵尸时有概率获得钻石，抽取获得		16270																		0			754141
16029	玉米卷精灵	-1	6	1	0			17021	5	1	1	5000	提高体力恢复速度，抽取获得	提高体力恢复速度，抽取获得		16280																		0			754140
16030	超级防御精灵	-1	6	1	0			17001	5	1	1	5000	提升植物防御，抽取获得	提升植物防御，抽取获得		16290																		0			754129
16031	超级生命精灵	-1	6	1	0			17002	5	1	1	5000	提升植物生命，抽取获得	提升植物生命，抽取获得		16300																		0			754136
16032	超级速度精灵	-1	6	1	0			17003	5	1	1	5000	提升植物速度，抽取获得	提升植物速度，抽取获得		16310																		0			754137
16033	超级能量精灵	-1	6	1	0			17004	5	1	1	5000	提升植物能量恢复速度，抽取获得	提升植物能量恢复速度，抽取获得		16320																		0			754134
16034	超级恢复精灵	-1	6	1	0			17005	5	1	1	5000	提升植物生命恢复速度，抽取获得	提升植物生命恢复速度，抽取获得		16330																		0			754131
16035	超级攻击精灵	-1	6	1	0			17006	5	1	1	5000	提升植物攻击，抽取获得	提升植物攻击，抽取获得		16340																		0			754130
16036	新春专属攻击精灵	-1	6	1	0			17007	5	1	1	5000	新春限定双属性精灵，通过新春活动获得	新春限定双属性精灵，通过新春活动获得		16350																		0			754131
16037	新春专属生命精灵	-1	6	1	0			17008	5	1	1	5000	新春限定双属性精灵，通过新春活动获得	新春限定双属性精灵，通过新春活动获得		16360																		0			754130
45001	豌豆拼图	-1	4	0	0			45001	2		999	1000	集齐30个豌豆拼图即可合成植物豌豆射手	集齐30个豌豆拼图即可合成植物豌豆射手		45001	30								1000	1001								0			
45013	白菜拼图	-1	4	0	0			45013	2		999	1000	集齐30个白菜拼图即可合成植物菜本	集齐30个白菜拼图即可合成植物菜本		45013	30								1000	1013								0			
45025	捕蝇草拼图	-1	4	0	0			45025	2		999	1000	集齐30个捕蝇草拼图即可合成植物拍拍草	集齐30个捕蝇草拼图即可合成植物拍拍草		45025	30								1000	1025								0			
45037	向日葵拼图	-1	4	0	0			45037	2		999	1000	集齐30个向日葵拼图即可合成植物向日葵	集齐30个向日葵拼图即可合成植物向日葵		45037	30								1000	1037								0			
45049	玉米拼图	-1	4	0	0			45049	2		999	1000	集齐30个玉米拼图即可合成植物玉米投手	集齐30个玉米拼图即可合成植物玉米投手		45049	30								1000	1049								0			
45061	辣椒拼图	-1	4	0	0			45061	2		999	1000	集齐30个辣椒拼图即可合成植物小辣椒	集齐30个辣椒拼图即可合成植物小辣椒		45061	30								1000	1061								0			
45073	喷菇拼图	-1	4	0	0			45073	2		999	1000	集齐30个喷菇拼图即可合成植物小喷菇	集齐30个喷菇拼图即可合成植物小喷菇		45073	30								1000	1073								0			
45085	榛子拼图	-1	4	0	0			45085	2		999	1000	集齐30个榛子拼图即可合成植物开心果	集齐30个榛子拼图即可合成植物开心果		45085	30								1000	1085								0			
45097	地刺拼图	-1	4	0	0			45097	2		999	1000	集齐30个地刺拼图即可合成植物地刺	集齐30个地刺拼图即可合成植物地刺		45097	30								1000	1097								0			
45109	仙人掌拼图	-1	4	0	0			45109	2		999	1000	集齐30个仙人掌拼图即可合成植物仙人球	集齐30个仙人掌拼图即可合成植物仙人球		45109	30								1000	1109								0			
45121	坚果拼图	-1	4	0	0			45121	2		999	1000	集齐30个坚果拼图即可合成植物坚果	集齐30个坚果拼图即可合成植物坚果		45121	30								1000	1121								0			
45133	樱桃拼图	-1	4	0	0			45133	2		999	1000	集齐30个樱桃拼图即可合成植物樱桃炸弹	集齐30个樱桃拼图即可合成植物樱桃炸弹		45133	30								1000	1133								0			
45145	射手拼图	-1	4	0	0			45145	2		999	1000	集齐30个射手拼图即可合成植物水滴射手	集齐30个射手拼图即可合成植物水滴射手		45145	30								1000	1145								0			
45157	西瓜拼图	-1	4	0	0			45157	2		999	1000	集齐30个西瓜拼图即可合成植物瓜瓣投手	集齐30个西瓜拼图即可合成植物瓜瓣投手		45157	30								1000	1157								0			
45169	萝卜拼图	-1	4	0	0			45169	2		999	1000	集齐30个萝卜拼图即可合成植物萝卜伞	集齐30个萝卜拼图即可合成植物萝卜伞		45169	30								1000	1169								0			
45181	树桩拼图	-1	4	0	0			45181	2		999	1000	集齐30个树桩拼图即可合成植物老树桩	集齐30个树桩拼图即可合成植物老树桩		45181	30								1000	1181								0			
45193	椰子拼图	-1	4	0	0			45193	2		999	1000	集齐30个椰子拼图即可合成植物椰子弹弓	集齐30个椰子拼图即可合成植物椰子弹弓		45193	30								1000	1193								0			
45205	龙草拼图	-1	4	0	0			45205	2		999	1000	集齐30个龙草拼图即可合成植物蜥蜴草	集齐30个龙草拼图即可合成植物蜥蜴草		45205	30								1000	1205								0			
45217	暴躁菇拼图	-1	4	0	0			45217	2		999	1000	集齐30个暴躁菇拼图即可合成植物暴躁菇	集齐30个暴躁菇拼图即可合成植物暴躁菇		45217	30								1000	1217								0			
45229	幸运草拼图	-1	4	0	0			45229	2		999	1000	集齐30个幸运草拼图即可合成植物三叶草	集齐30个幸运草拼图即可合成植物三叶草		45229	30								1000	1229								0			
45241	回旋镖拼图	-1	4	0	0			45241	2		999	1000	集齐30个回旋镖拼图即可合成植物飞盘射手	集齐30个回旋镖拼图即可合成植物飞盘射手		45241	30								1000	1241								0			
45253	狗尾草拼图	-1	4	0	0			45253	2		999	1000	集齐30个狗尾草拼图即可合成植物小狗尾草	集齐30个狗尾草拼图即可合成植物小狗尾草		45253	30								1000	1253								0			
45265	树丛拼图	-1	4	0	0			45265	2		999	1000	集齐30个树丛拼图即可合成植物小树丛	集齐30个树丛拼图即可合成植物小树丛		45265	30								1000	1265								0			
45277	磁力菇拼图	-1	4	0	0			45277	2		999	1000	集齐30个磁力菇拼图即可合成植物磁力菇	集齐30个磁力菇拼图即可合成植物磁力菇		45277	30								1000	1277								0			
45302	芦苇拼图	-1	4	0	0			45302	2		999	1000	集齐30个芦苇拼图即可合成植物闪电芦苇	集齐30个芦苇拼图即可合成植物闪电芦苇		45302	30								1000	1302								0			
45314	雏菊拼图	-1	4	0	0			45314	2		999	1000	集齐30个雏菊拼图即可合成植物小雏菊	集齐30个雏菊拼图即可合成植物小雏菊		45314	30								1000	1314								0			
45326	咖啡豆拼图	-1	4	0	0			45326	2		999	1000	集齐30个咖啡豆拼图即可合成植物咖啡豆	集齐30个咖啡豆拼图即可合成植物咖啡豆		45326	30								1000	1326								0			
45338	魅惑菇拼图	-1	4	0	0			45338	2		999	1000	集齐30个魅惑菇拼图即可合成植物魅惑菇	集齐30个魅惑菇拼图即可合成植物魅惑菇		45338	30								1000	1338								0			
45350	能量豆拼图	-1	4	0	0			45350	2		999	1000	集齐30个能量豆拼图即可合成植物能量豆	集齐30个能量豆拼图即可合成植物能量豆		45350	30								1000	1350								0			
45362	黄桃拼图	-1	4	0	0			45362	2		999	1000	集齐30个黄桃拼图即可合成植物小黄桃	集齐30个黄桃拼图即可合成植物小黄桃		45362	30								1000	1362								0			
45374	金桔拼图	-1	4	0	0			45374	2		999	1000	集齐30个金桔拼图即可合成植物小金桔	集齐30个金桔拼图即可合成植物小金桔		45374	30								1000	1374								0			
45386	路灯花拼图	-1	4	0	0			45386	2		999	1000	集齐30个灯笼草拼图即可合成植物灯笼草	集齐30个灯笼草拼图即可合成植物灯笼草		45386	30								1000	1386								0			
45398	郁金香号手拼图	-1	4	0	0			45398	2		999	1000	集齐30个郁金香拼图即可合成植物郁金香	集齐30个郁金香拼图即可合成植物郁金香		45398	30								1000	1398								0			
45410	针叶爆破手拼图	-1	4	0	0			45410	2		999	1000	集齐30个针叶爆破手拼图即可合成植物针叶爆破手	集齐30个针叶爆破手拼图即可合成植物针叶爆破手		45410	30								1000	1410								0			
45422	魔术菇拼图	-1	4	0	0			45422	2		999	1000	集齐30个魔术菇拼图即可合成植物魔术菇	集齐30个魔术菇拼图即可合成植物魔术菇		45422	30								1000	1422								0			
45434	月光花拼图	-1	4	0	0			45434	2		999	1000	集齐30个月光花拼图即可合成植物月光花	集齐30个月光花拼图即可合成植物月光花		45434	30								1000	1434								0			
45446	旋转菠萝拼图	-1	4	0	0			45446	2		999	1000	集齐30个旋转菠萝拼图即可合成植物旋转菠萝	集齐30个旋转菠萝拼图即可合成植物旋转菠萝		45446	30								1000	1446								0			
45458	苹果掷弹手拼图	-1	4	0	0			45458	2		999	1000	集齐30个苹果掷弹手拼图即可合成植物苹果掷弹手	集齐31个苹果掷弹手拼图即可合成植物苹果掷弹手		45458	30								1000	1458								0			
45470	噬毒花拼图	-1	4	0	0			45470	2		999	1000	集齐30个噬毒花拼图即可合成植物噬毒花	集齐30个噬毒花拼图即可合成植物噬毒花		45470	30								1000	1470								0			
45482	毒舌菇拼图	-1	4	0	0			45482	2		999	1000	集齐30个毒舌菇拼图即可合成植物毒舌菇	集齐30个毒舌菇拼图即可合成植物毒舌菇		45482	30								1000	1482								0			
45494	剑术门徒拼图	-1	4	0	0			45494	2		999	1000	集齐30个剑术门徒拼图即可合成植物玫瑰剑客	集齐30个剑术门徒拼图即可合成植物玫瑰剑客		45494	30								1000	1494								0			
45506	番莲工程师拼图	-1	4	0	0			45506	2		999	1000	集齐30个剑术门徒拼图即可合成植物玫瑰剑客	集齐30个番莲工程师拼图即可合成植物番莲工程师		45506	30								1000	1506								0			
																																					
5000	阳光50(小)	-1	0	4	0			5000	2		999	10	获得50点阳光	获得50点阳光	"18,94,50"																			0			
5001	阳光150(小)	-1	0	4	0			5001	2		999	10	获得150点阳光	获得150点阳光	"18,94,150"																			0			
5002	阳光500(中)	-1	0	4	0			5002	3		999	10	获得500点阳光	获得500点阳光	"18,94,500"																			0			
5003	阳光1500(中)	-1	0	4	0			5003	3		999	10	获得1500点阳光	获得1500点阳光	"18,94,1500"																			0			
5004	阳光5000(大)	-1	0	4	0			5004	4		999	10	获得5000点阳光	获得5000点阳光	"18,94,5000"																			0			
6000	扫荡卡	-1	5	1	0			6000	4		999	100	"拥有此卡,即可享受快速通关的扫荡功能,每次消耗1张。"	拥有此卡，即可享受快速通关的扫荡功能，每次消耗1张。																				0			
90	金币	-1	0	0	0			90	2		999	0	"金币是这个世界中最通用的货币,用途广泛。"	金币是这个世界中最通用的货币，用途广泛。																				0			
91	钻石	-1	0	1	0			91	4		999	0	"钻石是非常稀有的矿物,可以用来进行一些特殊的交易。"	钻石是非常稀有的矿物，可以用来进行一些特殊的交易。																				0			
92	无尽晶体	-1	0	2	0			92	3		999	0	"无尽晶体,可以在无尽商店兑换珍品"	无尽晶体，可以在无尽商店兑换珍品																				0			
93	拉霸币	-1	0	3	0			5004	1		999	10																						0			
94	阳光	-1	0	4	0			94	3		9999	0	阳光是植物们的最爱，想要植物茁壮成长，多收集阳光吧。	阳光是植物们的最爱，想要植物茁壮成长，多收集阳光吧。																				0			
95	杯赛奖牌	-1	0	5	0			95	1		9999	0	奖牌是非常珍贵的资源	奖牌是非常珍贵的资源																				0			
96	爱心点	-1	0	22	0			96	1		999	0	爱心点数																					0			
7001	僵尸钢盔	-1	5	0	0			7001	3		999	10000	橄榄球僵尸的钢盔，还有青草挂在上面，买它的估计也是个僵尸																					0			
7002	埃及法杖	-1	5	0	0			7002	3		999	50000	埃及法老王的手杖，是埃及僵尸必不可少的好装备																					0			
7003	西部持枪证	-1	5	0	0			7003	4		999	100000	持枪必须办理的证件，唯一的好处就是不需要摇号																					0			
7004	海盗藏宝图	-1	5	0	0			7004	4		999	200000	标示着神秘宝藏地点的图纸，虽然看不懂，但是能卖个好价钱																					0			
7005	黄金花盆	-1	5	0	0			7005	4		999	500000	金子做的花盆，别让戴夫看见，很值钱！																					0			
50000	经验	-1	0	6	0			50000	4		999	0	增加经验																					0			
50001	体力	-1	0	7	0			50001	4		999	0	增加体力																					0			
50002	无尽挑战次数	-1	0	8	0			50002	4		999	0	增加无尽挑战次数																					0			
50003	戴夫杯次数	-1	0	9	0			50003	4		999	0	增加戴夫杯的挑战次数																					0			
97	升星拼图	-1	4	0	0			97	4		999	1000	用于1到5星植物升星，可以替代所有植物拼图																					0			
98	高级升星拼图	-1	4	0	0			98	4		999	1000	用于6到14星植物升星，可以替代所有植物拼图																					0			
99	超级升星拼图	-1	4	0	0			99	4		999	1000	用于15到20星植物升星，可以替代所有植物拼图																					0			
100	荣誉点	-1	19	11	0			100	4		999	0	荣誉是非常珍贵的资源，可以在竞技场商店兑换植物碎片或者装扮。	荣誉是非常珍贵的资源，可以在竞技场商店兑换植物碎片或者装扮。																							
101	角色经验	-1	0	12	0			101	4		999	0	用于角色升级																								
102	欢	-1	5	1	0			102	4		999	10	凑齐“欢度国庆”即可进行一次抽奖活动，活动期间每天可以在活动面板随机领取到1个字卡，同时可以在任意关卡掉落。																								
103	度	-1	5	1	0			103	4		999	10	凑齐“欢度国庆”即可进行一次抽奖活动，活动期间每天可以在活动面板随机领取到1个字卡，同时可以在任意关卡掉落。																								
104	国	-1	5	1	0			104	4		999	10	凑齐“欢度国庆”即可进行一次抽奖活动，活动期间每天可以在活动面板随机领取到1个字卡，同时可以在任意关卡掉落。																								
105	庆	-1	5	1	0			105	4		999	10	凑齐“欢度国庆”即可进行一次抽奖活动，活动期间每天可以在活动面板随机领取到1个字卡，同时可以在任意关卡掉落。																								
106	植物进阶礼包	-1	5	0	0			106	5		999	1000	使用后获得植物玉米投手及植物进阶到玉米加农炮需要的装备		"0,49,1;1,12007,2;1,12008,2;1,12009,2;1,12010,1;1,14001,1;1,14002,2;1,14003,2;1,14004,2;1,10004,1;1,10008,1;1,10012,1;1,10016,1;1,10020,1;1,10024,1;1,10028,1;"																						
107	圣诞礼盒	-1	5	2	0			107	5		999	1000	开启后有概率获得植物拼图、扫荡券、阳光、金币等奖励。		1																						
108	勇气点	-1	5	1	1			108	5		999	0	勇气点可用于抽取植物突破天赋或在远征商店中购买物品	勇气点可用于抽取植物突破天赋或在远征商店中购买物品																							
109	天赋精华	-1	5	1	1			109	5		999	0	天赋精华是天赋分解后获得的特殊材料，用来抽取高品质的天赋	天赋精华是天赋分解后获得的特殊材料，用来抽取高品质的天赋																							
114	精灵蛋碎片	-1	5	1	0			114	4		999	10	用于兑换精灵	普通关卡概率产出，用于兑换精灵																							
115	岁末礼包	-1	5	2	0			107	5		999	1000	开启后有概率获得植物拼图、扫荡券、阳光、金币等奖励。		1																					20	
116	幸运礼券	-1	5	1	0			116	5		999	1000	"活动期间任意关卡掉落,可开启幸运转盘!只在2月6日05:00~2月9日04:59有效"																								
117	春节红包	-1	5	2	0			107	5		999	1000	开启后有概率获得植物拼图、扫荡券、阳光、金币等奖励。		1																					20	
118	新春礼券	-1	5	1	0			116	5		999	1000	"活动期间任意关卡掉落,可开启幸运转盘!只在2月22日05:00~2月26日04:59有效"																								
120	汤圆	-1	5	2	0			120	5		999	1000	"元宵汤圆,开启后获得30体力和金盏花拼图*1。"		1																						
121	戴夫冰激凌	-1	5	2	1			121	5		999	1000	"戴夫冰激凌,品尝后获得10体力和高级升星拼图*1。"																								
122	粽子	-1	5	2	0			122	5		999	1000	"端午节粽子,品尝后获得30体力和魅惑菇拼图*1。"																								
123	七夕羽毛	-1	5	2	0			123	5		999	1000	"七夕羽毛,许愿后获得30体力和咖啡豆拼图*1。"																								
124	白露	-1	5	2	0			124	5		999	1000	感恩后获得30体力和芦苇拼图*1。																								
125	南瓜头	-1	5	2	0			125	5		999	1000	万圣节南瓜头，点亮后获得10体力和咖啡豆拼图*1。																								
126	戴夫巧克力	-1	5	2	1			126	5		999	1000	"戴夫巧克力,品尝后获得10体力和随机紫装拼图*1。"																								
128	新春礼包	-1	5	2	0			107	5		999	1000	开启后有概率获得植物拼图、扫荡券、阳光、金币等奖励。		1																						
138	咖啡豆礼盒	-1	5	2	0			107	5		999	1000	开启后有概率获得植物拼图、扫荡券、精灵、金币等奖励。		1																					50	
139	植物红包	-1	5	2	0			107	5		999	1000	开启后有概率获得阳光、拼图、精灵、钻石等奖励。		2																						
151	蜡烛	-1	5	1	1			191	5		999	100	活动期间挑战关卡掉落，用于单独兑换奖励，也可以集齐三个不同道具兑换好礼！		"1,90,40000"																						
152	国庆蛋糕	-1	5	1	1			192	5		999	100	活动期间挑战关卡掉落，用于单独兑换奖励，也可以集齐三个不同道具兑换好礼！		"1,94,20000"																						
153	彩带礼炮	-1	5	1	1			193	5		999	100	活动期间挑战关卡掉落，用于单独兑换奖励，也可以集齐三个不同道具兑换好礼！		"1,200,2"																						
154	广式月饼	-1	5	1	1			184	5		999	100	集齐三个不同道具而得，可以兑换好礼哦！		"1,45362,2"																						
155	圣诞雪花	-1	5	1	1			155	5		999	100	活动期间挑战关卡掉落，用于单独兑换奖励，也可以集齐三个不同道具兑换好礼！		"1,90,40000"																						
156	圣诞礼盒	-1	5	1	1			156	5		999	100	活动期间挑战关卡掉落，用于单独兑换奖励，也可以集齐三个不同道具兑换好礼！		"1,94,20000"																						
157	圣诞树	-1	5	1	1			157	5		999	100	活动期间挑战关卡掉落，用于单独兑换奖励，也可以集齐三个不同道具兑换好礼！		"1,200,2"																						
158	新年贺卡	-1	5	1	1			158	5		999	100	活动期间挑战关卡掉落，用于单独兑换奖励，也可以集齐三个不同道具兑换好礼！		"1,90,40000"																						
159	饺子	-1	5	1	1			159	5		999	100	活动期间挑战关卡掉落，用于单独兑换奖励，也可以集齐三个不同道具兑换好礼！		"1,94,20000"																						
160	爆竹	-1	5	1	1			160	5		999	100	活动期间挑战关卡掉落，用于单独兑换奖励，也可以集齐三个不同道具兑换好礼！		"1,200,2"																					20	
161	幸运礼券	-1	5	1	1			161	5		999	1000	活动期间每日登陆领取，可用来开启歌王转盘！（该道具只在5月21日00:00-5月25日23:59有效）		1																						
162	歌王名牌	-1	5	3	1			162	5		999	1000	"活动期间挑战无尽模式打败歌王僵尸获得,可兑换奖励!只在5月30日5:00~6月4日5:00有效"		8201;8202																					50	
163	荧光棒	-1	5	3	1			163	5		999	1000	"活动期间挑战关卡掉落,可兑换雨神礼包!只在5月30日5:00~6月4日5:00有效"		8203																					50	
164	春日礼包	-1	5	2	1			106	5		999	1000	开启后有概率获得植物拼图、扫荡券、阳光、金币等奖励。	开启后有概率获得植物拼图、扫荡券、阳光、金币等奖励。	4																					20	
169	幸运礼券	-1	5	1	1			169	5		999	1000	活动期间在“登陆赠礼”中领取，可用来开启冰雪转盘！		1																					1	
170	节日气球	-1	5	1	1			170	5		999	1000	收集节日气球即可去国庆转盘抽奖哦	收集节日气球即可去国庆转盘抽奖哦	1																					1	
171	圣诞雪球	-1	5	1	1			171	5		999	1000	收集圣诞雪球即可在圣诞转盘抽奖哦	收集圣诞雪球即可在圣诞转盘抽奖哦	1																					1	
172	新春福袋	-1	5	1	1			107	5		999	1000	购买新春福袋抽取植物	购买新春福袋抽取植物	1																					1	
173	春节红包	-1	5	1	1			173	5		999	1000	收集春节红包即可在圣诞转盘抽奖哦	收集春节红包即可在圣诞转盘抽奖哦	1																						
200	阳光兑换券	-1	5	1	0			200	3		999	999	阳光兑换券用于抽卡，可抽取到植物整卡、植物拼图																								
201	天赋经验	-1	5	1	1			201	2		9999	0	天赋经验是天赋升级的基本材料，使用勇气点在远征商店兑换	天赋经验是天赋升级的基本材料，使用勇气点在远征商店兑换																				0			
202	低级天赋石	-1	5	1	1			202	1		999	0	天赋0至2级升级时使用	天赋0至2级升级时使用																				0			
203	中级天赋石	-1	5	1	1			203	3		999	0	植物天赋2至4级升级时使用	植物天赋2至4级升级时使用																				0			
204	高级天赋石	-1	5	1	1			204	5		999	0	植物天赋4至5级升级时使用	植物天赋4至5级升级时使用																				0			
60001	豌豆一号浓缩激素	-1	5	1	0			60001	5		999	1000	豌豆1阶觉醒的关键道具之一，只在任务指定传送带关卡掉落药剂																								
60002	白菜一号浓缩激素	-1	5	1	0			60001	5		999	1000	白菜1阶觉醒的关键道具之一，只在任务指定传送带关卡掉落药剂																								
60003	捕蝇草一号浓缩激素	-1	5	1	0			60001	5		999	1000	捕蝇草1阶觉醒的关键道具之一，只在任务指定传送带关卡掉落药剂																								
60004	向日葵一号浓缩激素	-1	5	1	0			60001	5		999	1000	向日葵1阶觉醒的关键道具之一，只在任务指定传送带关卡掉落药剂																								
60005	玉米一号浓缩激素	-1	5	1	0			60001	5		999	1000	玉米1阶觉醒的关键道具之一，只在任务指定传送带关卡掉落药剂																								
60006	辣椒一号浓缩激素	-1	5	1	0			60001	5		999	1000	辣椒1阶觉醒的关键道具之一，只在任务指定传送带关卡掉落药剂																								
60007	喷菇一号浓缩激素	-1	5	1	0			60001	5		999	1000	喷菇1阶觉醒的关键道具之一，只在任务指定传送带关卡掉落药剂																								
60008	榛子一号浓缩激素	-1	5	1	0			60001	5		999	1000	榛子1阶觉醒的关键道具之一，只在任务指定传送带关卡掉落药剂																								
60009	地刺一号浓缩激素	-1	5	1	0			60001	5		999	1000	地刺1阶觉醒的关键道具之一，只在任务指定传送带关卡掉落药剂																								
60010	仙人掌一号浓缩激素	-1	5	1	0			60001	5		999	1000	仙人掌1阶觉醒的关键道具之一，只在任务指定传送带关卡掉落药剂																								
60011	坚果一号浓缩激素	-1	5	1	0			60001	5		999	1000	坚果1阶觉醒的关键道具之一，只在任务指定传送带关卡掉落的药剂																								
60012	樱桃一号浓缩激素	-1	5	1	0			60001	5		999	1000	樱桃1阶觉醒的关键道具之一，只在任务指定传送带关卡掉落药剂																								
60013	射手一号浓缩激素	-1	5	1	0			60001	5		999	1000	射手1阶觉醒的关键道具之一，只在任务指定传送带关卡掉落药剂																								
60014	西瓜一号浓缩激素	-1	5	1	0			60001	5		999	1000	西瓜1阶觉醒的关键道具之一，只在任务指定传送带关卡掉落药剂																								
60015	萝卜一号浓缩激素	-1	5	1	0			60001	5		999	1000	萝卜1阶觉醒的关键道具之一，只在任务指定传送带关卡掉落药剂																								
60016	树桩一号浓缩激素	-1	5	1	0			60001	5		999	1000	树桩1阶觉醒的关键道具之一，只在任务指定传送带关卡掉落药剂																								
60017	椰子一号浓缩激素	-1	5	1	0			60001	5		999	1000	椰子1阶觉醒的关键道具之一，只在任务指定传送带关卡掉落药剂																								
60018	龙草一号浓缩激素	-1	5	1	0			60001	5		999	1000	龙草1阶觉醒的关键道具之一，只在任务指定传送带关卡掉落药剂																								
60019	黑蘑菇一号浓缩激素	-1	5	1	0			60001	5		999	1000	黑蘑菇1阶觉醒的关键道具之一，只在任务指定传送带关卡掉落药剂																								
60020	幸运草一号浓缩激素	-1	5	1	0			60001	5		999	1000	幸运草1阶觉醒的关键道具之一，只在任务指定传送带关卡掉落药剂																								
60021	回旋镖一号浓缩激素	-1	5	1	0			60001	5		999	1000	回旋镖1阶觉醒的关键道具之一，只在任务指定传送带关卡掉落药剂																								
60022	狗尾草一号浓缩激素	-1	5	1	0			60001	5		999	1000	狗尾草1阶觉醒的关键道具之一，只在任务指定传送带关卡掉落药剂																								
60101	豌豆二号浓缩激素	-1	5	1	0			60101	5		999	1000	豌豆2阶觉醒的关键道具之一，只在任务指定传送带关卡掉落药剂																								
60102	白菜二号浓缩激素	-1	5	1	0			60101	5		999	1000	白菜2阶觉醒的关键道具之一，只在任务指定传送带关卡掉落药剂																								
60103	捕蝇草二号浓缩激素	-1	5	1	0			60101	5		999	1000	捕蝇草2阶觉醒的关键道具之一，只在任务指定传送带关卡掉落药剂																								
60104	向日葵二号浓缩激素	-1	5	1	0			60101	5		999	1000	向日葵2阶觉醒的关键道具之一，只在任务指定传送带关卡掉落药剂																								
60105	玉米二号浓缩激素	-1	5	1	0			60101	5		999	1000	玉米2阶觉醒的关键道具之一，只在任务指定传送带关卡掉落药剂																								
60106	辣椒二号浓缩激素	-1	5	1	0			60101	5		999	1000	辣椒2阶觉醒的关键道具之一，只在任务指定传送带关卡掉落药剂																								
60107	喷菇二号浓缩激素	-1	5	1	0			60101	5		999	1000	喷菇2阶觉醒的关键道具之一，只在任务指定传送带关卡掉落药剂																								
60108	榛子二号浓缩激素	-1	5	1	0			60101	5		999	1000	榛子2阶觉醒的关键道具之一，只在任务指定传送带关卡掉落药剂																								
60109	地刺二号浓缩激素	-1	5	1	0			60101	5		999	1000	地刺2阶觉醒的关键道具之一，只在任务指定传送带关卡掉落药剂																								
60110	仙人掌二号浓缩激素	-1	5	1	0			60101	5		999	1000	仙人掌2阶觉醒的关键道具之一，只在任务指定传送带关卡掉落药剂																								
60111	坚果二号浓缩激素	-1	5	1	0			60101	5		999	1000	坚果2阶觉醒的关键道具之一，只在任务指定传送带关卡掉落的药剂																								
60112	樱桃二号浓缩激素	-1	5	1	0			60101	5		999	1000	樱桃2阶觉醒的关键道具之一，只在任务指定传送带关卡掉落药剂																								
60113	射手二号浓缩激素	-1	5	1	0			60101	5		999	1000	射手2阶觉醒的关键道具之一，只在任务指定传送带关卡掉落药剂																								
60114	西瓜二号浓缩激素	-1	5	1	0			60101	5		999	1000	西瓜2阶觉醒的关键道具之一，只在任务指定传送带关卡掉落药剂																								
60115	萝卜二号浓缩激素	-1	5	1	0			60101	5		999	1000	萝卜2阶觉醒的关键道具之一，只在任务指定传送带关卡掉落药剂																								
60116	树桩二号浓缩激素	-1	5	1	0			60101	5		999	1000	树桩2阶觉醒的关键道具之一，只在任务指定传送带关卡掉落药剂																								
60117	椰子二号浓缩激素	-1	5	1	0			60101	5		999	1000	椰子2阶觉醒的关键道具之一，只在任务指定传送带关卡掉落药剂																								
60118	龙草二号浓缩激素	-1	5	1	0			60101	5		999	1000	龙草2阶觉醒的关键道具之一，只在任务指定传送带关卡掉落药剂																								
60119	黑蘑菇二号浓缩激素	-1	5	1	0			60101	5		999	1000	黑蘑菇2阶觉醒的关键道具之一，只在任务指定传送带关卡掉落药剂																								
60120	幸运草二号浓缩激素	-1	5	1	0			60101	5		999	1000	幸运草2阶觉醒的关键道具之一，只在任务指定传送带关卡掉落药剂																								
60121	回旋镖二号浓缩激素	-1	5	1	0			60101	5		999	1000	回旋镖2阶觉醒的关键道具之一，只在任务指定传送带关卡掉落药剂																								
60122	狗尾草二号浓缩激素	-1	5	1	0			60101	5		999	1000	狗尾草2阶觉醒的关键道具之一，只在任务指定传送带关卡掉落药剂																								
60201	植物培养液	-1	5	1	0			60201	5		999	1000	觉醒的关键道具之一，可以通过每日任务【日积月累】获取																								
60202	初级催化剂	-1	5	1	0			60202	5		999	1000	1阶觉醒使用，提升觉醒成功率的药剂		20																						
60203	高级催化剂	-1	5	1	0			60202	5		999	1000	2阶觉醒使用，提升2阶觉醒成功率的药剂		200																						
60204	觉醒药剂	-1	5	1	0			60202	5		9999	100	觉醒植物的必备道具，可以通过【极限挑战】活动获取																								
60023	芦苇一号浓缩激素	-1	5	1	0			60001	5		999	1000	芦苇1阶觉醒的关键道具之一，只在任务指定传送带关卡掉落药剂																								
60123	芦苇二号浓缩激素	-1	5	1	0			60101	5		999	1000	芦苇2阶觉醒的关键道具之一，只在任务指定传送带关卡掉落药剂																								
60024	小树丛一号浓缩激素	-1	5	1	0			60001	5		999	1000	小树丛1阶觉醒的关键道具之一，只在任务指定传送带关卡掉落药剂																								
60124	小树丛二号浓缩激素	-1	5	1	0			60101	5		999	1000	小树丛2阶觉醒的关键道具之一，只在任务指定传送带关卡掉落药剂																								
60025	磁力菇一号浓缩激素	-1	5	1	0			60001	5		999	1000	磁力菇1阶觉醒的关键道具之一，只在任务指定传送带关卡掉落药剂																								
60125	磁力菇二号浓缩激素	-1	5	1	0			60101	5		999	1000	磁力菇2阶觉醒的关键道具之一，只在任务指定传送带关卡掉落药剂																								
60026	雏菊一号浓缩激素	-1	5	1	0			60001	5		999	1000	金盏花1阶觉醒的关键道具之一，只在任务指定传送带关卡掉落药剂																								
60126	雏菊二号浓缩激素	-1	5	1	0			60101	5		999	1000	金盏花2阶觉醒的关键道具之一，只在任务指定传送带关卡掉落药剂																								
60027	咖啡豆一号浓缩激素	-1	5	1	0			60001	5		999	1000	咖啡豆1阶觉醒的关键道具之一，只在任务指定传送带关卡掉落药剂																								
60127	咖啡豆二号浓缩激素	-1	5	1	0			60101	5		999	1000	咖啡豆2阶觉醒的关键道具之一，只在任务指定传送带关卡掉落药剂																								
60028	魅惑菇一号浓缩激素	-1	5	1	0			60001	5		999	1000	魅惑菇1阶觉醒的关键道具之一，只在任务指定传送带关卡掉落药剂																								
60128	魅惑菇二号浓缩激素	-1	5	1	0			60101	5		999	1000	魅惑菇2阶觉醒的关键道具之一，只在任务指定传送带关卡掉落药剂																								
60029	能量豆一号浓缩激素	-1	5	1	0			60001	5		999	1000	能量豆1阶觉醒的关键道具之一，只在任务指定传送带关卡掉落药剂																								
60129	能量豆二号浓缩激素	-1	5	1	0			60101	5		999	1000	能量豆2阶觉醒的关键道具之一，只在任务指定传送带关卡掉落药剂																								
60030	脉冲黄桃一号浓缩激素	-1	5	1	0			60001	5		999	1000	脉冲黄桃1阶觉醒的关键道具之一，只在任务指定传送带关卡掉落药剂																								
60130	脉冲黄桃二号浓缩激素	-1	5	1	0			60101	5		999	1000	脉冲黄桃2阶觉醒的关键道具之一，只在任务指定传送带关卡掉落药剂																								
60031	充能柚子一号浓缩激素	-1	5	1	0			60001	5		999	1000	充能柚子1阶觉醒的关键道具之一，只在任务指定传送带关卡掉落药剂																								
60131	充能柚子二号浓缩激素	-1	5	1	0			60101	5		999	1000	充能柚子2阶觉醒的关键道具之一，只在任务指定传送带关卡掉落药剂																								
60032	路灯花一号浓缩激素	-1	5	1	0			60001	5		999	1000	路灯花1阶觉醒的关键道具之一，只在任务指定传送带关卡掉落药剂																								
60132	路灯花二号浓缩激素	-1	5	1	0			60101	5		999	1000	路灯花2阶觉醒的关键道具之一，只在任务指定传送带关卡掉落药剂																								
																																					
22001	苔藓弹弓	-1	1	1	0			12002	2	1	1	100	攻击+20	"苔藓做成的弹弓,增加少量攻击"														20									
22002	苔藓护甲	-1	1	2	0			15001	2	1	1	100	防御+15	"苔藓做成的护甲,增加少量防御"															15								
22003	苔藓披风	-1	1	3	0			16001	2	1	1	100	生命+80	"苔藓做成的披风,增加少量生命"													80										
23001	硬木弹弓	1	1	1	0			12003	3	1	1	1000	攻击+62，暴击+28	"硬木做成的弹弓,增加中量攻击和暴击(硬木套:攻击型套装）"		33001	10								5000			62				28					
23002	硬木护甲	1	1	2	0			15003	3	1	1	1000	防御+42，暴击+28	"硬木做成的护甲,增加中量防御和暴击(硬木套:攻击型套装）"		33002	10								5000				42			28					
23003	硬木披风	1	1	3	0			16002	3	1	1	1000	生命+240，暴击+28	"硬木做成的披风,增加中量生命和暴击(硬木套:攻击型套装）"		33003	10								5000		240					28					
23004	野草重锤	2	1	1	0			12016	3	1	1	1000	攻击+62，闪避+47	"野草做成的重锤,增加中量攻击和闪避(野草套:防御型套装）"		33004	10								5000			62			47						
23005	野草护甲	2	1	2	0			14002	3	1	1	1000	防御+42，韧性+28	"野草做成的护甲,增加中量防御和韧性(野草套:防御型套装）"		33005	10								5000				42				28				
23006	野草披风	2	1	3	0			15002	3	1	1	1000	生命+240，闪避+47	"野草做成的披风,增加中量生命和闪避(野草套:防御型套装）"		33006	10								5000		240				47						
24001	铁木弹弓	3	1	1	0			12005	4	1	1	5000	攻击+102，暴击+47	"铁木做成的弹弓,增加大量攻击和暴击(铁木套:攻击型套装）"		34001	40								50000			102				47					
24002	铁木护甲	3	1	2	0			14003	4	1	1	5000	防御+70，暴击+47	"铁木做成的护甲,增加大量攻击和暴击(铁木套:攻击型套装）"		34002	40								50000				70			47					
24003	铁木披风	3	1	3	0			16006	4	1	1	5000	生命+397，暴击+47	"铁木做成的披风,增加大量攻击和暴击(铁木套:攻击型套装）"		34003	40								50000		397					47					
24004	古树重锤	4	1	1	0			12017	4	1	1	5000	攻击+102，闪避+79	"古树做成的重锤,增加大量攻击和闪避(古树套:防御型套装）"		34004	40								50000			102			79						
24005	古树护甲	4	1	2	0			14004	4	1	1	5000	防御+70，韧性+47	"古树做成的护甲,增加大量攻击和韧性(古树套:防御型套装）"		34005	40								50000				70				47				
24006	古树披风	4	1	3	0			16005	4	1	1	5000	生命+397，闪避+79	"古树做成的披风,增加大量攻击和闪避(古树套:防御型套装）"		34006	40								50000		397				79						
24007	琥珀法杖	5	1	1	0			12022	4	1	1	5000	攻击+102，命中+79	"琥珀做成的法杖,增加大量攻击和命中(琥珀套:辅助型套装）"		34007	40								50000			102		79							
24008	琥珀护甲	5	1	2	0			14001	4	1	1	5000	防御+70，闪避+79	"琥珀做成的护甲,增加大量攻击和闪避(琥珀套:辅助型套装）"		34008	40								50000				70		79						
24009	琥珀披风	5	1	3	0			15006	4	1	1	5000	生命+397，命中+79	"琥珀做成的披风,增加大量攻击和命中(琥珀套:辅助型套装）"		34009	40								50000		397			79							
25001	钢铁弹弓	6	1	1	0			12006	5	1	1	10000	攻击+142，暴击+75	"钢铁做成的弹弓,增加大量攻击和暴击(钢铁套:攻击型套装）"		35001	100								500000			142				75					
25002	钢铁护甲	6	1	2	0			14006	5	1	1	10000	防御+98，暴击+75	"钢铁做成的护甲,增加大量攻击和暴击(钢铁套:攻击型套装）"		35002	100								500000				98			75					
25003	钢铁披风	6	1	3	0			16003	5	1	1	10000	生命+557，暴击+75	"钢铁做成的披风,增加大量攻击和暴击(钢铁套:攻击型套装）"		35003	100								500000		557					75					
25004	黄金重锤	7	1	1	0			12015	5	1	1	10000	攻击+142，闪避+126	"黄金做成的重锤,增加大量攻击和闪避(黄金套:防御型套装）"		35004	100								500000			142			126						
25005	黄金护甲	7	1	2	0			14007	5	1	1	10000	防御+98，韧性+75	"黄金做成的护甲,增加大量攻击和韧性(黄金套:防御型套装）"		35005	100								500000				98				75				
25006	黄金披风	7	1	3	0			16007	5	1	1	10000	生命+557，闪避+126	"黄金做成的披风,增加大量攻击和闪避(黄金套:防御型套装）"		35006	100								500000		557				126						
25007	紫晶法杖	8	1	1	0			12024	5	1	1	10000	攻击+142，命中+126	"紫晶做成的法杖,增加大量攻击和命中(紫晶套:辅助型套装）"		35007	100								500000			142		126							
25008	紫晶护甲	8	1	2	0			14005	5	1	1	10000	防御+98，闪避+126	"紫晶做成的护甲,增加大量攻击和闪避(紫晶套:辅助型套装）"		35008	100								500000				98		126						
25009	紫晶披风	8	1	3	0			15007	5	1	1	10000	生命+557，命中+126	"紫晶做成的披风,增加大量攻击和命中(紫晶套:辅助型套装）"		35009	100								500000		557			126							
25010	精钢弹弓	9	1	1	0			14201	6	1	1	15000	攻击+182，暴击+120	"精钢做成的弹弓,增加大量攻击和暴击(精钢套:攻击型套装）"		35010	150								800000			182				120					
25011	精钢护甲	9	1	2	0			14401	6	1	1	15000	防御+126，暴击+120	"精钢做成的护甲,增加大量攻击和暴击(精钢套:攻击型套装）"		35011	150								800000				126			120					
25012	精钢披风	9	1	3	0			14601	6	1	1	15000	生命+617，暴击+120	"精钢做成的披风,增加大量攻击和暴击(精钢套:攻击型套装）"		35012	150								800000		617					120					
25013	钻石重锤	10	1	1	0			14202	6	1	1	15000	攻击+182，闪避+202	"钻石做成的重锤,增加大量攻击和闪避(钻石套:防御型套装）"		35013	150								800000			182			202						
25014	钻石护甲	10	1	2	0			14402	6	1	1	15000	防御+126，韧性+120	"钻石做成的护甲,增加大量攻击和韧性(钻石套:防御型套装）"		35014	150								800000				126				120				
25015	钻石披风	10	1	3	0			14602	6	1	1	15000	生命+617，闪避+202	"钻石做成的披风,增加大量攻击和闪避(钻石套:防御型套装）"		35015	150								800000		617				202						
25016	海蓝法杖	11	1	1	0			14203	6	1	1	15000	攻击+182，命中+202	"海蓝宝石做成的法杖,增加大量攻击和命中(海蓝套:辅助型套装）"		35016	150								800000			182		202							
25017	海蓝护甲	11	1	2	0			14403	6	1	1	15000	防御+126，闪避+202	"海蓝宝石做成的护甲,增加大量攻击和闪避(海蓝套:辅助型套装）"		35017	150								800000				126		202						
25018	海蓝披风	11	1	3	0			14603	6	1	1	15000	生命+617，命中+202	"海蓝宝石做成的披风,增加大量攻击和命中(海蓝套:辅助型套装）"		35018	150								800000		617			202							
																																					
25019	寒冰弹弓	12	1	1	0			15101	6	1	1	15000	攻击+207，暴击+156	"寒冰做成的弹弓,增加大量攻击和暴击(寒冰套:攻击型套装）"		35019	150								800000			207				156					
25020	寒冰护甲	12	1	2	0			15102	6	1	1	15000	防御+144，暴击+156	"寒冰做成的护甲,增加大量攻击和暴击(寒冰套:攻击型套装）"		35020	150								800000				144			156					
25021	寒冰披风	12	1	3	0			15103	6	1	1	15000	生命+648，暴击+156	"寒冰做成的披风,增加大量攻击和暴击(寒冰套:攻击型套装）"		35021	150								800000		648					156					
25022	黑曜重锤	13	1	1	0			15201	6	1	1	15000	攻击+207，闪避+262	"黑曜石做成的重锤,增加大量攻击和闪避(黑曜套:防御型套装）"		35022	150								800000			207			262						
25023	黑曜护甲	13	1	2	0			15202	6	1	1	15000	防御+144，韧性+156	"黑曜石做成的护甲,增加大量攻击和韧性(黑曜套:防御型套装）"		35023	150								800000				144				156				
25024	黑曜披风	13	1	3	0			15203	6	1	1	15000	生命+648，闪避+262	"黑曜石做成的披风,增加大量攻击和闪避(黑曜套:防御型套装）"		35024	150								800000		648				262						
																																					
																																					
33001	硬木弹弓(碎片)	1	1	0	1			12003	3	1	999	100	集齐10个碎片可合成硬木弹弓(硬木套:攻击型)	集齐10个碎片可合成硬木弹弓(硬木套:攻击型套装）				23001																			
33002	硬木护甲(碎片)	1	1	0	2			14003	3	1	999	100	集齐10个碎片可合成硬木护甲(硬木套:攻击型)	集齐10个碎片可合成硬木护甲(硬木套:攻击型套装）				23002																			
33003	硬木披风(碎片)	1	1	0	3			15003	3	1	999	100	集齐10个碎片可合成硬木披风(硬木套:攻击型)	集齐10个碎片可合成硬木披风(硬木套:攻击型套装）				23003																			
33004	野草重锤(碎片)	2	1	0	1			12013	3	1	999	100	集齐10个碎片可合成野草重锤(野草套:防御型)	集齐10个碎片可合成野草重锤(野草套:防御型套装）				23004																			
33005	野草护甲(碎片)	2	1	0	2			14002	3	1	999	100	集齐10个碎片可合成野草护甲(野草套:防御型)	集齐10个碎片可合成野草护甲(野草套:防御型套装）				23005																			
33006	野草披风(碎片)	2	1	0	3			15002	3	1	999	100	集齐10个碎片可合成野草披风(野草套:防御型)	集齐10个碎片可合成野草披风(野草套:防御型套装）				23006																			
34001	铁木弹弓(碎片)	3	1	0	1			12005	4	1	999	100	集齐40个碎片可合成铁木弹弓(铁木套:攻击型)	集齐40个碎片可合成铁木弹弓(铁木套:攻击型套装）				24001																			
34002	铁木护甲(碎片)	3	1	0	2			14006	4	1	999	100	集齐40个碎片可合成铁木护甲(铁木套:攻击型)	集齐40个碎片可合成铁木护甲(铁木套:攻击型套装）				24002																			
34003	铁木披风(碎片)	3	1	0	3			16006	4	1	999	100	集齐40个碎片可合成铁木披风(铁木套:攻击型)	集齐40个碎片可合成铁木披风(铁木套:攻击型套装）				24003																			
34004	古树重锤(碎片)	4	1	0	1			12018	4	1	999	100	集齐40个碎片可合成古树重锤(古树套:防御型)	集齐40个碎片可合成古树重锤(古树套:防御型套装）				24004																			
34005	古树护甲(碎片)	4	1	0	2			14003	4	1	999	100	集齐40个碎片可合成古树护甲(古树套:防御型)	集齐40个碎片可合成古树护甲(古树套:防御型套装）				24005																			
34006	古树披风(碎片)	4	1	0	3			16003	4	1	999	100	集齐40个碎片可合成古树披风(古树套:防御型)	集齐40个碎片可合成古树披风(古树套:防御型套装）				24006																			
34007	琥珀法杖(碎片)	5	1	0	1			12022	4	1	999	100	集齐40个碎片可合成琥珀法杖(琥珀套:辅助型)	集齐40个碎片可合成琥珀法杖(琥珀套:辅助型套装）				24007																			
34008	琥珀护甲(碎片)	5	1	0	2			14005	4	1	999	100	集齐40个碎片可合成琥珀护甲(琥珀套:辅助型)	集齐40个碎片可合成琥珀护甲(琥珀套:辅助型套装）				24008																			
34009	琥珀披风(碎片)	5	1	0	3			16005	4	1	999	100	集齐40个碎片可合成琥珀披风(琥珀套:辅助型)	集齐40个碎片可合成琥珀披风(琥珀套:辅助型套装）				24009																			
35001	钢铁弹弓(碎片)	6	1	0	1			12006	5	1	999	200	集齐100个碎片可合成钢铁弹弓(钢铁套:攻击型)	集齐100个碎片可合成钢铁弹弓(钢铁套:攻击型套装)				25001																			
35002	钢铁护甲(碎片)	6	1	0	2			14006	5	1	999	200	集齐100个碎片可合成钢铁护甲(钢铁套:攻击型)	集齐100个碎片可合成钢铁护甲(钢铁套:攻击型套装)				25002																			
35003	钢铁披风(碎片)	6	1	0	3			16003	5	1	999	200	集齐100个碎片可合成钢铁披风(钢铁套:攻击型)	集齐100个碎片可合成钢铁披风(钢铁套:攻击型套装)				25003																			
35004	黄金重锤(碎片)	7	1	0	1			12015	5	1	999	200	集齐100个碎片可合成黄金重锤(黄金套:防御型)	集齐100个碎片可合成黄金重锤(黄金套:防御型套装)				25004																			
35005	黄金护甲(碎片)	7	1	0	2			14007	5	1	999	200	集齐100个碎片可合成黄金护甲(黄金套:防御型)	集齐100个碎片可合成黄金护甲(黄金套:防御型套装)				25005																			
35006	黄金披风(碎片)	7	1	0	3			16007	5	1	999	200	集齐100个碎片可合成黄金披风(黄金套:防御型)	集齐100个碎片可合成黄金披风(黄金套:防御型套装)				25006																			
35007	紫晶法杖(碎片)	8	1	0	1			12024	5	1	999	200	集齐100个碎片可合成紫晶法杖(紫晶套:辅助型)	集齐100个碎片可合成紫晶法杖(紫晶套:辅助型套装)				25007																			
35008	紫晶护甲(碎片)	8	1	0	2			14005	5	1	999	200	集齐100个碎片可合成紫晶护甲(紫晶套:辅助型)	集齐100个碎片可合成紫晶护甲(紫晶套:辅助型套装)				25008																			
35009	紫晶披风(碎片)	8	1	0	3			15007	5	1	999	200	集齐100个碎片可合成紫晶披风(紫晶套:辅助型)	集齐100个碎片可合成紫晶披风(紫晶套:辅助型套装)				25009																			
35010	精钢弹弓(碎片)	9	1	0	1			14201	6	1	999	300	集齐150个碎片可合成精钢弹弓(精钢套:攻击型)	集齐150个碎片可合成精钢弹弓(精钢套:攻击型)				25010																			
35011	精钢护甲(碎片)	9	1	0	2			14401	6	1	999	300	集齐150个碎片可合成精钢护甲(精钢套:攻击型)	集齐150个碎片可合成精钢护甲(精钢套:攻击型)				25011																			
35012	精钢披风(碎片)	9	1	0	3			14601	6	1	999	300	集齐150个碎片可合成精钢披风(精钢套:攻击型)	集齐150个碎片可合成精钢披风(精钢套:攻击型)				25012																			
35013	钻石重锤(碎片)	10	1	0	1			14202	6	1	999	300	集齐150个碎片可合成钻石重锤(钻石套:防御型)	集齐150个碎片可合成钻石重锤(钻石套:防御型)				25013																			
35014	钻石护甲(碎片)	10	1	0	2			14402	6	1	999	300	集齐150个碎片可合成钻石护甲(钻石套:防御型)	集齐150个碎片可合成钻石护甲(钻石套:防御型)				25014																			
35015	钻石披风(碎片)	10	1	0	3			14602	6	1	999	300	集齐150个碎片可合成钻石披风(钻石套:防御型)	集齐150个碎片可合成钻石披风(钻石套:防御型)				25015																			
35016	海蓝法杖(碎片)	11	1	0	1			14203	6	1	999	300	集齐150个碎片可合成海蓝法杖(海蓝套:辅助型)	集齐150个碎片可合成海蓝法杖(海蓝套:辅助型)				25016																			
35017	海蓝护甲(碎片)	11	1	0	2			14403	6	1	999	300	集齐150个碎片可合成海蓝护甲(海蓝套:辅助型)	集齐150个碎片可合成海蓝护甲(海蓝套:辅助型)				25017																			
35018	海蓝披风(碎片)	11	1	0	3			14603	6	1	999	300	集齐150个碎片可合成海蓝披风(海蓝套:辅助型)	集齐150个碎片可合成海蓝披风(海蓝套:辅助型)				25018																			
																																					
35019	寒冰弹弓(碎片)	12	1	0	1			15101	6	1	999	300	集齐150个碎片可合成寒冰弹弓(寒冰套:攻击型)	集齐150个碎片可合成寒冰弹弓(寒冰套:攻击型)				25019																			
35020	寒冰护甲(碎片)	12	1	0	2			15102	6	1	999	300	集齐150个碎片可合成寒冰护甲(寒冰套:攻击型)	集齐150个碎片可合成寒冰护甲(寒冰套:攻击型)				25020																			
35021	寒冰披风(碎片)	12	1	0	3			15103	6	1	999	300	集齐150个碎片可合成寒冰披风(寒冰套:攻击型)	集齐150个碎片可合成寒冰披风(寒冰套:攻击型)				25021																			
35022	黑曜重锤(碎片)	13	1	0	1			15201	6	1	999	300	集齐150个碎片可合成黑曜重锤(黑曜套:防御型)	集齐150个碎片可合成黑曜重锤(黑曜套:防御型)				25022																			
35023	黑曜护甲(碎片)	13	1	0	2			15202	6	1	999	300	集齐150个碎片可合成黑曜护甲(黑曜套:防御型)	集齐150个碎片可合成黑曜护甲(黑曜套:防御型)				25023																			
35024	黑曜披风(碎片)	13	1	0	3			15203	6	1	999	300	集齐150个碎片可合成黑曜披风(黑曜套:防御型)	集齐150个碎片可合成黑曜披风(黑曜套:防御型)				25024																			
																																					
70001	灯塔系专属天赋礼包	-1	5	0	0			70001	5		999	1000	打开后获得灯塔系植物专属天赋。	打开后获得灯塔系植物专属天赋。	"26,67,1"																						
70002	椰子系专属天赋礼包	-1	5	0	0			70002	5		999	1000	打开后获得椰子系植物专属天赋。	打开后获得椰子系植物专属天赋。	"26,66,1"																						
70003	幸运草系专属天赋礼包	-1	5	0	0			70003	5		999	1000	打开后获得幸运草系植物专属天赋。	打开后获得幸运草系植物专属天赋。	"26,68,1"																						
70004	火焰系专属天赋礼包	-1	5	0	0			70004	5		999	1000	打开后获得火焰系植物专属天赋。	打开后获得火焰系植物专属天赋。	"26,69,1"																						
70005	音乐系专属天赋礼包	-1	5	0	0			70005	5		999	1000	打开后获得音乐系植物专属天赋。	打开后获得音乐系植物专属天赋。	"26,70,1"																						
70006	尾草系专属天赋礼包	-1	5	0	0			70006	5		999	1000	打开后获得尾草系植物专属天赋。	打开后获得尾草系植物专属天赋。	"26,71,1"																						
70007	树桩系专属天赋礼包	-1	5	0	0			70007	5		999	1000	打开后获得树桩系植物专属天赋。	打开后获得树桩系植物专属天赋。	"26,72,1"																						
70008	魔术系专属天赋礼包	-1	5	0	0			70008	5		999	1000	打开后获得魔术系植物专属天赋。	打开后获得魔术系植物专属天赋。	"26,73,1"																						
70009	能量系专属天赋礼包	-1	5	0	0			70009	5		999	1000	打开后获得能量系植物专属天赋。	打开后获得能量系植物专属天赋。	"26,74,1"																						
70010	柚子系专属天赋礼包	-1	5	0	0			70010	5		999	1000	打开后获得柚子系植物专属天赋。	打开后获得柚子系植物专属天赋。	"26,75,1"																						
