怪物场景ID	波数	第1波ID	第2波ID	第3波ID	第4波ID	第5波ID	第6波ID	第7波ID	第8波ID	第9波ID	第10波ID	第1波提示（wave_tips传入）	第2波提示（wave_tips传入）	第3波提示（wave_tips传入）	第4波提示（wave_tips传入）	第5波提示（wave_tips传入）	第6波提示（wave_tips传入）	第7波提示（wave_tips传入）	第8波提示（wave_tips传入）	第9波提示（wave_tips传入）	第10波提示（wave_tips传入）	废	元素试炼用，标示元素类别
INT	INT	INT	INT	INT	INT	INT	INT	INT	INT	INT	INT	INT	INT	INT	INT	INT	INT	INT	INT	INT	INT	INT	INT
id	waveCount	wave1Id	wave2Id	wave3Id	wave4Id	wave5Id	wave6Id	wave7Id	wave8Id	wave9Id	wave10Id	tips1	tips2	tips3	tips4	tips5	tips6	tips7	tips8	tips9	tips10	wavePlanId	nature
111	1	4000001	-1	-1	-1	-1	-1	-1	-1	-1	-1	-1	1	3	1	1	1	1	1	1	1	111	-1
121	1	4000004	-1	-1	-1	-1	-1	-1	-1	-1	-1	-1	1	3	1	1	1	1	1	1	1	121	-1
131	1	4000007	-1	-1	-1	-1	-1	-1	-1	-1	-1	-1	1	3	1	1	1	1	1	1	1	131	-1
141	1	4000010	-1	-1	-1	-1	-1	-1	-1	-1	-1	-1	1	3	1	1	1	1	1	1	1	141	-1
151	2	4000013	4000014	-1	-1	-1	-1	-1	-1	-1	-1	1	-1	1	1	1	3	1	1	1	1	151	-1
161	2	4000016	4000017	-1	-1	-1	-1	-1	-1	-1	-1	-1	1	2	1	1	1	1	1	1	1	161	-1
171	2	4000019	4000020	-1	-1	-1	-1	-1	-1	-1	-1	-1	1	3	1	1	1	1	1	1	1	171	-1
181	2	4000022	4000023	-1	-1	-1	-1	-1	-1	-1	-1	-1	1	3	1	1	1	1	1	1	1	181	-1
191	2	4000025	4000026	-1	-1	-1	-1	-1	-1	-1	-1	-1	1	3	1	1	1	1	1	1	1	191	-1
1101	2	4000028	4000029	-1	-1	-1	-1	-1	-1	-1	-1	1	-1	1	1	1	3	1	1	1	1	1101	-1
1111	2	1001101	1001102	-1	-1	-1	-1	-1	-1	-1	-1	-1	1	3	1	1	1	1	1	1	1	1111	-1
1121	2	1001201	1001202	-1	-1	-1	-1	-1	-1	-1	-1	-1	1	3	1	1	1	1	1	1	1	1121	-1
1131	2	1001301	1001302	-1	-1	-1	-1	-1	-1	-1	-1	-1	1	3	1	1	1	1	1	1	1	1131	-1
1141	2	1001401	1001402	-1	-1	-1	-1	-1	-1	-1	-1	-1	1	3	1	1	1	1	1	1	1	1141	-1
1151	2	1001501	1001503	-1	-1	-1	-1	-1	-1	-1	-1	-1	-1	3	1	1	1	1	1	1	1	1151	-1
211	2	4010001	4010002	-1	-1	-1	-1	-1	-1	-1	-1	-1	1	3	1	1	1	1	1	1	1	211	-1
221	2	4010004	4010005	-1	-1	-1	-1	-1	-1	-1	-1	-1	1	3	1	1	1	1	1	1	1	221	-1
231	2	4010007	4010008	-1	-1	-1	-1	-1	-1	-1	-1	-1	1	3	1	1	1	1	1	1	1	231	-1
241	2	4010010	4010011	-1	-1	-1	-1	-1	-1	-1	-1	-1	1	3	1	1	1	1	1	1	1	241	-1
251	2	4010013	4010014	-1	-1	-1	-1	-1	-1	-1	-1	-1	-1	3	1	1	1	1	1	1	1	251	-1
261	2	4010016	4010017	-1	-1	-1	-1	-1	-1	-1	-1	-1	1	3	1	1	1	1	1	1	1	261	-1
271	2	4010019	4010020	-1	-1	-1	-1	-1	-1	-1	-1	-1	1	3	1	1	1	1	1	1	1	271	-1
281	2	4010022	4010023	-1	-1	-1	-1	-1	-1	-1	-1	-1	1	3	1	1	1	1	1	1	1	281	-1
291	2	4010025	4010026	-1	-1	-1	-1	-1	-1	-1	-1	-1	1	3	1	1	1	1	1	1	1	291	-1
2101	2	4010028	4010029	-1	-1	-1	-1	-1	-1	-1	-1	1	-1	1	1	1	3	1	1	1	1	2101	-1
2111	2	4010031	4010032	-1	-1	-1	-1	-1	-1	-1	-1	-1	1	3	1	1	1	1	1	1	1	2111	-1
2121	2	4010034	4010035	-1	-1	-1	-1	-1	-1	-1	-1	-1	1	3	1	1	1	1	1	1	1	2121	-1
2131	2	4010037	4010038	-1	-1	-1	-1	-1	-1	-1	-1	-1	1	3	1	1	1	1	1	1	1	2131	-1
2141	2	4010040	4010041	-1	-1	-1	-1	-1	-1	-1	-1	-1	1	3	1	1	1	1	1	1	1	2141	-1
2151	2	4010043	4010044	-1	-1	-1	-1	-1	-1	-1	-1	1	-1	1	1	1	3	1	1	1	1	2151	-1
2161	2	4010046	4010047	-1	-1	-1	-1	-1	-1	-1	-1	-1	1	3	1	1	1	1	1	1	1	2161	-1
2171	2	4010049	4010050	-1	-1	-1	-1	-1	-1	-1	-1	-1	1	3	1	1	1	1	1	1	1	2171	-1
2181	2	4010052	4010053	-1	-1	-1	-1	-1	-1	-1	-1	-1	1	3	1	1	1	1	1	1	1	2181	-1
2191	2	4010055	4010056	-1	-1	-1	-1	-1	-1	-1	-1	-1	1	3	1	1	1	1	1	1	1	2191	-1
2201	2	4010058	4010059	-1	-1	-1	-1	-1	-1	-1	-1	-1	-1	2	1	1	1	1	1	1	1	2201	-1
311	2	4010061	4010062	-1	-1	-1	-1	-1	-1	-1	-1	-1	1	3	1	1	1	1	1	1	1	311	-1
321	2	4010064	4010065	-1	-1	-1	-1	-1	-1	-1	-1	-1	1	3	1	1	1	1	1	1	1	321	-1
331	2	4010067	4010068	-1	-1	-1	-1	-1	-1	-1	-1	-1	1	3	1	1	1	1	1	1	1	331	-1
341	2	4010070	4010071	-1	-1	-1	-1	-1	-1	-1	-1	-1	1	3	1	1	1	1	1	1	1	341	-1
351	2	4010073	4010074	-1	-1	-1	-1	-1	-1	-1	-1	1	-1	1	1	1	3	1	1	1	1	351	-1
361	2	4010076	4010077	-1	-1	-1	-1	-1	-1	-1	-1	-1	1	3	1	1	1	1	1	1	1	361	-1
371	2	4010079	4010080	-1	-1	-1	-1	-1	-1	-1	-1	-1	1	3	1	1	1	1	1	1	1	371	-1
381	2	4010082	4010083	-1	-1	-1	-1	-1	-1	-1	-1	-1	1	3	1	1	1	1	1	1	1	381	-1
391	2	4010085	4010086	-1	-1	-1	-1	-1	-1	-1	-1	-1	1	3	1	1	1	1	1	1	1	391	-1
3101	2	4010088	4010089	-1	-1	-1	-1	-1	-1	-1	-1	1	-1	1	1	1	3	1	1	1	1	3101	-1
3111	2	4010091	4010092	-1	-1	-1	-1	-1	-1	-1	-1	-1	1	3	1	1	1	1	1	1	1	3111	-1
3121	2	4010094	4010095	-1	-1	-1	-1	-1	-1	-1	-1	-1	1	3	1	1	1	1	1	1	1	3121	-1
3131	2	4010097	4010098	-1	-1	-1	-1	-1	-1	-1	-1	-1	1	3	1	1	1	1	1	1	1	3131	-1
3141	2	4010100	4010101	-1	-1	-1	-1	-1	-1	-1	-1	-1	1	3	1	1	1	1	1	1	1	3141	-1
3151	2	4010103	4010104	-1	-1	-1	-1	-1	-1	-1	-1	1	-1	1	1	1	3	1	1	1	1	3151	-1
3161	2	4010106	4010107	-1	-1	-1	-1	-1	-1	-1	-1	-1	1	3	1	1	1	1	1	1	1	3161	-1
3171	2	4010109	4010110	-1	-1	-1	-1	-1	-1	-1	-1	-1	1	3	1	1	1	1	1	1	1	3171	-1
3181	2	4010112	4010113	-1	-1	-1	-1	-1	-1	-1	-1	-1	1	3	1	1	1	1	1	1	1	3181	-1
3191	2	4010115	4010116	-1	-1	-1	-1	-1	-1	-1	-1	-1	1	3	1	1	1	1	1	1	1	3191	-1
3201	2	4010118	4010119	-1	-1	-1	-1	-1	-1	-1	-1	1	-1	1	1	1	3	1	1	1	1	3201	-1
3211	2	4010121	4010122	-1	-1	-1	-1	-1	-1	-1	-1	-1	1	3	1	1	1	1	1	1	1	3211	-1
3221	2	4010124	4010125	-1	-1	-1	-1	-1	-1	-1	-1	-1	1	3	1	1	1	1	1	1	1	3221	-1
3231	2	4010127	4010128	-1	-1	-1	-1	-1	-1	-1	-1	-1	1	3	1	1	1	1	1	1	1	3231	-1
3241	2	4010130	4010131	-1	-1	-1	-1	-1	-1	-1	-1	-1	1	3	1	1	1	1	1	1	1	3241	-1
3251	2	4010133	4010134	-1	-1	-1	-1	-1	-1	-1	-1	-1	-1	3	1	1	1	1	1	1	1	3251	-1
411	2	4020001	4020002	-1	-1	-1	-1	-1	-1	-1	-1	-1	1	3	1	1	1	1	1	1	1	411	-1
421	2	4020004	4020005	-1	-1	-1	-1	-1	-1	-1	-1	-1	1	3	1	1	1	1	1	1	1	421	-1
431	2	4020007	4020008	-1	-1	-1	-1	-1	-1	-1	-1	-1	1	3	1	1	1	1	1	1	1	431	-1
441	2	4020010	4020011	-1	-1	-1	-1	-1	-1	-1	-1	-1	1	3	1	1	1	1	1	1	1	441	-1
451	2	4020013	4020014	-1	-1	-1	-1	-1	-1	-1	-1	1	-1	1	1	1	3	1	1	1	1	451	-1
461	2	4020016	4020017	-1	-1	-1	-1	-1	-1	-1	-1	-1	1	3	1	1	1	1	1	1	1	461	-1
471	2	4020019	4020020	-1	-1	-1	-1	-1	-1	-1	-1	-1	1	3	1	1	1	1	1	1	1	471	-1
481	2	4020022	4020023	-1	-1	-1	-1	-1	-1	-1	-1	-1	1	3	1	1	1	1	1	1	1	481	-1
491	2	4020025	4020026	-1	-1	-1	-1	-1	-1	-1	-1	-1	1	3	1	1	1	1	1	1	1	491	-1
4101	2	4020028	4020029	-1	-1	-1	-1	-1	-1	-1	-1	1	-1	1	1	1	3	1	1	1	1	4101	-1
4111	2	4020031	4020032	-1	-1	-1	-1	-1	-1	-1	-1	-1	1	3	1	1	1	1	1	1	1	4111	-1
4121	2	4020034	4020035	-1	-1	-1	-1	-1	-1	-1	-1	-1	1	3	1	1	1	1	1	1	1	4121	-1
4131	2	4020037	4020038	-1	-1	-1	-1	-1	-1	-1	-1	-1	1	3	1	1	1	1	1	1	1	4131	-1
4141	2	4020040	4020041	-1	-1	-1	-1	-1	-1	-1	-1	-1	1	3	1	1	1	1	1	1	1	4141	-1
4151	2	4020043	4020044	-1	-1	-1	-1	-1	-1	-1	-1	1	-1	1	1	1	3	1	1	1	1	4151	-1
4161	2	4020046	4020047	-1	-1	-1	-1	-1	-1	-1	-1	-1	1	3	1	1	1	1	1	1	1	4161	-1
4171	2	4020049	4020050	-1	-1	-1	-1	-1	-1	-1	-1	-1	1	3	1	1	1	1	1	1	1	4171	-1
4181	2	4020052	4020053	-1	-1	-1	-1	-1	-1	-1	-1	-1	1	3	1	1	1	1	1	1	1	4181	-1
4191	2	4020055	4020056	-1	-1	-1	-1	-1	-1	-1	-1	-1	1	3	1	1	1	1	1	1	1	4191	-1
4201	2	4020058	4020059	-1	-1	-1	-1	-1	-1	-1	-1	1	-1	1	1	1	3	1	1	1	1	4201	-1
4211	2	4020061	4020062	-1	-1	-1	-1	-1	-1	-1	-1	-1	1	3	1	1	1	1	1	1	1	4211	-1
4221	2	4020064	4020065	-1	-1	-1	-1	-1	-1	-1	-1	-1	1	3	1	1	1	1	1	1	1	4221	-1
4231	2	4020067	4020068	-1	-1	-1	-1	-1	-1	-1	-1	-1	1	3	1	1	1	1	1	1	1	4231	-1
4241	2	4020070	4020071	-1	-1	-1	-1	-1	-1	-1	-1	-1	1	3	1	1	1	1	1	1	1	4241	-1
4251	2	4020073	4020074	-1	-1	-1	-1	-1	-1	-1	-1	1	-1	1	1	1	3	1	1	1	1	4251	-1
4261	2	4020076	4020077	-1	-1	-1	-1	-1	-1	-1	-1	-1	1	3	1	1	1	1	1	1	1	4261	-1
4271	2	4020079	4020080	-1	-1	-1	-1	-1	-1	-1	-1	-1	1	3	1	1	1	1	1	1	1	4271	-1
4281	2	4020082	4020083	-1	-1	-1	-1	-1	-1	-1	-1	-1	1	3	1	1	1	1	1	1	1	4281	-1
4291	2	4020085	4020086	-1	-1	-1	-1	-1	-1	-1	-1	-1	1	3	1	1	1	1	1	1	1	4291	-1
4301	2	4020088	4020089	-1	-1	-1	-1	-1	-1	-1	-1	-1	-1	2	1	1	1	1	1	1	1	4301	-1
511	3	4020091	4020092	4020093	-1	-1	-1	-1	-1	-1	-1	-1	1	2	1	1	1	1	1	1	1	511	-1
521	3	4020094	4020095	4020096	-1	-1	-1	-1	-1	-1	-1	-1	1	2	1	1	1	1	1	1	1	521	-1
531	3	4020097	4020098	4020099	-1	-1	-1	-1	-1	-1	-1	-1	1	2	1	1	1	1	1	1	1	531	-1
541	3	4020100	4020101	4020102	-1	-1	-1	-1	-1	-1	-1	-1	1	2	1	1	1	1	1	1	1	541	-1
551	3	4020103	4020104	4020105	-1	-1	-1	-1	-1	-1	-1	1	-1	1	1	1	3	1	1	1	1	551	-1
561	3	4020106	4020107	4020108	-1	-1	-1	-1	-1	-1	-1	-1	1	2	1	1	1	1	1	1	1	561	-1
571	3	4020109	4020110	4020111	-1	-1	-1	-1	-1	-1	-1	-1	1	2	1	1	1	1	1	1	1	571	-1
581	3	4020112	4020113	4020114	-1	-1	-1	-1	-1	-1	-1	-1	1	2	1	1	1	1	1	1	1	581	-1
591	3	4020115	4020116	4020117	-1	-1	-1	-1	-1	-1	-1	-1	1	2	1	1	1	1	1	1	1	591	-1
5101	3	4020118	4020119	4020120	-1	-1	-1	-1	-1	-1	-1	1	-1	1	1	1	3	1	1	1	1	5101	-1
5111	3	4020121	4020122	4020123	-1	-1	-1	-1	-1	-1	-1	-1	1	2	1	1	1	1	1	1	1	5111	-1
5121	3	4020124	4020125	4020126	-1	-1	-1	-1	-1	-1	-1	-1	1	2	1	1	1	1	1	1	1	5121	-1
5131	3	4020127	4020128	4020129	-1	-1	-1	-1	-1	-1	-1	-1	1	2	1	1	1	1	1	1	1	5131	-1
5141	3	4020130	4020131	4020132	-1	-1	-1	-1	-1	-1	-1	-1	1	2	1	1	1	1	1	1	1	5141	-1
5151	3	4020133	4020134	4020135	-1	-1	-1	-1	-1	-1	-1	1	-1	1	1	1	3	1	1	1	1	5151	-1
5161	3	4020136	4020137	4020138	-1	-1	-1	-1	-1	-1	-1	-1	1	2	1	1	1	1	1	1	1	5161	-1
5171	3	4020139	4020140	4020141	-1	-1	-1	-1	-1	-1	-1	-1	1	2	1	1	1	1	1	1	1	5171	-1
5181	3	4020142	4020143	4020144	-1	-1	-1	-1	-1	-1	-1	-1	1	2	1	1	1	1	1	1	1	5181	-1
5191	3	4020145	4020146	4020147	-1	-1	-1	-1	-1	-1	-1	-1	1	2	1	1	1	1	1	1	1	5191	-1
5201	3	4020148	4020149	4020150	-1	-1	-1	-1	-1	-1	-1	1	-1	1	1	1	3	1	1	1	1	5201	-1
5211	3	4020151	4020152	4020153	-1	-1	-1	-1	-1	-1	-1	-1	1	2	1	1	1	1	1	1	1	5211	-1
5221	3	4020154	4020155	4020156	-1	-1	-1	-1	-1	-1	-1	-1	1	2	1	1	1	1	1	1	1	5221	-1
5231	3	4020157	4020158	4020159	-1	-1	-1	-1	-1	-1	-1	-1	1	2	1	1	1	1	1	1	1	5231	-1
5241	3	4020160	4020161	4020162	-1	-1	-1	-1	-1	-1	-1	-1	1	2	1	1	1	1	1	1	1	5241	-1
5251	3	4020163	4020164	4020165	-1	-1	-1	-1	-1	-1	-1	1	-1	1	1	1	3	1	1	1	1	5251	-1
5261	3	4020166	4020167	4020168	-1	-1	-1	-1	-1	-1	-1	-1	1	2	1	1	1	1	1	1	1	5261	-1
5271	3	4020169	4020170	4020171	-1	-1	-1	-1	-1	-1	-1	-1	1	2	1	1	1	1	1	1	1	5271	-1
5281	3	4020172	4020173	4020174	-1	-1	-1	-1	-1	-1	-1	-1	1	2	1	1	1	1	1	1	1	5281	-1
5291	3	4020175	4020176	4020177	-1	-1	-1	-1	-1	-1	-1	-1	1	2	1	1	1	1	1	1	1	5291	-1
5301	3	4020178	4020179	4020180	-1	-1	-1	-1	-1	-1	-1	-1	-1	2	1	1	1	1	1	1	1	5301	-1
611	3	4020181	4020182	4020183	-1	-1	-1	-1	-1	-1	-1	-1	1	2	1	1	1	1	1	1	1	611	-1
621	3	4020184	4020185	4020186	-1	-1	-1	-1	-1	-1	-1	-1	1	2	1	1	1	1	1	1	1	621	-1
631	3	4020187	4020188	4020189	-1	-1	-1	-1	-1	-1	-1	-1	1	2	1	1	1	1	1	1	1	631	-1
641	3	4020190	4020191	4020192	-1	-1	-1	-1	-1	-1	-1	-1	1	2	1	1	1	1	1	1	1	641	-1
651	3	4020193	4020194	4020195	-1	-1	-1	-1	-1	-1	-1	1	-1	1	1	1	3	1	1	1	1	651	-1
661	3	4020196	4020197	4020198	-1	-1	-1	-1	-1	-1	-1	-1	1	2	1	1	1	1	1	1	1	661	-1
671	3	4020199	4020200	4020201	-1	-1	-1	-1	-1	-1	-1	-1	1	2	1	1	1	1	1	1	1	671	-1
681	3	4020202	4020203	4020204	-1	-1	-1	-1	-1	-1	-1	-1	1	2	1	1	1	1	1	1	1	681	-1
691	3	4020205	4020206	4020207	-1	-1	-1	-1	-1	-1	-1	-1	1	2	1	1	1	1	1	1	1	691	-1
6101	3	4020208	4020209	4020210	-1	-1	-1	-1	-1	-1	-1	1	-1	1	1	1	3	1	1	1	1	6101	-1
6111	3	4020211	4020212	4020213	-1	-1	-1	-1	-1	-1	-1	-1	1	2	1	1	1	1	1	1	1	6111	-1
6121	3	4020214	4020215	4020216	-1	-1	-1	-1	-1	-1	-1	-1	1	2	1	1	1	1	1	1	1	6121	-1
6131	3	4020217	4020218	4020219	-1	-1	-1	-1	-1	-1	-1	-1	1	2	1	1	1	1	1	1	1	6131	-1
6141	3	4020220	4020221	4020222	-1	-1	-1	-1	-1	-1	-1	-1	1	2	1	1	1	1	1	1	1	6141	-1
6151	3	4020223	4020224	4020225	-1	-1	-1	-1	-1	-1	-1	1	-1	1	1	1	3	1	1	1	1	6151	-1
6161	3	4020226	4020227	4020228	-1	-1	-1	-1	-1	-1	-1	-1	1	2	1	1	1	1	1	1	1	6161	-1
6171	3	4020229	4020230	4020231	-1	-1	-1	-1	-1	-1	-1	-1	1	2	1	1	1	1	1	1	1	6171	-1
6181	3	4020232	4020233	4020234	-1	-1	-1	-1	-1	-1	-1	-1	1	2	1	1	1	1	1	1	1	6181	-1
6191	3	4020235	4020236	4020237	-1	-1	-1	-1	-1	-1	-1	-1	1	2	1	1	1	1	1	1	1	6191	-1
6201	3	4020238	4020239	4020240	-1	-1	-1	-1	-1	-1	-1	1	-1	1	1	1	3	1	1	1	1	6201	-1
6211	3	4020241	4020242	4020243	-1	-1	-1	-1	-1	-1	-1	-1	1	2	1	1	1	1	1	1	1	6211	-1
6221	3	4020244	4020245	4020246	-1	-1	-1	-1	-1	-1	-1	-1	1	2	1	1	1	1	1	1	1	6221	-1
6231	3	4020247	4020248	4020249	-1	-1	-1	-1	-1	-1	-1	-1	1	2	1	1	1	1	1	1	1	6231	-1
6241	3	4020250	4020251	4020252	-1	-1	-1	-1	-1	-1	-1	-1	1	2	1	1	1	1	1	1	1	6241	-1
6251	3	4020253	4020254	4020255	-1	-1	-1	-1	-1	-1	-1	1	-1	1	1	1	3	1	1	1	1	6251	-1
6261	3	4020256	4020257	4020258	-1	-1	-1	-1	-1	-1	-1	-1	1	2	1	1	1	1	1	1	1	6261	-1
6271	3	4020259	4020260	4020261	-1	-1	-1	-1	-1	-1	-1	-1	1	2	1	1	1	1	1	1	1	6271	-1
6281	3	4020262	4020263	4020264	-1	-1	-1	-1	-1	-1	-1	-1	1	2	1	1	1	1	1	1	1	6281	-1
6291	3	4020265	4020266	4020267	-1	-1	-1	-1	-1	-1	-1	-1	1	2	1	1	1	1	1	1	1	6291	-1
6301	3	4020268	4020269	4020270	-1	-1	-1	-1	-1	-1	-1	-1	-1	2	1	1	1	1	1	1	1	6301	-1
711	3	4020271	4020272	4020273	-1	-1	-1	-1	-1	-1	-1	-1	1	2	1	1	1	1	1	1	1	611	-1
721	3	4020274	4020275	4020276	-1	-1	-1	-1	-1	-1	-1	-1	1	2	1	1	1	1	1	1	1	621	-1
731	3	4020277	4020278	4020279	-1	-1	-1	-1	-1	-1	-1	-1	1	2	1	1	1	1	1	1	1	631	-1
741	3	4020280	4020281	4020282	-1	-1	-1	-1	-1	-1	-1	-1	1	2	1	1	1	1	1	1	1	641	-1
751	3	4020283	4020284	4020285	-1	-1	-1	-1	-1	-1	-1	1	-1	1	1	1	3	1	1	1	1	651	-1
761	3	4020286	4020287	4020288	-1	-1	-1	-1	-1	-1	-1	-1	1	2	1	1	1	1	1	1	1	661	-1
771	3	4020289	4020290	4020291	-1	-1	-1	-1	-1	-1	-1	-1	1	2	1	1	1	1	1	1	1	671	-1
781	3	4020292	4020293	4020294	-1	-1	-1	-1	-1	-1	-1	-1	1	2	1	1	1	1	1	1	1	681	-1
791	3	4020295	4020296	4020297	-1	-1	-1	-1	-1	-1	-1	-1	1	2	1	1	1	1	1	1	1	691	-1
7101	3	4020298	4020299	4020300	-1	-1	-1	-1	-1	-1	-1	1	-1	1	1	1	3	1	1	1	1	6101	-1
7111	3	4020301	4020302	4020303	-1	-1	-1	-1	-1	-1	-1	-1	1	2	1	1	1	1	1	1	1	6111	-1
7121	3	4020304	4020305	4020306	-1	-1	-1	-1	-1	-1	-1	-1	1	2	1	1	1	1	1	1	1	6121	-1
7131	3	4020307	4020308	4020309	-1	-1	-1	-1	-1	-1	-1	-1	1	2	1	1	1	1	1	1	1	6131	-1
7141	3	4020310	4020311	4020312	-1	-1	-1	-1	-1	-1	-1	-1	1	2	1	1	1	1	1	1	1	6141	-1
7151	3	4020313	4020314	4020315	-1	-1	-1	-1	-1	-1	-1	1	-1	1	1	1	3	1	1	1	1	6151	-1
7161	3	4020316	4020317	4020318	-1	-1	-1	-1	-1	-1	-1	-1	1	2	1	1	1	1	1	1	1	6161	-1
7171	3	4020319	4020320	4020321	-1	-1	-1	-1	-1	-1	-1	-1	1	2	1	1	1	1	1	1	1	6171	-1
7181	3	4020322	4020323	4020324	-1	-1	-1	-1	-1	-1	-1	-1	1	2	1	1	1	1	1	1	1	6181	-1
7191	3	4020325	4020326	4020327	-1	-1	-1	-1	-1	-1	-1	-1	1	2	1	1	1	1	1	1	1	6191	-1
7201	3	4020328	4020329	4020330	-1	-1	-1	-1	-1	-1	-1	1	-1	1	1	1	3	1	1	1	1	6201	-1
7211	3	4020331	4020332	4020333	-1	-1	-1	-1	-1	-1	-1	-1	1	2	1	1	1	1	1	1	1	6211	-1
7221	3	4020334	4020335	4020336	-1	-1	-1	-1	-1	-1	-1	-1	1	2	1	1	1	1	1	1	1	6221	-1
7231	3	4020337	4020338	4020339	-1	-1	-1	-1	-1	-1	-1	-1	1	2	1	1	1	1	1	1	1	6231	-1
7241	3	4020340	4020341	4020342	-1	-1	-1	-1	-1	-1	-1	-1	1	2	1	1	1	1	1	1	1	6241	-1
7251	3	4020343	4020344	4020345	-1	-1	-1	-1	-1	-1	-1	1	-1	1	1	1	3	1	1	1	1	6251	-1
7261	3	4020346	4020347	4020348	-1	-1	-1	-1	-1	-1	-1	-1	1	2	1	1	1	1	1	1	1	6261	-1
7271	3	4020349	4020350	4020351	-1	-1	-1	-1	-1	-1	-1	-1	1	2	1	1	1	1	1	1	1	6271	-1
7281	3	4020352	4020353	4020354	-1	-1	-1	-1	-1	-1	-1	-1	1	2	1	1	1	1	1	1	1	6281	-1
7291	3	4020355	4020356	4020357	-1	-1	-1	-1	-1	-1	-1	-1	1	2	1	1	1	1	1	1	1	6291	-1
7301	3	4020358	4020359	4020360	-1	-1	-1	-1	-1	-1	-1	-1	-1	2	1	1	1	1	1	1	1	6301	-1
811	3	4020361	4020362	4020363	-1	-1	-1	-1	-1	-1	-1	-1	1	2	1	1	1	1	1	1	1	611	-1
821	3	4020364	4020365	4020366	-1	-1	-1	-1	-1	-1	-1	-1	1	2	1	1	1	1	1	1	1	621	-1
831	3	4020367	4020368	4020369	-1	-1	-1	-1	-1	-1	-1	-1	1	2	1	1	1	1	1	1	1	631	-1
841	3	4020370	4020371	4020372	-1	-1	-1	-1	-1	-1	-1	-1	1	2	1	1	1	1	1	1	1	641	-1
851	3	4020373	4020374	4020375	-1	-1	-1	-1	-1	-1	-1	1	-1	1	1	1	3	1	1	1	1	651	-1
861	3	4020376	4020377	4020378	-1	-1	-1	-1	-1	-1	-1	-1	1	2	1	1	1	1	1	1	1	661	-1
871	3	4020379	4020380	4020381	-1	-1	-1	-1	-1	-1	-1	-1	1	2	1	1	1	1	1	1	1	671	-1
881	3	4020382	4020383	4020384	-1	-1	-1	-1	-1	-1	-1	-1	1	2	1	1	1	1	1	1	1	681	-1
891	3	4020385	4020386	4020387	-1	-1	-1	-1	-1	-1	-1	-1	1	2	1	1	1	1	1	1	1	691	-1
8101	3	4020388	4020389	4020390	-1	-1	-1	-1	-1	-1	-1	1	-1	1	1	1	3	1	1	1	1	6101	-1
8111	3	4020391	4020392	4020393	-1	-1	-1	-1	-1	-1	-1	-1	1	2	1	1	1	1	1	1	1	6111	-1
8121	3	4020394	4020395	4020396	-1	-1	-1	-1	-1	-1	-1	-1	1	2	1	1	1	1	1	1	1	6121	-1
8131	3	4020397	4020398	4020399	-1	-1	-1	-1	-1	-1	-1	-1	1	2	1	1	1	1	1	1	1	6131	-1
8141	3	4020400	4020401	4020402	-1	-1	-1	-1	-1	-1	-1	-1	1	2	1	1	1	1	1	1	1	6141	-1
8151	3	4020403	4020404	4020405	-1	-1	-1	-1	-1	-1	-1	1	-1	1	1	1	3	1	1	1	1	6151	-1
8161	3	4020406	4020407	4020408	-1	-1	-1	-1	-1	-1	-1	-1	1	2	1	1	1	1	1	1	1	6161	-1
8171	3	4020409	4020410	4020411	-1	-1	-1	-1	-1	-1	-1	-1	1	2	1	1	1	1	1	1	1	6171	-1
8181	3	4020412	4020413	4020414	-1	-1	-1	-1	-1	-1	-1	-1	1	2	1	1	1	1	1	1	1	6181	-1
8191	3	4020415	4020416	4020417	-1	-1	-1	-1	-1	-1	-1	-1	1	2	1	1	1	1	1	1	1	6191	-1
8201	3	4020418	4020419	4020420	-1	-1	-1	-1	-1	-1	-1	1	-1	1	1	1	3	1	1	1	1	6201	-1
8211	3	4020421	4020422	4020423	-1	-1	-1	-1	-1	-1	-1	-1	1	2	1	1	1	1	1	1	1	6211	-1
8221	3	4020424	4020425	4020426	-1	-1	-1	-1	-1	-1	-1	-1	1	2	1	1	1	1	1	1	1	6221	-1
8231	3	4020427	4020428	4020429	-1	-1	-1	-1	-1	-1	-1	-1	1	2	1	1	1	1	1	1	1	6231	-1
8241	3	4020430	4020431	4020432	-1	-1	-1	-1	-1	-1	-1	-1	1	2	1	1	1	1	1	1	1	6241	-1
8251	3	4020433	4020434	4020435	-1	-1	-1	-1	-1	-1	-1	1	-1	1	1	1	3	1	1	1	1	6251	-1
8261	3	4020436	4020437	4020438	-1	-1	-1	-1	-1	-1	-1	-1	1	2	1	1	1	1	1	1	1	6261	-1
8271	3	4020439	4020440	4020441	-1	-1	-1	-1	-1	-1	-1	-1	1	2	1	1	1	1	1	1	1	6271	-1
8281	3	4020442	4020443	4020444	-1	-1	-1	-1	-1	-1	-1	-1	1	2	1	1	1	1	1	1	1	6281	-1
8291	3	4020445	4020446	4020447	-1	-1	-1	-1	-1	-1	-1	-1	1	2	1	1	1	1	1	1	1	6291	-1
8301	3	4020448	4020449	4020450	-1	-1	-1	-1	-1	-1	-1	-1	-1	2	1	1	1	1	1	1	1	6301	-1
911	3	4020451	4020452	4020453	-1	-1	-1	-1	-1	-1	-1	-1	1	2	1	1	1	1	1	1	1	611	-1
921	3	4020454	4020455	4020456	-1	-1	-1	-1	-1	-1	-1	-1	1	2	1	1	1	1	1	1	1	621	-1
931	3	4020457	4020458	4020459	-1	-1	-1	-1	-1	-1	-1	-1	1	2	1	1	1	1	1	1	1	631	-1
941	3	4020460	4020461	4020462	-1	-1	-1	-1	-1	-1	-1	-1	1	2	1	1	1	1	1	1	1	641	-1
951	3	4020463	4020464	4020465	-1	-1	-1	-1	-1	-1	-1	1	-1	1	1	1	3	1	1	1	1	651	-1
961	3	4020466	4020467	4020468	-1	-1	-1	-1	-1	-1	-1	-1	1	2	1	1	1	1	1	1	1	661	-1
971	3	4020469	4020470	4020471	-1	-1	-1	-1	-1	-1	-1	-1	1	2	1	1	1	1	1	1	1	671	-1
981	3	4020472	4020473	4020474	-1	-1	-1	-1	-1	-1	-1	-1	1	2	1	1	1	1	1	1	1	681	-1
991	3	4020475	4020476	4020477	-1	-1	-1	-1	-1	-1	-1	-1	1	2	1	1	1	1	1	1	1	691	-1
19101	3	4020478	4020479	4020480	-1	-1	-1	-1	-1	-1	-1	1	-1	1	1	1	3	1	1	1	1	6101	-1
19111	3	4020481	4020482	4020483	-1	-1	-1	-1	-1	-1	-1	-1	1	2	1	1	1	1	1	1	1	6111	-1
19121	3	4020484	4020485	4020486	-1	-1	-1	-1	-1	-1	-1	-1	1	2	1	1	1	1	1	1	1	6121	-1
19131	3	4020487	4020488	4020489	-1	-1	-1	-1	-1	-1	-1	-1	1	2	1	1	1	1	1	1	1	6131	-1
19141	3	4020490	4020491	4020492	-1	-1	-1	-1	-1	-1	-1	-1	1	2	1	1	1	1	1	1	1	6141	-1
19151	3	4020493	4020494	4020495	-1	-1	-1	-1	-1	-1	-1	1	-1	1	1	1	3	1	1	1	1	6151	-1
19161	3	4020496	4020497	4020498	-1	-1	-1	-1	-1	-1	-1	-1	1	2	1	1	1	1	1	1	1	6161	-1
19171	3	4020499	4020500	4020501	-1	-1	-1	-1	-1	-1	-1	-1	1	2	1	1	1	1	1	1	1	6171	-1
19181	3	4020502	4020503	4020504	-1	-1	-1	-1	-1	-1	-1	-1	1	2	1	1	1	1	1	1	1	6181	-1
19191	3	4020505	4020506	4020507	-1	-1	-1	-1	-1	-1	-1	-1	1	2	1	1	1	1	1	1	1	6191	-1
19201	3	4020508	4020509	4020510	-1	-1	-1	-1	-1	-1	-1	1	-1	1	1	1	3	1	1	1	1	6201	-1
19211	3	4020511	4020512	4020513	-1	-1	-1	-1	-1	-1	-1	-1	1	2	1	1	1	1	1	1	1	6211	-1
19221	3	4020514	4020515	4020516	-1	-1	-1	-1	-1	-1	-1	-1	1	2	1	1	1	1	1	1	1	6221	-1
19231	3	4020517	4020518	4020519	-1	-1	-1	-1	-1	-1	-1	-1	1	2	1	1	1	1	1	1	1	6231	-1
19241	3	4020520	4020521	4020522	-1	-1	-1	-1	-1	-1	-1	-1	1	2	1	1	1	1	1	1	1	6241	-1
19251	3	4020523	4020524	4020525	-1	-1	-1	-1	-1	-1	-1	1	-1	1	1	1	3	1	1	1	1	6251	-1
19261	3	4020526	4020527	4020528	-1	-1	-1	-1	-1	-1	-1	-1	1	2	1	1	1	1	1	1	1	6261	-1
19271	3	4020529	4020530	4020531	-1	-1	-1	-1	-1	-1	-1	-1	1	2	1	1	1	1	1	1	1	6271	-1
19281	3	4020532	4020533	4020534	-1	-1	-1	-1	-1	-1	-1	-1	1	2	1	1	1	1	1	1	1	6281	-1
19291	3	4020535	4020536	4020537	-1	-1	-1	-1	-1	-1	-1	-1	1	2	1	1	1	1	1	1	1	6291	-1
19301	3	4020538	4020539	4020540	-1	-1	-1	-1	-1	-1	-1	-1	-1	2	1	1	1	1	1	1	1	6301	-1
112	2	1121	1122	-1	-1	-1	-1	-1	-1	-1	-1	-1	1	3	1	1	1	1	1	1	1	112	-1
122	2	1221	1222	-1	-1	-1	-1	-1	-1	-1	-1	-1	1	3	1	1	1	1	1	1	1	122	-1
132	2	1321	1322	-1	-1	-1	-1	-1	-1	-1	-1	-1	1	3	1	1	1	1	1	1	1	132	-1
142	2	1421	1422	-1	-1	-1	-1	-1	-1	-1	-1	-1	1	3	1	1	1	1	1	1	1	142	-1
152	3	1521	1522	1523	-1	-1	-1	-1	-1	-1	-1	-1	1	3	1	1	1	1	1	1	1	152	-1
162	2	1621	1622	-1	-1	-1	-1	-1	-1	-1	-1	-1	1	2	1	1	1	1	1	1	1	162	-1
172	2	1721	1722	-1	-1	-1	-1	-1	-1	-1	-1	-1	1	3	1	1	1	1	1	1	1	172	-1
182	2	1821	1822	-1	-1	-1	-1	-1	-1	-1	-1	-1	1	3	1	1	1	1	1	1	1	182	-1
192	2	1921	1922	-1	-1	-1	-1	-1	-1	-1	-1	-1	1	3	1	1	1	1	1	1	1	192	-1
1102	3	11021	11022	11023	-1	-1	-1	-1	-1	-1	-1	-1	1	3	1	1	1	1	1	1	1	1102	-1
1112	2	11121	11122	-1	-1	-1	-1	-1	-1	-1	-1	-1	1	3	1	1	1	1	1	1	1	1112	-1
1122	2	11221	11222	-1	-1	-1	-1	-1	-1	-1	-1	-1	1	3	1	1	1	1	1	1	1	1122	-1
1132	2	11321	11322	-1	-1	-1	-1	-1	-1	-1	-1	-1	1	3	1	1	1	1	1	1	1	1132	-1
1142	2	11421	11422	-1	-1	-1	-1	-1	-1	-1	-1	-1	1	3	1	1	1	1	1	1	1	1142	-1
1152	3	11521	11522	11523	-1	-1	-1	-1	-1	-1	-1	-1	1	3	1	1	1	1	1	1	1	1152	-1
212	2	2121	2122	-1	-1	-1	-1	-1	-1	-1	-1	-1	1	3	1	1	1	1	1	1	1	212	-1
222	2	2221	2222	-1	-1	-1	-1	-1	-1	-1	-1	-1	1	3	1	1	1	1	1	1	1	222	-1
232	2	2321	2322	-1	-1	-1	-1	-1	-1	-1	-1	-1	1	3	1	1	1	1	1	1	1	232	-1
242	2	2421	2422	-1	-1	-1	-1	-1	-1	-1	-1	-1	1	3	1	1	1	1	1	1	1	242	-1
252	3	2521	2522	2523	-1	-1	-1	-1	-1	-1	-1	-1	1	3	1	1	1	1	1	1	1	252	-1
262	2	2621	2622	-1	-1	-1	-1	-1	-1	-1	-1	-1	1	3	1	1	1	1	1	1	1	262	-1
272	2	2721	2722	-1	-1	-1	-1	-1	-1	-1	-1	-1	1	3	1	1	1	1	1	1	1	272	-1
282	2	2821	2822	-1	-1	-1	-1	-1	-1	-1	-1	-1	1	3	1	1	1	1	1	1	1	282	-1
292	2	2921	2922	-1	-1	-1	-1	-1	-1	-1	-1	-1	1	3	1	1	1	1	1	1	1	292	-1
2102	3	21021	21022	21023	-1	-1	-1	-1	-1	-1	-1	-1	1	2	1	1	1	1	1	1	1	2102	-1
2112	2	21121	21122	-1	-1	-1	-1	-1	-1	-1	-1	-1	1	3	1	1	1	1	1	1	1	2112	-1
2122	2	21221	21222	-1	-1	-1	-1	-1	-1	-1	-1	-1	1	3	1	1	1	1	1	1	1	2122	-1
2132	2	21321	21322	-1	-1	-1	-1	-1	-1	-1	-1	-1	1	3	1	1	1	1	1	1	1	2132	-1
2142	2	21421	21422	-1	-1	-1	-1	-1	-1	-1	-1	-1	1	3	1	1	1	1	1	1	1	2142	-1
2152	3	21521	21522	21523	-1	-1	-1	-1	-1	-1	-1	-1	1	3	1	1	1	1	1	1	1	2152	-1
2162	3	21621	21622	21623	-1	-1	-1	-1	-1	-1	-1	-1	1	3	1	1	1	1	1	1	1	2162	-1
2172	3	21721	21722	21723	-1	-1	-1	-1	-1	-1	-1	-1	1	3	1	1	1	1	1	1	1	2172	-1
2182	3	21821	21822	21823	-1	-1	-1	-1	-1	-1	-1	-1	1	3	1	1	1	1	1	1	1	2182	-1
2192	3	21921	21922	21923	-1	-1	-1	-1	-1	-1	-1	-1	1	3	1	1	1	1	1	1	1	2192	-1
2202	3	22021	22022	22023	-1	-1	-1	-1	-1	-1	-1	-1	1	2	1	1	1	1	1	1	1	2202	-1
312	3	3121	3122	3123	-1	-1	-1	-1	-1	-1	-1	-1	1	3	1	1	1	1	1	1	1	312	-1
322	3	3221	3222	3223	-1	-1	-1	-1	-1	-1	-1	-1	1	3	1	1	1	1	1	1	1	322	-1
332	3	3321	3322	3323	-1	-1	-1	-1	-1	-1	-1	-1	1	3	1	1	1	1	1	1	1	332	-1
342	3	3421	3422	3423	-1	-1	-1	-1	-1	-1	-1	-1	1	3	1	1	1	1	1	1	1	342	-1
352	3	3521	3522	3523	-1	-1	-1	-1	-1	-1	-1	-1	1	3	1	1	1	1	1	1	1	352	-1
362	3	3621	3622	3623	-1	-1	-1	-1	-1	-1	-1	-1	1	3	1	1	1	1	1	1	1	362	-1
372	3	3721	3722	3723	-1	-1	-1	-1	-1	-1	-1	-1	1	3	1	1	1	1	1	1	1	372	-1
382	3	3821	3822	3823	-1	-1	-1	-1	-1	-1	-1	-1	1	3	1	1	1	1	1	1	1	382	-1
392	3	3921	3922	3923	-1	-1	-1	-1	-1	-1	-1	-1	1	3	1	1	1	1	1	1	1	392	-1
3102	3	31021	31022	31023	-1	-1	-1	-1	-1	-1	-1	-1	1	2	1	1	1	1	1	1	1	3102	-1
3112	3	31121	31122	31123	-1	-1	-1	-1	-1	-1	-1	-1	1	3	1	1	1	1	1	1	1	3112	-1
3122	3	31221	31222	31223	-1	-1	-1	-1	-1	-1	-1	-1	1	3	1	1	1	1	1	1	1	3122	-1
3132	3	31321	31322	31323	-1	-1	-1	-1	-1	-1	-1	-1	1	3	1	1	1	1	1	1	1	3132	-1
3142	3	31421	31422	31423	-1	-1	-1	-1	-1	-1	-1	-1	1	3	1	1	1	1	1	1	1	3142	-1
3152	3	31521	31522	31523	-1	-1	-1	-1	-1	-1	-1	-1	1	3	1	1	1	1	1	1	1	3152	-1
3162	3	31621	31622	31623	-1	-1	-1	-1	-1	-1	-1	-1	1	3	1	1	1	1	1	1	1	3162	-1
3172	3	31721	31722	31723	-1	-1	-1	-1	-1	-1	-1	-1	1	3	1	1	1	1	1	1	1	3172	-1
3182	3	31821	31822	31823	-1	-1	-1	-1	-1	-1	-1	-1	1	3	1	1	1	1	1	1	1	3182	-1
3192	3	31921	31922	31923	-1	-1	-1	-1	-1	-1	-1	-1	1	3	1	1	1	1	1	1	1	3192	-1
3202	3	32021	32022	32023	-1	-1	-1	-1	-1	-1	-1	-1	1	2	1	1	1	1	1	1	1	3202	-1
3212	3	32121	32122	32123	-1	-1	-1	-1	-1	-1	-1	-1	1	3	1	1	1	1	1	1	1	3212	-1
3222	3	32221	32222	32223	-1	-1	-1	-1	-1	-1	-1	-1	1	3	1	1	1	1	1	1	1	3222	-1
3232	3	32321	32322	32323	-1	-1	-1	-1	-1	-1	-1	-1	1	3	1	1	1	1	1	1	1	3232	-1
3242	3	32421	32422	32423	-1	-1	-1	-1	-1	-1	-1	-1	1	3	1	1	1	1	1	1	1	3242	-1
3252	3	32521	32522	32523	-1	-1	-1	-1	-1	-1	-1	-1	1	3	1	1	1	1	1	1	1	3252	-1
412	3	4121	4122	4123	-1	-1	-1	-1	-1	-1	-1	-1	1	3	1	1	1	1	1	1	1	412	-1
422	3	4221	4222	4223	-1	-1	-1	-1	-1	-1	-1	-1	1	3	1	1	1	1	1	1	1	422	-1
432	3	4321	4322	4323	-1	-1	-1	-1	-1	-1	-1	-1	1	3	1	1	1	1	1	1	1	432	-1
442	3	4421	4422	4423	-1	-1	-1	-1	-1	-1	-1	-1	1	3	1	1	1	1	1	1	1	442	-1
452	3	4521	4522	4523	-1	-1	-1	-1	-1	-1	-1	-1	1	3	1	1	1	1	1	1	1	452	-1
462	3	4621	4622	4623	-1	-1	-1	-1	-1	-1	-1	-1	1	3	1	1	1	1	1	1	1	462	-1
472	3	4721	4722	4723	-1	-1	-1	-1	-1	-1	-1	-1	1	3	1	1	1	1	1	1	1	472	-1
482	3	4821	4822	4823	-1	-1	-1	-1	-1	-1	-1	-1	1	3	1	1	1	1	1	1	1	482	-1
492	3	4921	4922	4923	-1	-1	-1	-1	-1	-1	-1	-1	1	3	1	1	1	1	1	1	1	492	-1
4102	3	41021	41022	41023	-1	-1	-1	-1	-1	-1	-1	-1	1	2	1	1	1	1	1	1	1	4102	-1
4112	3	41121	41122	41123	-1	-1	-1	-1	-1	-1	-1	-1	1	3	1	1	1	1	1	1	1	4112	-1
4122	3	41221	41222	41223	-1	-1	-1	-1	-1	-1	-1	-1	1	3	1	1	1	1	1	1	1	4122	-1
4132	3	41321	41322	41323	-1	-1	-1	-1	-1	-1	-1	-1	1	3	1	1	1	1	1	1	1	4132	-1
4142	3	41421	41422	41423	-1	-1	-1	-1	-1	-1	-1	-1	1	3	1	1	1	1	1	1	1	4142	-1
4152	3	41521	41522	41523	-1	-1	-1	-1	-1	-1	-1	-1	1	3	1	1	1	1	1	1	1	4152	-1
4162	3	41621	41622	41623	-1	-1	-1	-1	-1	-1	-1	-1	1	3	1	1	1	1	1	1	1	4162	-1
4172	3	41721	41722	41723	-1	-1	-1	-1	-1	-1	-1	-1	1	3	1	1	1	1	1	1	1	4172	-1
4182	3	41821	41822	41823	-1	-1	-1	-1	-1	-1	-1	-1	1	3	1	1	1	1	1	1	1	4182	-1
4192	3	41921	41922	41923	-1	-1	-1	-1	-1	-1	-1	-1	1	3	1	1	1	1	1	1	1	4192	-1
4202	3	42021	42022	42023	-1	-1	-1	-1	-1	-1	-1	-1	1	2	1	1	1	1	1	1	1	4202	-1
4212	3	42121	42122	42123	-1	-1	-1	-1	-1	-1	-1	-1	1	3	1	1	1	1	1	1	1	4212	-1
4222	3	42221	42222	42223	-1	-1	-1	-1	-1	-1	-1	-1	1	3	1	1	1	1	1	1	1	4222	-1
4232	3	42321	42322	42323	-1	-1	-1	-1	-1	-1	-1	-1	1	3	1	1	1	1	1	1	1	4232	-1
4242	3	42421	42422	42423	-1	-1	-1	-1	-1	-1	-1	-1	1	3	1	1	1	1	1	1	1	4242	-1
4252	3	42521	42522	42523	-1	-1	-1	-1	-1	-1	-1	-1	1	3	1	1	1	1	1	1	1	4252	-1
4262	3	42621	42622	42623	-1	-1	-1	-1	-1	-1	-1	-1	1	3	1	1	1	1	1	1	1	4262	-1
4272	3	42721	42722	42723	-1	-1	-1	-1	-1	-1	-1	-1	1	3	1	1	1	1	1	1	1	4272	-1
4282	3	42821	42822	42823	-1	-1	-1	-1	-1	-1	-1	-1	1	3	1	1	1	1	1	1	1	4282	-1
4292	3	42921	42922	42923	-1	-1	-1	-1	-1	-1	-1	-1	1	3	1	1	1	1	1	1	1	4292	-1
4302	3	43021	43022	43023	-1	-1	-1	-1	-1	-1	-1	-1	1	2	1	1	1	1	1	1	1	4302	-1
512	3	5121	5122	5123	-1	-1	-1	-1	-1	-1	-1	-1	1	2	1	1	1	1	1	1	1	512	-1
522	3	5221	5222	5223	-1	-1	-1	-1	-1	-1	-1	-1	1	2	1	1	1	1	1	1	1	522	-1
532	3	5321	5322	5323	-1	-1	-1	-1	-1	-1	-1	-1	1	2	1	1	1	1	1	1	1	532	-1
542	3	5421	5422	5423	-1	-1	-1	-1	-1	-1	-1	-1	1	2	1	1	1	1	1	1	1	542	-1
552	3	5521	5522	5523	-1	-1	-1	-1	-1	-1	-1	-1	1	2	1	1	1	1	1	1	1	552	-1
562	3	5621	5622	5623	-1	-1	-1	-1	-1	-1	-1	-1	1	2	1	1	1	1	1	1	1	562	-1
572	3	5721	5722	5723	-1	-1	-1	-1	-1	-1	-1	-1	1	2	1	1	1	1	1	1	1	572	-1
582	3	5821	5822	5823	-1	-1	-1	-1	-1	-1	-1	-1	1	2	1	1	1	1	1	1	1	582	-1
592	3	5921	5922	5923	-1	-1	-1	-1	-1	-1	-1	-1	1	2	1	1	1	1	1	1	1	592	-1
5102	3	51021	51022	51023	-1	-1	-1	-1	-1	-1	-1	-1	1	2	1	1	1	1	1	1	1	5102	-1
5112	3	51121	51122	51123	-1	-1	-1	-1	-1	-1	-1	-1	1	2	1	1	1	1	1	1	1	5112	-1
5122	3	51221	51222	51223	-1	-1	-1	-1	-1	-1	-1	-1	1	2	1	1	1	1	1	1	1	5122	-1
5132	3	51321	51322	51323	-1	-1	-1	-1	-1	-1	-1	-1	1	2	1	1	1	1	1	1	1	5132	-1
5142	3	51421	51422	51423	-1	-1	-1	-1	-1	-1	-1	-1	1	2	1	1	1	1	1	1	1	5142	-1
5152	3	51521	51522	51523	-1	-1	-1	-1	-1	-1	-1	-1	1	2	1	1	1	1	1	1	1	5152	-1
5162	3	51621	51622	51623	-1	-1	-1	-1	-1	-1	-1	-1	1	2	1	1	1	1	1	1	1	5162	-1
5172	3	51721	51722	51723	-1	-1	-1	-1	-1	-1	-1	-1	1	2	1	1	1	1	1	1	1	5172	-1
5182	3	51821	51822	51823	-1	-1	-1	-1	-1	-1	-1	-1	1	2	1	1	1	1	1	1	1	5182	-1
5192	3	51921	51922	51923	-1	-1	-1	-1	-1	-1	-1	-1	1	2	1	1	1	1	1	1	1	5192	-1
5202	3	52021	52022	52023	-1	-1	-1	-1	-1	-1	-1	-1	1	2	1	1	1	1	1	1	1	5202	-1
5212	3	52121	52122	52123	-1	-1	-1	-1	-1	-1	-1	-1	1	2	1	1	1	1	1	1	1	5212	-1
5222	3	52221	52222	52223	-1	-1	-1	-1	-1	-1	-1	-1	1	2	1	1	1	1	1	1	1	5222	-1
5232	3	52321	52322	52323	-1	-1	-1	-1	-1	-1	-1	-1	1	2	1	1	1	1	1	1	1	5232	-1
5242	3	52421	52422	52423	-1	-1	-1	-1	-1	-1	-1	-1	1	2	1	1	1	1	1	1	1	5242	-1
5252	3	52521	52522	52523	-1	-1	-1	-1	-1	-1	-1	-1	1	2	1	1	1	1	1	1	1	5252	-1
5262	3	52621	52622	52623	-1	-1	-1	-1	-1	-1	-1	-1	1	2	1	1	1	1	1	1	1	5262	-1
5272	3	52721	52722	52723	-1	-1	-1	-1	-1	-1	-1	-1	1	2	1	1	1	1	1	1	1	5272	-1
5282	3	52821	52822	52823	-1	-1	-1	-1	-1	-1	-1	-1	1	2	1	1	1	1	1	1	1	5282	-1
5292	3	52921	52922	52923	-1	-1	-1	-1	-1	-1	-1	-1	1	2	1	1	1	1	1	1	1	5292	-1
5302	3	53021	53022	53023	-1	-1	-1	-1	-1	-1	-1	-1	1	2	1	1	1	1	1	1	1	5302	-1
612	3	6121	6122	6123	-1	-1	-1	-1	-1	-1	-1	-1	1	2	1	1	1	1	1	1	1	612	-1
622	3	6221	6222	6223	-1	-1	-1	-1	-1	-1	-1	-1	1	2	1	1	1	1	1	1	1	622	-1
632	3	6321	6322	6323	-1	-1	-1	-1	-1	-1	-1	-1	1	2	1	1	1	1	1	1	1	632	-1
642	3	6421	6422	6423	-1	-1	-1	-1	-1	-1	-1	-1	1	2	1	1	1	1	1	1	1	642	-1
652	3	6521	6522	6523	-1	-1	-1	-1	-1	-1	-1	-1	1	2	1	1	1	1	1	1	1	652	-1
662	3	6621	6622	6623	-1	-1	-1	-1	-1	-1	-1	-1	1	2	1	1	1	1	1	1	1	662	-1
672	3	6721	6722	6723	-1	-1	-1	-1	-1	-1	-1	-1	1	2	1	1	1	1	1	1	1	672	-1
682	3	6821	6822	6823	-1	-1	-1	-1	-1	-1	-1	-1	1	2	1	1	1	1	1	1	1	682	-1
692	3	6921	6922	6923	-1	-1	-1	-1	-1	-1	-1	-1	1	2	1	1	1	1	1	1	1	692	-1
6102	3	61021	61022	61023	-1	-1	-1	-1	-1	-1	-1	-1	1	2	1	1	1	1	1	1	1	6102	-1
6112	3	61121	61122	61123	-1	-1	-1	-1	-1	-1	-1	-1	1	2	1	1	1	1	1	1	1	6112	-1
6122	3	61221	61222	61223	-1	-1	-1	-1	-1	-1	-1	-1	1	2	1	1	1	1	1	1	1	6122	-1
6132	3	61321	61322	61323	-1	-1	-1	-1	-1	-1	-1	-1	1	2	1	1	1	1	1	1	1	6132	-1
6142	3	61421	61422	61423	-1	-1	-1	-1	-1	-1	-1	-1	1	2	1	1	1	1	1	1	1	6142	-1
6152	3	61521	61522	61523	-1	-1	-1	-1	-1	-1	-1	-1	1	2	1	1	1	1	1	1	1	6152	-1
6162	3	61621	61622	61623	-1	-1	-1	-1	-1	-1	-1	-1	1	2	1	1	1	1	1	1	1	6162	-1
6172	3	61721	61722	61723	-1	-1	-1	-1	-1	-1	-1	-1	1	2	1	1	1	1	1	1	1	6172	-1
6182	3	61821	61822	61823	-1	-1	-1	-1	-1	-1	-1	-1	1	2	1	1	1	1	1	1	1	6182	-1
6192	3	61921	61922	61923	-1	-1	-1	-1	-1	-1	-1	-1	1	2	1	1	1	1	1	1	1	6192	-1
6202	3	62021	62022	62023	-1	-1	-1	-1	-1	-1	-1	-1	1	2	1	1	1	1	1	1	1	6202	-1
6212	3	62121	62122	62123	-1	-1	-1	-1	-1	-1	-1	-1	1	2	1	1	1	1	1	1	1	6212	-1
6222	3	62221	62222	62223	-1	-1	-1	-1	-1	-1	-1	-1	1	2	1	1	1	1	1	1	1	6222	-1
6232	3	62321	62322	62323	-1	-1	-1	-1	-1	-1	-1	-1	1	2	1	1	1	1	1	1	1	6232	-1
6242	3	62421	62422	62423	-1	-1	-1	-1	-1	-1	-1	-1	1	2	1	1	1	1	1	1	1	6242	-1
6252	3	62521	62522	62523	-1	-1	-1	-1	-1	-1	-1	-1	1	2	1	1	1	1	1	1	1	6252	-1
6262	3	62621	62622	62623	-1	-1	-1	-1	-1	-1	-1	-1	1	2	1	1	1	1	1	1	1	6262	-1
6272	3	62721	62722	62723	-1	-1	-1	-1	-1	-1	-1	-1	1	2	1	1	1	1	1	1	1	6272	-1
6282	3	62821	62822	62823	-1	-1	-1	-1	-1	-1	-1	-1	1	2	1	1	1	1	1	1	1	6282	-1
6292	3	62921	62922	62923	-1	-1	-1	-1	-1	-1	-1	-1	1	2	1	1	1	1	1	1	1	6292	-1
6302	3	63021	63022	63023	-1	-1	-1	-1	-1	-1	-1	-1	1	2	1	1	1	1	1	1	1	6302	-1
712	3	7121	7122	7123	-1	-1	-1	-1	-1	-1	-1	-1	1	2	1	1	1	1	1	1	1	612	-1
722	3	7221	7222	7223	-1	-1	-1	-1	-1	-1	-1	-1	1	2	1	1	1	1	1	1	1	622	-1
732	3	7321	7322	7323	-1	-1	-1	-1	-1	-1	-1	-1	1	2	1	1	1	1	1	1	1	632	-1
742	3	7421	7422	7423	-1	-1	-1	-1	-1	-1	-1	-1	1	2	1	1	1	1	1	1	1	642	-1
752	3	7521	7522	7523	-1	-1	-1	-1	-1	-1	-1	-1	1	2	1	1	1	1	1	1	1	652	-1
762	3	7621	7622	7623	-1	-1	-1	-1	-1	-1	-1	-1	1	2	1	1	1	1	1	1	1	662	-1
772	3	7721	7722	7723	-1	-1	-1	-1	-1	-1	-1	-1	1	2	1	1	1	1	1	1	1	672	-1
782	3	7821	7822	7823	-1	-1	-1	-1	-1	-1	-1	-1	1	2	1	1	1	1	1	1	1	682	-1
792	3	7921	7922	7923	-1	-1	-1	-1	-1	-1	-1	-1	1	2	1	1	1	1	1	1	1	692	-1
7102	3	71021	71022	71023	-1	-1	-1	-1	-1	-1	-1	-1	1	2	1	1	1	1	1	1	1	6102	-1
7112	3	71121	71122	71123	-1	-1	-1	-1	-1	-1	-1	-1	1	2	1	1	1	1	1	1	1	6112	-1
7122	3	71221	71222	71223	-1	-1	-1	-1	-1	-1	-1	-1	1	2	1	1	1	1	1	1	1	6122	-1
7132	3	71321	71322	71323	-1	-1	-1	-1	-1	-1	-1	-1	1	2	1	1	1	1	1	1	1	6132	-1
7142	3	71421	71422	71423	-1	-1	-1	-1	-1	-1	-1	-1	1	2	1	1	1	1	1	1	1	6142	-1
7152	3	71521	71522	71523	-1	-1	-1	-1	-1	-1	-1	-1	1	2	1	1	1	1	1	1	1	6152	-1
7162	3	71621	71622	71623	-1	-1	-1	-1	-1	-1	-1	-1	1	2	1	1	1	1	1	1	1	6162	-1
7172	3	71721	71722	71723	-1	-1	-1	-1	-1	-1	-1	-1	1	2	1	1	1	1	1	1	1	6172	-1
7182	3	71821	71822	71823	-1	-1	-1	-1	-1	-1	-1	-1	1	2	1	1	1	1	1	1	1	6182	-1
7192	3	71921	71922	71923	-1	-1	-1	-1	-1	-1	-1	-1	1	2	1	1	1	1	1	1	1	6192	-1
7202	3	72021	72022	72023	-1	-1	-1	-1	-1	-1	-1	-1	1	2	1	1	1	1	1	1	1	6202	-1
7212	3	72121	72122	72123	-1	-1	-1	-1	-1	-1	-1	-1	1	2	1	1	1	1	1	1	1	6212	-1
7222	3	72221	72222	72223	-1	-1	-1	-1	-1	-1	-1	-1	1	2	1	1	1	1	1	1	1	6222	-1
7232	3	72321	72322	72323	-1	-1	-1	-1	-1	-1	-1	-1	1	2	1	1	1	1	1	1	1	6232	-1
7242	3	72421	72422	72423	-1	-1	-1	-1	-1	-1	-1	-1	1	2	1	1	1	1	1	1	1	6242	-1
7252	3	72521	72522	72523	-1	-1	-1	-1	-1	-1	-1	-1	1	2	1	1	1	1	1	1	1	6252	-1
7262	3	72621	72622	72623	-1	-1	-1	-1	-1	-1	-1	-1	1	2	1	1	1	1	1	1	1	6262	-1
7272	3	72721	72722	72723	-1	-1	-1	-1	-1	-1	-1	-1	1	2	1	1	1	1	1	1	1	6272	-1
7282	3	72821	72822	72823	-1	-1	-1	-1	-1	-1	-1	-1	1	2	1	1	1	1	1	1	1	6282	-1
7292	3	72921	72922	72923	-1	-1	-1	-1	-1	-1	-1	-1	1	2	1	1	1	1	1	1	1	6292	-1
7302	3	73021	73022	73023	-1	-1	-1	-1	-1	-1	-1	-1	1	2	1	1	1	1	1	1	1	6302	-1
812	3	8121	8122	8123	-1	-1	-1	-1	-1	-1	-1	-1	1	2	1	1	1	1	1	1	1	611	-1
822	3	8221	8222	8223	-1	-1	-1	-1	-1	-1	-1	-1	1	2	1	1	1	1	1	1	1	621	-1
832	3	8321	8322	8323	-1	-1	-1	-1	-1	-1	-1	-1	1	2	1	1	1	1	1	1	1	631	-1
842	3	8421	8422	8423	-1	-1	-1	-1	-1	-1	-1	-1	1	2	1	1	1	1	1	1	1	641	-1
852	3	8521	8522	8523	-1	-1	-1	-1	-1	-1	-1	-1	1	2	1	1	1	1	1	1	1	651	-1
862	3	8621	8622	8623	-1	-1	-1	-1	-1	-1	-1	-1	1	2	1	1	1	1	1	1	1	661	-1
872	3	8721	8722	8723	-1	-1	-1	-1	-1	-1	-1	-1	1	2	1	1	1	1	1	1	1	671	-1
882	3	8821	8822	8823	-1	-1	-1	-1	-1	-1	-1	-1	1	2	1	1	1	1	1	1	1	681	-1
892	3	8921	8922	8923	-1	-1	-1	-1	-1	-1	-1	-1	1	2	1	1	1	1	1	1	1	691	-1
8102	3	81021	81022	81023	-1	-1	-1	-1	-1	-1	-1	-1	1	2	1	1	1	1	1	1	1	6101	-1
8112	3	81121	81122	81123	-1	-1	-1	-1	-1	-1	-1	-1	1	2	1	1	1	1	1	1	1	6111	-1
8122	3	81221	81222	81223	-1	-1	-1	-1	-1	-1	-1	-1	1	2	1	1	1	1	1	1	1	6121	-1
8132	3	81321	81322	81323	-1	-1	-1	-1	-1	-1	-1	-1	1	2	1	1	1	1	1	1	1	6131	-1
8142	3	81421	81422	81423	-1	-1	-1	-1	-1	-1	-1	-1	1	2	1	1	1	1	1	1	1	6141	-1
8152	3	81521	81522	81523	-1	-1	-1	-1	-1	-1	-1	-1	1	2	1	1	1	1	1	1	1	6151	-1
8162	3	81621	81622	81623	-1	-1	-1	-1	-1	-1	-1	-1	1	2	1	1	1	1	1	1	1	6161	-1
8172	3	81721	81722	81723	-1	-1	-1	-1	-1	-1	-1	-1	1	2	1	1	1	1	1	1	1	6171	-1
8182	3	81821	81822	81823	-1	-1	-1	-1	-1	-1	-1	-1	1	2	1	1	1	1	1	1	1	6181	-1
8192	3	81921	81922	81923	-1	-1	-1	-1	-1	-1	-1	-1	1	2	1	1	1	1	1	1	1	6191	-1
8202	3	82021	82022	82023	-1	-1	-1	-1	-1	-1	-1	-1	1	2	1	1	1	1	1	1	1	6201	-1
8212	3	82121	82122	82123	-1	-1	-1	-1	-1	-1	-1	-1	1	2	1	1	1	1	1	1	1	6211	-1
8222	3	82221	82222	82223	-1	-1	-1	-1	-1	-1	-1	-1	1	2	1	1	1	1	1	1	1	6221	-1
8232	3	82321	82322	82323	-1	-1	-1	-1	-1	-1	-1	-1	1	2	1	1	1	1	1	1	1	6231	-1
8242	3	82421	82422	82423	-1	-1	-1	-1	-1	-1	-1	-1	1	2	1	1	1	1	1	1	1	6241	-1
8252	3	82521	82522	82523	-1	-1	-1	-1	-1	-1	-1	-1	1	2	1	1	1	1	1	1	1	6251	-1
8262	3	82621	82622	82623	-1	-1	-1	-1	-1	-1	-1	-1	1	2	1	1	1	1	1	1	1	6261	-1
8272	3	82721	82722	82723	-1	-1	-1	-1	-1	-1	-1	-1	1	2	1	1	1	1	1	1	1	6271	-1
8282	3	82821	82822	82823	-1	-1	-1	-1	-1	-1	-1	-1	1	2	1	1	1	1	1	1	1	6281	-1
8292	3	82921	82922	82923	-1	-1	-1	-1	-1	-1	-1	-1	1	2	1	1	1	1	1	1	1	6291	-1
8302	3	83021	83022	83023	-1	-1	-1	-1	-1	-1	-1	-1	1	2	1	1	1	1	1	1	1	6301	-1
113	2	1131	1132	-1	-1	-1	-1	-1	-1	-1	-1	-1	1	3	1	1	1	1	1	1	1	113	-1
123	2	1231	1232	-1	-1	-1	-1	-1	-1	-1	-1	-1	1	3	1	1	1	1	1	1	1	123	-1
133	2	1331	1332	-1	-1	-1	-1	-1	-1	-1	-1	-1	1	3	1	1	1	1	1	1	1	133	-1
143	2	1431	1432	-1	-1	-1	-1	-1	-1	-1	-1	-1	1	3	1	1	1	1	1	1	1	143	-1
153	2	1531	1532	-1	-1	-1	-1	-1	-1	-1	-1	-1	1	3	1	1	1	1	1	1	1	153	-1
163	2	1631	1632	-1	-1	-1	-1	-1	-1	-1	-1	-1	1	2	1	1	1	1	1	1	1	163	-1
173	2	1731	1732	-1	-1	-1	-1	-1	-1	-1	-1	-1	1	3	1	1	1	1	1	1	1	173	-1
183	3	1831	1832	1833	-1	-1	-1	-1	-1	-1	-1	-1	1	3	1	1	1	1	1	1	1	183	-1
193	2	1931	1932	-1	-1	-1	-1	-1	-1	-1	-1	-1	1	3	1	1	1	1	1	1	1	193	-1
1103	2	11031	11032	-1	-1	-1	-1	-1	-1	-1	-1	-1	1	3	1	1	1	1	1	1	1	1103	-1
1113	2	11131	11132	-1	-1	-1	-1	-1	-1	-1	-1	-1	1	3	1	1	1	1	1	1	1	1113	-1
1123	3	11231	11232	11233	-1	-1	-1	-1	-1	-1	-1	-1	1	3	1	1	1	1	1	1	1	1123	-1
1133	2	11331	11332	-1	-1	-1	-1	-1	-1	-1	-1	-1	1	3	1	1	1	1	1	1	1	1133	-1
1143	2	11431	11432	-1	-1	-1	-1	-1	-1	-1	-1	-1	1	3	1	1	1	1	1	1	1	1143	-1
1153	2	11531	11532	-1	-1	-1	-1	-1	-1	-1	-1	-1	1	3	1	1	1	1	1	1	1	1153	-1
1163	3	11631	11632	11633	-1	-1	-1	-1	-1	-1	-1	-1	1	2	1	1	1	1	1	1	1	1163	-1
1173	2	11731	11732	-1	-1	-1	-1	-1	-1	-1	-1	-1	1	3	1	1	1	1	1	1	1	1173	-1
1183	2	11831	11832	-1	-1	-1	-1	-1	-1	-1	-1	-1	1	3	1	1	1	1	1	1	1	1183	-1
1193	2	11931	11932	-1	-1	-1	-1	-1	-1	-1	-1	-1	1	3	1	1	1	1	1	1	1	1193	-1
1203	3	12031	12032	12033	-1	-1	-1	-1	-1	-1	-1	-1	1	3	1	1	1	1	1	1	1	1203	-1
1213	2	12131	12132	-1	-1	-1	-1	-1	-1	-1	-1	-1	1	3	1	1	1	1	1	1	1	1213	-1
1223	2	12231	12232	-1	-1	-1	-1	-1	-1	-1	-1	-1	1	3	1	1	1	1	1	1	1	1223	-1
1233	2	12331	12332	-1	-1	-1	-1	-1	-1	-1	-1	-1	1	3	1	1	1	1	1	1	1	1233	-1
1243	3	12431	12432	12433	-1	-1	-1	-1	-1	-1	-1	-1	1	3	1	1	1	1	1	1	1	1243	-1
1253	3	12531	12532	12533	-1	-1	-1	-1	-1	-1	-1	-1	1	3	1	1	1	1	1	1	1	1253	-1
1263	3	12631	12632	12633	-1	-1	-1	-1	-1	-1	-1	-1	1	2	1	1	1	1	1	1	1	1263	-1
213	3	2131	2132	2133	-1	-1	-1	-1	-1	-1	-1	-1	1	3	1	1	1	1	1	1	1	213	-1
223	3	2231	2232	2233	-1	-1	-1	-1	-1	-1	-1	-1	1	3	1	1	1	1	1	1	1	223	-1
233	3	2331	2332	2333	-1	-1	-1	-1	-1	-1	-1	-1	1	3	1	1	1	1	1	1	1	233	-1
243	3	2431	2432	2433	-1	-1	-1	-1	-1	-1	-1	-1	1	3	1	1	1	1	1	1	1	243	-1
253	3	2531	2532	2533	-1	-1	-1	-1	-1	-1	-1	-1	1	3	1	1	1	1	1	1	1	253	-1
263	3	2631	2632	2633	-1	-1	-1	-1	-1	-1	-1	-1	1	3	1	1	1	1	1	1	1	263	-1
273	3	2731	2732	2733	-1	-1	-1	-1	-1	-1	-1	-1	1	3	1	1	1	1	1	1	1	273	-1
283	3	2831	2832	2833	-1	-1	-1	-1	-1	-1	-1	-1	1	3	1	1	1	1	1	1	1	283	-1
293	3	2931	2932	2933	-1	-1	-1	-1	-1	-1	-1	-1	1	3	1	1	1	1	1	1	1	293	-1
2103	3	21031	21032	21033	-1	-1	-1	-1	-1	-1	-1	-1	1	2	1	1	1	1	1	1	1	2103	-1
2113	3	21131	21132	21133	-1	-1	-1	-1	-1	-1	-1	-1	1	3	1	1	1	1	1	1	1	2113	-1
2123	3	21231	21232	21233	-1	-1	-1	-1	-1	-1	-1	-1	1	3	1	1	1	1	1	1	1	2123	-1
2133	3	21331	21332	21333	-1	-1	-1	-1	-1	-1	-1	-1	1	3	1	1	1	1	1	1	1	2133	-1
2143	3	21431	21432	21433	-1	-1	-1	-1	-1	-1	-1	-1	1	3	1	1	1	1	1	1	1	2143	-1
2153	3	21531	21532	21533	-1	-1	-1	-1	-1	-1	-1	-1	1	3	1	1	1	1	1	1	1	2153	-1
2163	3	21631	21632	21633	-1	-1	-1	-1	-1	-1	-1	-1	1	3	1	1	1	1	1	1	1	2163	-1
2173	3	21731	21732	21733	-1	-1	-1	-1	-1	-1	-1	-1	1	3	1	1	1	1	1	1	1	2173	-1
2183	3	21831	21832	21833	-1	-1	-1	-1	-1	-1	-1	-1	1	3	1	1	1	1	1	1	1	2183	-1
2193	3	21931	21932	21933	-1	-1	-1	-1	-1	-1	-1	-1	1	3	1	1	1	1	1	1	1	2193	-1
2203	3	22031	22032	22033	-1	-1	-1	-1	-1	-1	-1	-1	1	2	1	1	1	1	1	1	1	2203	-1
2213	3	22131	22132	22133	-1	-1	-1	-1	-1	-1	-1	-1	1	3	1	1	1	1	1	1	1	2213	-1
2223	3	22231	22232	22233	-1	-1	-1	-1	-1	-1	-1	-1	1	3	1	1	1	1	1	1	1	2223	-1
2233	3	22331	22332	22333	-1	-1	-1	-1	-1	-1	-1	-1	1	3	1	1	1	1	1	1	1	2233	-1
2243	3	22431	22432	22433	-1	-1	-1	-1	-1	-1	-1	-1	1	3	1	1	1	1	1	1	1	2243	-1
2253	3	22531	22532	22533	-1	-1	-1	-1	-1	-1	-1	-1	1	3	1	1	1	1	1	1	1	2253	-1
2263	3	22631	22632	22633	-1	-1	-1	-1	-1	-1	-1	-1	1	3	1	1	1	1	1	1	1	2263	-1
2273	3	22731	22732	22733	-1	-1	-1	-1	-1	-1	-1	-1	1	3	1	1	1	1	1	1	1	2273	-1
2283	3	22831	22832	22833	-1	-1	-1	-1	-1	-1	-1	-1	1	3	1	1	1	1	1	1	1	2283	-1
2293	3	22931	22932	22933	-1	-1	-1	-1	-1	-1	-1	-1	1	3	1	1	1	1	1	1	1	2293	-1
2303	3	23031	23032	23033	-1	-1	-1	-1	-1	-1	-1	-1	1	2	1	1	1	1	1	1	1	2303	-1
313	3	3131	3132	3133	-1	-1	-1	-1	-1	-1	-1	-1	1	3	1	1	1	1	1	1	1	313	-1
323	3	3231	3232	3233	-1	-1	-1	-1	-1	-1	-1	-1	1	3	1	1	1	1	1	1	1	323	-1
333	3	3331	3332	3333	-1	-1	-1	-1	-1	-1	-1	-1	1	3	1	1	1	1	1	1	1	333	-1
343	3	3431	3432	3433	-1	-1	-1	-1	-1	-1	-1	-1	1	3	1	1	1	1	1	1	1	343	-1
353	3	3531	3532	3533	-1	-1	-1	-1	-1	-1	-1	-1	1	3	1	1	1	1	1	1	1	353	-1
363	3	3631	3632	3633	-1	-1	-1	-1	-1	-1	-1	-1	1	3	1	1	1	1	1	1	1	363	-1
373	3	3731	3732	3733	-1	-1	-1	-1	-1	-1	-1	-1	1	3	1	1	1	1	1	1	1	373	-1
383	3	3831	3832	3833	-1	-1	-1	-1	-1	-1	-1	-1	1	3	1	1	1	1	1	1	1	383	-1
393	3	3931	3932	3933	-1	-1	-1	-1	-1	-1	-1	-1	1	3	1	1	1	1	1	1	1	393	-1
3103	3	31031	31032	31033	-1	-1	-1	-1	-1	-1	-1	-1	1	2	1	1	1	1	1	1	1	3103	-1
3113	3	31131	31132	31133	-1	-1	-1	-1	-1	-1	-1	-1	1	3	1	1	1	1	1	1	1	3113	-1
3123	3	31231	31232	31233	-1	-1	-1	-1	-1	-1	-1	-1	1	3	1	1	1	1	1	1	1	3123	-1
3133	3	31331	31332	31333	-1	-1	-1	-1	-1	-1	-1	-1	1	3	1	1	1	1	1	1	1	3133	-1
3143	3	31431	31432	31433	-1	-1	-1	-1	-1	-1	-1	-1	1	3	1	1	1	1	1	1	1	3143	-1
3153	3	31531	31532	31533	-1	-1	-1	-1	-1	-1	-1	-1	1	3	1	1	1	1	1	1	1	3153	-1
3163	3	31631	31632	31633	-1	-1	-1	-1	-1	-1	-1	-1	1	3	1	1	1	1	1	1	1	3163	-1
3173	3	31731	31732	31733	-1	-1	-1	-1	-1	-1	-1	-1	1	3	1	1	1	1	1	1	1	3173	-1
3183	3	31831	31832	31833	-1	-1	-1	-1	-1	-1	-1	-1	1	3	1	1	1	1	1	1	1	3183	-1
3193	3	31931	31932	31933	-1	-1	-1	-1	-1	-1	-1	-1	1	3	1	1	1	1	1	1	1	3193	-1
3203	3	32031	32032	32033	-1	-1	-1	-1	-1	-1	-1	-1	1	2	1	1	1	1	1	1	1	3203	-1
3213	3	32131	32132	32133	-1	-1	-1	-1	-1	-1	-1	-1	1	3	1	1	1	1	1	1	1	3213	-1
3223	3	32231	32232	32233	-1	-1	-1	-1	-1	-1	-1	-1	1	3	1	1	1	1	1	1	1	3223	-1
3233	3	32331	32332	32333	-1	-1	-1	-1	-1	-1	-1	-1	1	3	1	1	1	1	1	1	1	3233	-1
3243	3	32431	32432	32433	-1	-1	-1	-1	-1	-1	-1	-1	1	3	1	1	1	1	1	1	1	3243	-1
3253	3	32531	32532	32533	-1	-1	-1	-1	-1	-1	-1	-1	1	3	1	1	1	1	1	1	1	3253	-1
3263	3	32631	32632	32633	-1	-1	-1	-1	-1	-1	-1	-1	1	3	1	1	1	1	1	1	1	3263	-1
3273	3	32731	32732	32733	-1	-1	-1	-1	-1	-1	-1	-1	1	3	1	1	1	1	1	1	1	3273	-1
3283	3	32831	32832	32833	-1	-1	-1	-1	-1	-1	-1	-1	1	3	1	1	1	1	1	1	1	3283	-1
3293	3	32931	32932	32933	-1	-1	-1	-1	-1	-1	-1	-1	1	3	1	1	1	1	1	1	1	3293	-1
3303	3	33031	33032	33033	-1	-1	-1	-1	-1	-1	-1	-1	1	2	1	1	1	1	1	1	1	3303	-1
413	3	4131	4132	4133	-1	-1	-1	-1	-1	-1	-1	-1	1	3	1	1	1	1	1	1	1	413	-1
423	3	4231	4232	4233	-1	-1	-1	-1	-1	-1	-1	-1	1	3	1	1	1	1	1	1	1	423	-1
433	3	4331	4332	4333	-1	-1	-1	-1	-1	-1	-1	-1	1	3	1	1	1	1	1	1	1	433	-1
443	3	4431	4432	4433	-1	-1	-1	-1	-1	-1	-1	-1	1	3	1	1	1	1	1	1	1	443	-1
453	3	4531	4532	4533	-1	-1	-1	-1	-1	-1	-1	-1	1	3	1	1	1	1	1	1	1	453	-1
463	3	4631	4632	4633	-1	-1	-1	-1	-1	-1	-1	-1	1	3	1	1	1	1	1	1	1	463	-1
473	3	4731	4732	4733	-1	-1	-1	-1	-1	-1	-1	-1	1	3	1	1	1	1	1	1	1	473	-1
483	3	4831	4832	4833	-1	-1	-1	-1	-1	-1	-1	-1	1	3	1	1	1	1	1	1	1	483	-1
493	3	4931	4932	4933	-1	-1	-1	-1	-1	-1	-1	-1	1	3	1	1	1	1	1	1	1	493	-1
4103	3	41031	41032	41033	-1	-1	-1	-1	-1	-1	-1	-1	1	2	1	1	1	1	1	1	1	4103	-1
4113	3	41131	41132	41133	-1	-1	-1	-1	-1	-1	-1	-1	1	3	1	1	1	1	1	1	1	4113	-1
4123	3	41231	41232	41233	-1	-1	-1	-1	-1	-1	-1	-1	1	3	1	1	1	1	1	1	1	4123	-1
4133	3	41331	41332	41333	-1	-1	-1	-1	-1	-1	-1	-1	1	3	1	1	1	1	1	1	1	4133	-1
4143	3	41431	41432	41433	-1	-1	-1	-1	-1	-1	-1	-1	1	3	1	1	1	1	1	1	1	4143	-1
4153	3	41531	41532	41533	-1	-1	-1	-1	-1	-1	-1	-1	1	3	1	1	1	1	1	1	1	4153	-1
4163	3	41631	41632	41633	-1	-1	-1	-1	-1	-1	-1	-1	1	3	1	1	1	1	1	1	1	4163	-1
4173	3	41731	41732	41733	-1	-1	-1	-1	-1	-1	-1	-1	1	3	1	1	1	1	1	1	1	4173	-1
4183	3	41831	41832	41833	-1	-1	-1	-1	-1	-1	-1	-1	1	3	1	1	1	1	1	1	1	4183	-1
4193	3	41931	41932	41933	-1	-1	-1	-1	-1	-1	-1	-1	1	3	1	1	1	1	1	1	1	4193	-1
4203	3	42031	42032	42033	-1	-1	-1	-1	-1	-1	-1	-1	1	2	1	1	1	1	1	1	1	4203	-1
4213	3	42131	42132	42133	-1	-1	-1	-1	-1	-1	-1	-1	1	3	1	1	1	1	1	1	1	4213	-1
4223	3	42231	42232	42233	-1	-1	-1	-1	-1	-1	-1	-1	1	3	1	1	1	1	1	1	1	4223	-1
4233	3	42331	42332	42333	-1	-1	-1	-1	-1	-1	-1	-1	1	3	1	1	1	1	1	1	1	4233	-1
4243	3	42431	42432	42433	-1	-1	-1	-1	-1	-1	-1	-1	1	3	1	1	1	1	1	1	1	4243	-1
4253	3	42531	42532	42533	-1	-1	-1	-1	-1	-1	-1	-1	1	3	1	1	1	1	1	1	1	4253	-1
4263	3	42631	42632	42633	-1	-1	-1	-1	-1	-1	-1	-1	1	3	1	1	1	1	1	1	1	4263	-1
4273	3	42731	42732	42733	-1	-1	-1	-1	-1	-1	-1	-1	1	3	1	1	1	1	1	1	1	4273	-1
4283	3	42831	42832	42833	-1	-1	-1	-1	-1	-1	-1	-1	1	3	1	1	1	1	1	1	1	4283	-1
4293	3	42931	42932	42933	-1	-1	-1	-1	-1	-1	-1	-1	1	3	1	1	1	1	1	1	1	4293	-1
4303	3	43031	43032	43033	-1	-1	-1	-1	-1	-1	-1	-1	1	2	1	1	1	1	1	1	1	4303	-1
513	3	5131	5132	5133	-1	-1	-1	-1	-1	-1	-1	-1	1	2	1	1	1	1	1	1	1	513	-1
523	3	5231	5232	5233	-1	-1	-1	-1	-1	-1	-1	-1	1	2	1	1	1	1	1	1	1	523	-1
533	3	5331	5332	5333	-1	-1	-1	-1	-1	-1	-1	-1	1	2	1	1	1	1	1	1	1	533	-1
543	3	5431	5432	5433	-1	-1	-1	-1	-1	-1	-1	-1	1	2	1	1	1	1	1	1	1	543	-1
553	3	5531	5532	5533	-1	-1	-1	-1	-1	-1	-1	-1	1	2	1	1	1	1	1	1	1	553	-1
563	3	5631	5632	5633	-1	-1	-1	-1	-1	-1	-1	-1	1	2	1	1	1	1	1	1	1	563	-1
573	3	5731	5732	5733	-1	-1	-1	-1	-1	-1	-1	-1	1	2	1	1	1	1	1	1	1	573	-1
583	3	5831	5832	5833	-1	-1	-1	-1	-1	-1	-1	-1	1	2	1	1	1	1	1	1	1	583	-1
593	3	5931	5932	5933	-1	-1	-1	-1	-1	-1	-1	-1	1	2	1	1	1	1	1	1	1	593	-1
5103	3	51031	51032	51033	-1	-1	-1	-1	-1	-1	-1	-1	1	2	1	1	1	1	1	1	1	5103	-1
5113	3	51131	51132	51133	-1	-1	-1	-1	-1	-1	-1	-1	1	2	1	1	1	1	1	1	1	5113	-1
5123	3	51231	51232	51233	-1	-1	-1	-1	-1	-1	-1	-1	1	2	1	1	1	1	1	1	1	5123	-1
5133	3	51331	51332	51333	-1	-1	-1	-1	-1	-1	-1	-1	1	2	1	1	1	1	1	1	1	5133	-1
5143	3	51431	51432	51433	-1	-1	-1	-1	-1	-1	-1	-1	1	2	1	1	1	1	1	1	1	5143	-1
5153	3	51531	51532	51533	-1	-1	-1	-1	-1	-1	-1	-1	1	2	1	1	1	1	1	1	1	5153	-1
5163	3	51631	51632	51633	-1	-1	-1	-1	-1	-1	-1	-1	1	2	1	1	1	1	1	1	1	5163	-1
5173	3	51731	51732	51733	-1	-1	-1	-1	-1	-1	-1	-1	1	2	1	1	1	1	1	1	1	5173	-1
5183	3	51831	51832	51833	-1	-1	-1	-1	-1	-1	-1	-1	1	2	1	1	1	1	1	1	1	5183	-1
5193	3	51931	51932	51933	-1	-1	-1	-1	-1	-1	-1	-1	1	2	1	1	1	1	1	1	1	5193	-1
5203	3	52031	52032	52033	-1	-1	-1	-1	-1	-1	-1	-1	1	2	1	1	1	1	1	1	1	5203	-1
5213	3	52131	52132	52133	-1	-1	-1	-1	-1	-1	-1	-1	1	2	1	1	1	1	1	1	1	5213	-1
5223	3	52231	52232	52233	-1	-1	-1	-1	-1	-1	-1	-1	1	2	1	1	1	1	1	1	1	5223	-1
5233	3	52331	52332	52333	-1	-1	-1	-1	-1	-1	-1	-1	1	2	1	1	1	1	1	1	1	5233	-1
5243	3	52431	52432	52433	-1	-1	-1	-1	-1	-1	-1	-1	1	2	1	1	1	1	1	1	1	5243	-1
5253	3	52531	52532	52533	-1	-1	-1	-1	-1	-1	-1	-1	1	2	1	1	1	1	1	1	1	5253	-1
5263	3	52631	52632	52633	-1	-1	-1	-1	-1	-1	-1	-1	1	2	1	1	1	1	1	1	1	5263	-1
5273	3	52731	52732	52733	-1	-1	-1	-1	-1	-1	-1	-1	1	2	1	1	1	1	1	1	1	5273	-1
5283	3	52831	52832	52833	-1	-1	-1	-1	-1	-1	-1	-1	1	2	1	1	1	1	1	1	1	5283	-1
5293	3	52931	52932	52933	-1	-1	-1	-1	-1	-1	-1	-1	1	2	1	1	1	1	1	1	1	5293	-1
5303	3	53031	53032	53033	-1	-1	-1	-1	-1	-1	-1	-1	1	2	1	1	1	1	1	1	1	5303	-1
613	3	6131	6132	6133	-1	-1	-1	-1	-1	-1	-1	-1	1	2	1	1	1	1	1	1	1	613	-1
623	3	6231	6232	6233	-1	-1	-1	-1	-1	-1	-1	-1	1	2	1	1	1	1	1	1	1	623	-1
633	3	6331	6332	6333	-1	-1	-1	-1	-1	-1	-1	-1	1	2	1	1	1	1	1	1	1	633	-1
643	3	6431	6432	6433	-1	-1	-1	-1	-1	-1	-1	-1	1	2	1	1	1	1	1	1	1	643	-1
653	3	6531	6532	6533	-1	-1	-1	-1	-1	-1	-1	-1	1	2	1	1	1	1	1	1	1	653	-1
663	3	6631	6632	6633	-1	-1	-1	-1	-1	-1	-1	-1	1	2	1	1	1	1	1	1	1	663	-1
673	3	6731	6732	6733	-1	-1	-1	-1	-1	-1	-1	-1	1	2	1	1	1	1	1	1	1	673	-1
683	3	6831	6832	6833	-1	-1	-1	-1	-1	-1	-1	-1	1	2	1	1	1	1	1	1	1	683	-1
693	3	6931	6932	6933	-1	-1	-1	-1	-1	-1	-1	-1	1	2	1	1	1	1	1	1	1	693	-1
6103	3	61031	61032	61033	-1	-1	-1	-1	-1	-1	-1	-1	1	2	1	1	1	1	1	1	1	6103	-1
6113	3	61131	61132	61133	-1	-1	-1	-1	-1	-1	-1	-1	1	2	1	1	1	1	1	1	1	6113	-1
6123	3	61231	61232	61233	-1	-1	-1	-1	-1	-1	-1	-1	1	2	1	1	1	1	1	1	1	6123	-1
6133	3	61331	61332	61333	-1	-1	-1	-1	-1	-1	-1	-1	1	2	1	1	1	1	1	1	1	6133	-1
6143	3	61431	61432	61433	-1	-1	-1	-1	-1	-1	-1	-1	1	2	1	1	1	1	1	1	1	6143	-1
6153	3	61531	61532	61533	-1	-1	-1	-1	-1	-1	-1	-1	1	2	1	1	1	1	1	1	1	6153	-1
6163	3	61631	61632	61633	-1	-1	-1	-1	-1	-1	-1	-1	1	2	1	1	1	1	1	1	1	6163	-1
6173	3	61731	61732	61733	-1	-1	-1	-1	-1	-1	-1	-1	1	2	1	1	1	1	1	1	1	6173	-1
6183	3	61831	61832	61833	-1	-1	-1	-1	-1	-1	-1	-1	1	2	1	1	1	1	1	1	1	6183	-1
6193	3	61931	61932	61933	-1	-1	-1	-1	-1	-1	-1	-1	1	2	1	1	1	1	1	1	1	6193	-1
6203	3	62031	62032	62033	-1	-1	-1	-1	-1	-1	-1	-1	1	2	1	1	1	1	1	1	1	6203	-1
6213	3	62131	62132	62133	-1	-1	-1	-1	-1	-1	-1	-1	1	2	1	1	1	1	1	1	1	6213	-1
6223	3	62231	62232	62233	-1	-1	-1	-1	-1	-1	-1	-1	1	2	1	1	1	1	1	1	1	6223	-1
6233	3	62331	62332	62333	-1	-1	-1	-1	-1	-1	-1	-1	1	2	1	1	1	1	1	1	1	6233	-1
6243	3	62431	62432	62433	-1	-1	-1	-1	-1	-1	-1	-1	1	2	1	1	1	1	1	1	1	6243	-1
6253	3	62531	62532	62533	-1	-1	-1	-1	-1	-1	-1	-1	1	2	1	1	1	1	1	1	1	6253	-1
6263	3	62631	62632	62633	-1	-1	-1	-1	-1	-1	-1	-1	1	2	1	1	1	1	1	1	1	6263	-1
6273	3	62731	62732	62733	-1	-1	-1	-1	-1	-1	-1	-1	1	2	1	1	1	1	1	1	1	6273	-1
6283	3	62831	62832	62833	-1	-1	-1	-1	-1	-1	-1	-1	1	2	1	1	1	1	1	1	1	6283	-1
6293	3	62931	62932	62933	-1	-1	-1	-1	-1	-1	-1	-1	1	2	1	1	1	1	1	1	1	6293	-1
6303	3	63031	63032	63033	-1	-1	-1	-1	-1	-1	-1	-1	1	2	1	1	1	1	1	1	1	6303	-1
51	1	5011	-1	-1	-1	-1	-1	-1	-1	-1	-1	1	1	1	1	1	1	1	1	1	1	51	0
52	1	5021	-1	-1	-1	-1	-1	-1	-1	-1	-1	1	1	1	1	1	1	1	1	1	1	52	1
53	1	5031	-1	-1	-1	-1	-1	-1	-1	-1	-1	1	1	1	1	1	1	1	1	1	1	53	2
54	1	801	-1	-1	-1	-1	-1	-1	-1	-1	-1	1	1	1	1	1	1	1	1	1	1	54	-1
55	1	802	-1	-1	-1	-1	-1	-1	-1	-1	-1	1	1	1	1	1	1	1	1	1	1	55	-1
56	1	804	-1	-1	-1	-1	-1	-1	-1	-1	-1	1	1	1	1	1	1	1	1	1	1	56	-1
57	1	805	-1	-1	-1	-1	-1	-1	-1	-1	-1	1	1	1	1	1	1	1	1	1	1	57	-1
58	1	806	-1	-1	-1	-1	-1	-1	-1	-1	-1	1	1	1	1	1	1	1	1	1	1	58	-1
59	1	807	-1	-1	-1	-1	-1	-1	-1	-1	-1	1	1	1	1	1	1	1	1	1	1	59	-1
60	1	808	-1	-1	-1	-1	-1	-1	-1	-1	-1	1	1	1	1	1	1	1	1	1	1	60	-1
5001	2	50011	50017	-1	-1	-1	-1	-1	-1	-1	-1	1	1	1	1	1	1	1	1	1	1	60	-1
5002	2	50012	50018	-1	-1	-1	-1	-1	-1	-1	-1	1	1	1	1	1	1	1	1	1	1	60	-1
5003	2	50013	50019	-1	-1	-1	-1	-1	-1	-1	-1	1	1	1	1	1	1	1	1	1	1	60	-1
5004	2	50014	50026	-1	-1	-1	-1	-1	-1	-1	-1	1	1	1	1	1	1	1	1	1	1	60	-1
5005	2	50027	50030	-1	-1	-1	-1	-1	-1	-1	-1	1	1	1	1	1	1	1	1	1	1	60	-1
6001	1	60011	-1	-1	-1	-1	-1	-1	-1	-1	-1	1	1	1	1	1	1	1	1	1	1	60	-1
6002	1	60012	-1	-1	-1	-1	-1	-1	-1	-1	-1	1	1	1	1	1	1	1	1	1	1	60	-1
6003	1	60013	-1	-1	-1	-1	-1	-1	-1	-1	-1	1	1	1	1	1	1	1	1	1	1	60	-1
6004	1	60014	-1	-1	-1	-1	-1	-1	-1	-1	-1	1	1	1	1	1	1	1	1	1	1	60	-1
6005	1	60015	-1	-1	-1	-1	-1	-1	-1	-1	-1	1	1	1	1	1	1	1	1	1	1	60	-1
77101	1	70101	-1	-1	-1	-1	-1	-1	-1	-1	-1	1	1	1	1	1	1	1	1	1	1	60	-1
77102	1	70102	-1	-1	-1	-1	-1	-1	-1	-1	-1	1	1	1	1	1	1	1	1	1	1	60	-1
77103	1	70103	-1	-1	-1	-1	-1	-1	-1	-1	-1	1	1	1	1	1	1	1	1	1	1	60	-1
77104	1	70104	-1	-1	-1	-1	-1	-1	-1	-1	-1	1	1	1	1	1	1	1	1	1	1	60	-1
77201	1	70201	-1	-1	-1	-1	-1	-1	-1	-1	-1	1	1	1	1	1	1	1	1	1	1	60	-1
77202	1	70202	-1	-1	-1	-1	-1	-1	-1	-1	-1	1	1	1	1	1	1	1	1	1	1	60	-1
77203	1	70203	-1	-1	-1	-1	-1	-1	-1	-1	-1	1	1	1	1	1	1	1	1	1	1	60	-1
77204	1	70204	-1	-1	-1	-1	-1	-1	-1	-1	-1	1	1	1	1	1	1	1	1	1	1	60	-1
77301	1	70301	-1	-1	-1	-1	-1	-1	-1	-1	-1	1	1	1	1	1	1	1	1	1	1	60	-1
77302	1	70302	-1	-1	-1	-1	-1	-1	-1	-1	-1	1	1	1	1	1	1	1	1	1	1	60	-1
77303	1	70303	-1	-1	-1	-1	-1	-1	-1	-1	-1	1	1	1	1	1	1	1	1	1	1	60	-1
77304	1	70304	-1	-1	-1	-1	-1	-1	-1	-1	-1	1	1	1	1	1	1	1	1	1	1	60	-1
77401	1	70401	-1	-1	-1	-1	-1	-1	-1	-1	-1	1	1	1	1	1	1	1	1	1	1	60	-1
77402	1	70402	-1	-1	-1	-1	-1	-1	-1	-1	-1	1	1	1	1	1	1	1	1	1	1	60	-1
77403	1	70403	-1	-1	-1	-1	-1	-1	-1	-1	-1	1	1	1	1	1	1	1	1	1	1	60	-1
77404	1	70404	-1	-1	-1	-1	-1	-1	-1	-1	-1	1	1	1	1	1	1	1	1	1	1	60	-1
77501	1	70501	-1	-1	-1	-1	-1	-1	-1	-1	-1	1	1	1	1	1	1	1	1	1	1	60	-1
77502	1	70502	-1	-1	-1	-1	-1	-1	-1	-1	-1	1	1	1	1	1	1	1	1	1	1	60	-1
77503	1	70503	-1	-1	-1	-1	-1	-1	-1	-1	-1	1	1	1	1	1	1	1	1	1	1	60	-1
77504	1	70504	-1	-1	-1	-1	-1	-1	-1	-1	-1	1	1	1	1	1	1	1	1	1	1	60	-1
8001	6	80101	80102	80103	80104	80105	80105	-1	-1	-1	-1	1	1	1	1	1	1	1	1	1	1	60	-1
8002	6	80201	80202	80203	80204	80205	80205	-1	-1	-1	-1	1	1	1	1	1	1	1	1	1	1	60	-1
8003	6	80301	80302	80303	80304	80305	80305	-1	-1	-1	-1	1	1	1	1	1	1	1	1	1	1	60	-1
8004	6	80401	80402	80403	80404	80405	80405	-1	-1	-1	-1	1	1	1	1	1	1	1	1	1	1	60	-1
8005	6	80501	80502	80503	80504	80505	80505	-1	-1	-1	-1	1	1	1	1	1	1	1	1	1	1	60	-1
8006	1	80601	-1	-1	-1	-1	-1	-1	1	1	1	1	1	1	1	1	1	1	1	1	1	60	-1
10001	1	10001	-1	-1	-1	-1	-1	-1	-1	-1	-1	3	1	1	1	1	1	1	1	1	1	60	-1
10002	1	10002	-1	-1	-1	-1	-1	-1	-1	-1	-1	3	1	1	1	1	1	1	1	1	1	60	-1
118001	6	4010061	4010064	4010067	4010082	4010094	4010097	-1	-1	-1	-1	1	1	1	1	1	1	1	1	1	1	60	-1
118002	6	4020037	4020040	4020043	4020046	4020049	4020052	-1	-1	-1	-1	1	1	1	1	1	1	1	1	1	1	60	-1
118003	6	4020217	4020220	4020223	4020226	4020229	4020232	-1	-1	-1	-1	1	1	1	1	1	1	1	1	1	1	60	-1
118004	6	4020397	4020400	4020403	4020406	4020409	4020412	-1	-1	-1	-1	1	1	1	1	1	1	1	1	1	1	60	-1
118005	6	4020496	4020499	4020502	4020505	4020508	4020511	-1	-1	-1	-1	1	1	1	1	1	1	1	1	1	1	60	-1
17101	1	171011	-1	-1	-1	-1	-1	-1	-1	-1	-1	1	1	1	1	1	1	1	1	1	1	60	-1
17102	1	171021	-1	-1	-1	-1	-1	-1	-1	-1	-1	1	1	1	1	1	1	1	1	1	1	60	-1
17103	1	171031	-1	-1	-1	-1	-1	-1	-1	-1	-1	1	1	1	1	1	1	1	1	1	1	60	-1
17104	1	171041	-1	-1	-1	-1	-1	-1	-1	-1	-1	1	1	1	1	1	1	1	1	1	1	60	-1
17105	1	171051	-1	-1	-1	-1	-1	-1	-1	-1	-1	1	1	1	1	1	1	1	1	1	1	60	-1
1011	3	4030001	4030002	4030003	-1	-1	-1	-1	-1	-1	-1	-1	1	2	1	1	1	1	1	1	1	611	-1
1021	3	4030004	4030005	4030006	-1	-1	-1	-1	-1	-1	-1	-1	1	2	1	1	1	1	1	1	1	621	-1
1031	3	4030007	4030008	4030009	-1	-1	-1	-1	-1	-1	-1	-1	1	2	1	1	1	1	1	1	1	631	-1
1041	3	4030010	4030011	4030012	-1	-1	-1	-1	-1	-1	-1	-1	1	2	1	1	1	1	1	1	1	641	-1
1051	3	4030013	4030014	4030015	-1	-1	-1	-1	-1	-1	-1	1	1	1	1	1	3	1	1	1	1	651	-1
1061	3	4030016	4030017	4030018	-1	-1	-1	-1	-1	-1	-1	-1	1	2	1	1	1	1	1	1	1	661	-1
1071	3	4030019	4030020	4030021	-1	-1	-1	-1	-1	-1	-1	-1	1	2	1	1	1	1	1	1	1	671	-1
1081	3	4030022	4030023	4030024	-1	-1	-1	-1	-1	-1	-1	-1	1	2	1	1	1	1	1	1	1	681	-1
1091	3	4030025	4030026	4030027	-1	-1	-1	-1	-1	-1	-1	-1	1	2	1	1	1	1	1	1	1	691	-1
10101	3	4030028	4030029	4030030	-1	-1	-1	-1	-1	-1	-1	1	1	1	1	1	3	1	1	1	1	6101	-1
10111	3	4030031	4030032	4030033	-1	-1	-1	-1	-1	-1	-1	-1	1	2	1	1	1	1	1	1	1	6111	-1
10121	3	4030034	4030035	4030036	-1	-1	-1	-1	-1	-1	-1	-1	1	2	1	1	1	1	1	1	1	6121	-1
10131	3	4030037	4030038	4030039	-1	-1	-1	-1	-1	-1	-1	-1	1	2	1	1	1	1	1	1	1	6131	-1
10141	3	4030040	4030041	4030042	-1	-1	-1	-1	-1	-1	-1	-1	1	2	1	1	1	1	1	1	1	6141	-1
10151	3	4030043	4030044	4030045	-1	-1	-1	-1	-1	-1	-1	1	1	1	1	1	3	1	1	1	1	6151	-1
10161	3	4030046	4030047	4030048	-1	-1	-1	-1	-1	-1	-1	-1	1	2	1	1	1	1	1	1	1	6161	-1
10171	3	4030049	4030050	4030051	-1	-1	-1	-1	-1	-1	-1	-1	1	2	1	1	1	1	1	1	1	6171	-1
10181	3	4030052	4030053	4030054	-1	-1	-1	-1	-1	-1	-1	-1	1	2	1	1	1	1	1	1	1	6181	-1
10191	3	4030055	4030056	4030057	-1	-1	-1	-1	-1	-1	-1	-1	1	2	1	1	1	1	1	1	1	6191	-1
10201	3	4030058	4030059	4030060	-1	-1	-1	-1	-1	-1	-1	1	1	1	1	1	3	1	1	1	1	6201	-1
10211	3	4030061	4030062	4030063	-1	-1	-1	-1	-1	-1	-1	-1	1	2	1	1	1	1	1	1	1	6211	-1
10221	3	4030064	4030065	4030066	-1	-1	-1	-1	-1	-1	-1	-1	1	2	1	1	1	1	1	1	1	6221	-1
10231	3	4030067	4030068	4030069	-1	-1	-1	-1	-1	-1	-1	-1	1	2	1	1	1	1	1	1	1	6231	-1
10241	3	4030070	4030071	4030072	-1	-1	-1	-1	-1	-1	-1	-1	1	2	1	1	1	1	1	1	1	6241	-1
10251	3	4030073	4030074	4030075	-1	-1	-1	-1	-1	-1	-1	1	1	1	1	1	3	1	1	1	1	6251	-1
10261	3	4030076	4030077	4030078	-1	-1	-1	-1	-1	-1	-1	-1	1	2	1	1	1	1	1	1	1	6261	-1
10271	3	4030079	4030080	4030081	-1	-1	-1	-1	-1	-1	-1	-1	1	2	1	1	1	1	1	1	1	6271	-1
10281	3	4030082	4030083	4030084	-1	-1	-1	-1	-1	-1	-1	-1	1	2	1	1	1	1	1	1	1	6281	-1
10291	3	4030085	4030086	4030087	-1	-1	-1	-1	-1	-1	-1	-1	1	2	1	1	1	1	1	1	1	6291	-1
10301	3	4030088	4030089	4030090	-1	-1	-1	-1	-1	-1	-1	-1	1	2	1	1	1	1	1	1	1	6301	-1
																							
11001	3	4040001	4040002	4040003	-1	-1	-1	-1	-1	-1	-1	-1	1	2	1	1	1	1	1	1	1	611	-1
11002	3	4040004	4040005	4040006	-1	-1	-1	-1	-1	-1	-1	-1	1	2	1	1	1	1	1	1	1	621	-1
11003	3	4040007	4040008	4040009	-1	-1	-1	-1	-1	-1	-1	-1	1	2	1	1	1	1	1	1	1	631	-1
11004	3	4040010	4040011	4040012	-1	-1	-1	-1	-1	-1	-1	-1	1	2	1	1	1	1	1	1	1	641	-1
11005	3	4040013	4040014	4040015	-1	-1	-1	-1	-1	-1	-1	1	1	1	1	1	3	1	1	1	1	651	-1
11006	3	4040016	4040017	4040018	-1	-1	-1	-1	-1	-1	-1	-1	1	2	1	1	1	1	1	1	1	661	-1
11007	3	4040019	4040020	4040021	-1	-1	-1	-1	-1	-1	-1	-1	1	2	1	1	1	1	1	1	1	671	-1
11008	3	4040022	4040023	4040024	-1	-1	-1	-1	-1	-1	-1	-1	1	2	1	1	1	1	1	1	1	681	-1
11009	3	4040025	4040026	4040027	-1	-1	-1	-1	-1	-1	-1	-1	1	2	1	1	1	1	1	1	1	691	-1
11010	3	4040028	4040029	4040030	-1	-1	-1	-1	-1	-1	-1	1	1	1	1	1	3	1	1	1	1	6101	-1
11011	3	4040031	4040032	4040033	-1	-1	-1	-1	-1	-1	-1	-1	1	2	1	1	1	1	1	1	1	6111	-1
11012	3	4040034	4040035	4040036	-1	-1	-1	-1	-1	-1	-1	-1	1	2	1	1	1	1	1	1	1	6121	-1
11013	3	4040037	4040038	4040039	-1	-1	-1	-1	-1	-1	-1	-1	1	2	1	1	1	1	1	1	1	6131	-1
11014	3	4040040	4040041	4040042	-1	-1	-1	-1	-1	-1	-1	-1	1	2	1	1	1	1	1	1	1	6141	-1
11015	3	4040043	4040044	4040045	-1	-1	-1	-1	-1	-1	-1	1	1	1	1	1	3	1	1	1	1	6151	-1
11016	3	4040046	4040047	4040048	-1	-1	-1	-1	-1	-1	-1	-1	1	2	1	1	1	1	1	1	1	6161	-1
11017	3	4040049	4040050	4040051	-1	-1	-1	-1	-1	-1	-1	-1	1	2	1	1	1	1	1	1	1	6171	-1
11018	3	4040052	4040053	4040054	-1	-1	-1	-1	-1	-1	-1	-1	1	2	1	1	1	1	1	1	1	6181	-1
11019	3	4040055	4040056	4040057	-1	-1	-1	-1	-1	-1	-1	-1	1	2	1	1	1	1	1	1	1	6191	-1
11020	3	4040058	4040059	4040060	-1	-1	-1	-1	-1	-1	-1	1	1	1	1	1	3	1	1	1	1	6201	-1
11021	3	4040061	4040062	4040063	-1	-1	-1	-1	-1	-1	-1	-1	1	2	1	1	1	1	1	1	1	6211	-1
11022	3	4040064	4040065	4040066	-1	-1	-1	-1	-1	-1	-1	-1	1	2	1	1	1	1	1	1	1	6221	-1
11023	3	4040067	4040068	4040069	-1	-1	-1	-1	-1	-1	-1	-1	1	2	1	1	1	1	1	1	1	6231	-1
11024	3	4040070	4040071	4040072	-1	-1	-1	-1	-1	-1	-1	-1	1	2	1	1	1	1	1	1	1	6241	-1
11025	3	4040073	4040074	4040075	-1	-1	-1	-1	-1	-1	-1	1	1	1	1	1	3	1	1	1	1	6251	-1
11026	3	4040076	4040077	4040078	-1	-1	-1	-1	-1	-1	-1	-1	1	2	1	1	1	1	1	1	1	6261	-1
11027	3	4040079	4040080	4040081	-1	-1	-1	-1	-1	-1	-1	-1	1	2	1	1	1	1	1	1	1	6271	-1
11028	3	4040082	4040083	4040084	-1	-1	-1	-1	-1	-1	-1	-1	1	2	1	1	1	1	1	1	1	6281	-1
11029	3	4040085	4040086	4040087	-1	-1	-1	-1	-1	-1	-1	-1	1	2	1	1	1	1	1	1	1	6291	-1
11030	3	4040088	4040089	4040090	-1	-1	-1	-1	-1	-1	-1	1	1	1	1	1	3	1	1	1	1	6301	-1
																							
12001	3	4050001	4050002	4050003	-1	-1	-1	-1	-1	-1	-1	-1	1	2	1	1	1	1	1	1	1	611	-1
12002	3	4050004	4050005	4050006	-1	-1	-1	-1	-1	-1	-1	-1	1	2	1	1	1	1	1	1	1	621	-1
12003	3	4050007	4050008	4050009	-1	-1	-1	-1	-1	-1	-1	-1	1	2	1	1	1	1	1	1	1	631	-1
12004	3	4050010	4050011	4050012	-1	-1	-1	-1	-1	-1	-1	-1	1	2	1	1	1	1	1	1	1	641	-1
12005	3	4050013	4050014	4050015	-1	-1	-1	-1	-1	-1	-1	1	1	1	1	1	3	1	1	1	1	651	-1
12006	3	4050016	4050017	4050018	-1	-1	-1	-1	-1	-1	-1	-1	1	2	1	1	1	1	1	1	1	661	-1
12007	3	4050019	4050020	4050021	-1	-1	-1	-1	-1	-1	-1	-1	1	2	1	1	1	1	1	1	1	671	-1
12008	3	4050022	4050023	4050024	-1	-1	-1	-1	-1	-1	-1	-1	1	2	1	1	1	1	1	1	1	681	-1
12009	3	4050025	4050026	4050027	-1	-1	-1	-1	-1	-1	-1	-1	1	2	1	1	1	1	1	1	1	691	-1
12010	3	4050028	4050029	4050030	-1	-1	-1	-1	-1	-1	-1	1	1	1	1	1	3	1	1	1	1	6101	-1
12011	3	4050031	4050032	4050033	-1	-1	-1	-1	-1	-1	-1	-1	1	2	1	1	1	1	1	1	1	6111	-1
12012	3	4050034	4050035	4050036	-1	-1	-1	-1	-1	-1	-1	-1	1	2	1	1	1	1	1	1	1	6121	-1
12013	3	4050037	4050038	4050039	-1	-1	-1	-1	-1	-1	-1	-1	1	2	1	1	1	1	1	1	1	6131	-1
12014	3	4050040	4050041	4050042	-1	-1	-1	-1	-1	-1	-1	-1	1	2	1	1	1	1	1	1	1	6141	-1
12015	3	4050043	4050044	4050045	-1	-1	-1	-1	-1	-1	-1	1	1	1	1	1	3	1	1	1	1	6151	-1
12016	3	4050046	4050047	4050048	-1	-1	-1	-1	-1	-1	-1	-1	1	2	1	1	1	1	1	1	1	6161	-1
12017	3	4050049	4050050	4050051	-1	-1	-1	-1	-1	-1	-1	-1	1	2	1	1	1	1	1	1	1	6171	-1
12018	3	4050052	4050053	4050054	-1	-1	-1	-1	-1	-1	-1	-1	1	2	1	1	1	1	1	1	1	6181	-1
12019	3	4050055	4050056	4050057	-1	-1	-1	-1	-1	-1	-1	-1	1	2	1	1	1	1	1	1	1	6191	-1
12020	3	4050058	4050059	4050060	-1	-1	-1	-1	-1	-1	-1	1	1	1	1	1	3	1	1	1	1	6201	-1
12021	3	4050061	4050062	4050063	-1	-1	-1	-1	-1	-1	-1	-1	1	2	1	1	1	1	1	1	1	6211	-1
12022	3	4050064	4050065	4050066	-1	-1	-1	-1	-1	-1	-1	-1	1	2	1	1	1	1	1	1	1	6221	-1
12023	3	4050067	4050068	4050069	-1	-1	-1	-1	-1	-1	-1	-1	1	2	1	1	1	1	1	1	1	6231	-1
12024	3	4050070	4050071	4050072	-1	-1	-1	-1	-1	-1	-1	-1	1	2	1	1	1	1	1	1	1	6241	-1
12025	3	4050073	4050074	4050075	-1	-1	-1	-1	-1	-1	-1	1	1	1	1	1	3	1	1	1	1	6251	-1
12026	3	4050076	4050077	4050078	-1	-1	-1	-1	-1	-1	-1	-1	1	2	1	1	1	1	1	1	1	6261	-1
12027	3	4050079	4050080	4050081	-1	-1	-1	-1	-1	-1	-1	-1	1	2	1	1	1	1	1	1	1	6271	-1
12028	3	4050082	4050083	4050084	-1	-1	-1	-1	-1	-1	-1	-1	1	2	1	1	1	1	1	1	1	6281	-1
12029	3	4050085	4050086	4050087	-1	-1	-1	-1	-1	-1	-1	-1	1	2	1	1	1	1	1	1	1	6291	-1
12030	3	4050088	4050089	4050090	-1	-1	-1	-1	-1	-1	-1	1	1	1	1	1	3	1	1	1	1	6301	-1
																							
9001	1	9000001	-1	-1	-1	-1	-1	-1	-1	-1	-1	-1	1	3	1	1	1	1	1	1	1	111	-1
9002	1	9000004	-1	-1	-1	-1	-1	-1	-1	-1	-1	-1	1	3	1	1	1	1	1	1	1	121	-1
9003	1	9000007	-1	-1	-1	-1	-1	-1	-1	-1	-1	-1	1	3	1	1	1	1	1	1	1	131	-1
9004	1	9000010	-1	-1	-1	-1	-1	-1	-1	-1	-1	-1	1	3	1	1	1	1	1	1	1	141	-1
9005	2	9000013	9000014	-1	-1	-1	-1	-1	-1	-1	-1	1	-1	1	1	1	3	1	1	1	1	151	-1
9006	2	9000016	9000017	-1	-1	-1	-1	-1	-1	-1	-1	-1	1	2	1	1	1	1	1	1	1	161	-1
9007	2	9000019	9000020	-1	-1	-1	-1	-1	-1	-1	-1	-1	1	3	1	1	1	1	1	1	1	171	-1
9008	2	9000022	9000023	-1	-1	-1	-1	-1	-1	-1	-1	-1	1	3	1	1	1	1	1	1	1	181	-1
9009	2	9000025	9000026	-1	-1	-1	-1	-1	-1	-1	-1	-1	1	3	1	1	1	1	1	1	1	191	-1
9010	2	9000013	9000014	-1	-1	-1	-1	-1	-1	-1	-1	1	-1	1	1	1	3	1	1	1	1	1101	-1
9011	2	9000016	9000017	-1	-1	-1	-1	-1	-1	-1	-1	-1	1	3	1	1	1	1	1	1	1	1111	-1
9012	2	9000019	9000020	-1	-1	-1	-1	-1	-1	-1	-1	-1	1	3	1	1	1	1	1	1	1	1121	-1
9013	2	9000022	9000023	-1	-1	-1	-1	-1	-1	-1	-1	-1	1	3	1	1	1	1	1	1	1	1131	-1
9014	2	9000025	9000026	-1	-1	-1	-1	-1	-1	-1	-1	-1	1	3	1	1	1	1	1	1	1	1141	-1
9015	2	9000028	9000029	-1	-1	-1	-1	-1	-1	-1	-1	-1	-1	3	1	1	1	1	1	1	1	1151	-1
9016	2	9010001	9010002	-1	-1	-1	-1	-1	-1	-1	-1	-1	1	3	1	1	1	1	1	1	1	211	-1
9017	2	9010004	9010005	-1	-1	-1	-1	-1	-1	-1	-1	-1	1	3	1	1	1	1	1	1	1	221	-1
9018	2	9010007	9010008	-1	-1	-1	-1	-1	-1	-1	-1	-1	1	3	1	1	1	1	1	1	1	231	-1
9019	2	9010010	9010011	-1	-1	-1	-1	-1	-1	-1	-1	-1	1	3	1	1	1	1	1	1	1	241	-1
9020	2	9010013	9010014	-1	-1	-1	-1	-1	-1	-1	-1	-1	-1	3	1	1	1	1	1	1	1	251	-1
9021	2	9010016	9010017	-1	-1	-1	-1	-1	-1	-1	-1	-1	1	3	1	1	1	1	1	1	1	261	-1
9022	2	9010019	9010020	-1	-1	-1	-1	-1	-1	-1	-1	-1	1	3	1	1	1	1	1	1	1	271	-1
9023	2	9010022	9010023	-1	-1	-1	-1	-1	-1	-1	-1	-1	1	3	1	1	1	1	1	1	1	281	-1
9024	2	9010025	9010026	-1	-1	-1	-1	-1	-1	-1	-1	-1	1	3	1	1	1	1	1	1	1	291	-1
9025	2	9010028	9010029	-1	-1	-1	-1	-1	-1	-1	-1	1	-1	1	1	1	3	1	1	1	1	2101	-1
9026	2	9010031	9010032	-1	-1	-1	-1	-1	-1	-1	-1	-1	1	3	1	1	1	1	1	1	1	2111	-1
9027	2	9010034	9010035	-1	-1	-1	-1	-1	-1	-1	-1	-1	1	3	1	1	1	1	1	1	1	2121	-1
9028	2	9010037	9010038	-1	-1	-1	-1	-1	-1	-1	-1	-1	1	3	1	1	1	1	1	1	1	2131	-1
9029	2	9010040	9010041	-1	-1	-1	-1	-1	-1	-1	-1	-1	1	3	1	1	1	1	1	1	1	2141	-1
9030	2	9010043	9010044	-1	-1	-1	-1	-1	-1	-1	-1	1	-1	1	1	1	3	1	1	1	1	2151	-1
9031	2	9010046	9010047	-1	-1	-1	-1	-1	-1	-1	-1	-1	1	3	1	1	1	1	1	1	1	2161	-1
9032	2	9010049	9010050	-1	-1	-1	-1	-1	-1	-1	-1	-1	1	3	1	1	1	1	1	1	1	2171	-1
9033	2	9010052	9010053	-1	-1	-1	-1	-1	-1	-1	-1	-1	1	3	1	1	1	1	1	1	1	2181	-1
9034	2	9010055	9010056	-1	-1	-1	-1	-1	-1	-1	-1	-1	1	3	1	1	1	1	1	1	1	2191	-1
9035	2	9010058	9010059	-1	-1	-1	-1	-1	-1	-1	-1	-1	-1	2	1	1	1	1	1	1	1	2201	-1
9036	2	9010061	9010062	-1	-1	-1	-1	-1	-1	-1	-1	-1	1	3	1	1	1	1	1	1	1	311	-1
9037	2	9010064	9010065	-1	-1	-1	-1	-1	-1	-1	-1	-1	1	3	1	1	1	1	1	1	1	321	-1
9038	2	9010067	9010068	-1	-1	-1	-1	-1	-1	-1	-1	-1	1	3	1	1	1	1	1	1	1	331	-1
9039	2	9010070	9010071	-1	-1	-1	-1	-1	-1	-1	-1	-1	1	3	1	1	1	1	1	1	1	341	-1
9040	2	9010073	9010074	-1	-1	-1	-1	-1	-1	-1	-1	1	-1	1	1	1	3	1	1	1	1	351	-1
9041	2	9010076	9010077	-1	-1	-1	-1	-1	-1	-1	-1	-1	1	3	1	1	1	1	1	1	1	361	-1
9042	2	9010079	9010080	-1	-1	-1	-1	-1	-1	-1	-1	-1	1	3	1	1	1	1	1	1	1	371	-1
9043	2	9010082	9010083	-1	-1	-1	-1	-1	-1	-1	-1	-1	1	3	1	1	1	1	1	1	1	381	-1
9044	2	9010085	9010086	-1	-1	-1	-1	-1	-1	-1	-1	-1	1	3	1	1	1	1	1	1	1	391	-1
9045	2	9010088	9010089	-1	-1	-1	-1	-1	-1	-1	-1	1	-1	1	1	1	3	1	1	1	1	3101	-1
9046	2	9010091	9010092	-1	-1	-1	-1	-1	-1	-1	-1	-1	1	3	1	1	1	1	1	1	1	3111	-1
9047	2	9010094	9010095	-1	-1	-1	-1	-1	-1	-1	-1	-1	1	3	1	1	1	1	1	1	1	3121	-1
9048	2	9010097	9010098	-1	-1	-1	-1	-1	-1	-1	-1	-1	1	3	1	1	1	1	1	1	1	3131	-1
9049	2	9010100	9010101	-1	-1	-1	-1	-1	-1	-1	-1	-1	1	3	1	1	1	1	1	1	1	3141	-1
9050	2	9010103	9010104	-1	-1	-1	-1	-1	-1	-1	-1	1	-1	1	1	1	3	1	1	1	1	3151	-1
9051	2	9010106	9010107	-1	-1	-1	-1	-1	-1	-1	-1	-1	1	3	1	1	1	1	1	1	1	3161	-1
9052	2	9010109	9010110	-1	-1	-1	-1	-1	-1	-1	-1	-1	1	3	1	1	1	1	1	1	1	3171	-1
9053	2	9010112	9010113	-1	-1	-1	-1	-1	-1	-1	-1	-1	1	3	1	1	1	1	1	1	1	3181	-1
9054	2	9010115	9010116	-1	-1	-1	-1	-1	-1	-1	-1	-1	1	3	1	1	1	1	1	1	1	3191	-1
9055	2	9010118	9010119	-1	-1	-1	-1	-1	-1	-1	-1	1	-1	1	1	1	3	1	1	1	1	3201	-1
9056	2	9010121	9010122	-1	-1	-1	-1	-1	-1	-1	-1	-1	1	3	1	1	1	1	1	1	1	3211	-1
9057	2	9010124	9010125	-1	-1	-1	-1	-1	-1	-1	-1	-1	1	3	1	1	1	1	1	1	1	3221	-1
9058	2	9010127	9010128	-1	-1	-1	-1	-1	-1	-1	-1	-1	1	3	1	1	1	1	1	1	1	3231	-1
9059	2	9010130	9010131	-1	-1	-1	-1	-1	-1	-1	-1	-1	1	3	1	1	1	1	1	1	1	3241	-1
9060	2	9010133	9010134	-1	-1	-1	-1	-1	-1	-1	-1	-1	-1	3	1	1	1	1	1	1	1	3251	-1
9061	2	9020001	9020002	-1	-1	-1	-1	-1	-1	-1	-1	-1	1	3	1	1	1	1	1	1	1	411	-1
9062	2	9020004	9020005	-1	-1	-1	-1	-1	-1	-1	-1	-1	1	3	1	1	1	1	1	1	1	421	-1
9063	2	9020007	9020008	-1	-1	-1	-1	-1	-1	-1	-1	-1	1	3	1	1	1	1	1	1	1	431	-1
9064	2	9020010	9020011	-1	-1	-1	-1	-1	-1	-1	-1	-1	1	3	1	1	1	1	1	1	1	441	-1
9065	2	9020013	9020014	-1	-1	-1	-1	-1	-1	-1	-1	1	-1	1	1	1	3	1	1	1	1	451	-1
9066	2	9020016	9020017	-1	-1	-1	-1	-1	-1	-1	-1	-1	1	3	1	1	1	1	1	1	1	461	-1
9067	2	9020019	9020020	-1	-1	-1	-1	-1	-1	-1	-1	-1	1	3	1	1	1	1	1	1	1	471	-1
9068	2	9020022	9020023	-1	-1	-1	-1	-1	-1	-1	-1	-1	1	3	1	1	1	1	1	1	1	481	-1
9069	2	9020025	9020026	-1	-1	-1	-1	-1	-1	-1	-1	-1	1	3	1	1	1	1	1	1	1	491	-1
9070	2	9020028	9020029	-1	-1	-1	-1	-1	-1	-1	-1	1	-1	1	1	1	3	1	1	1	1	4101	-1
9071	2	9020031	9020032	-1	-1	-1	-1	-1	-1	-1	-1	-1	1	3	1	1	1	1	1	1	1	4111	-1
9072	2	9020034	9020035	-1	-1	-1	-1	-1	-1	-1	-1	-1	1	3	1	1	1	1	1	1	1	4121	-1
9073	2	9020037	9020038	-1	-1	-1	-1	-1	-1	-1	-1	-1	1	3	1	1	1	1	1	1	1	4131	-1
9074	2	9020040	9020041	-1	-1	-1	-1	-1	-1	-1	-1	-1	1	3	1	1	1	1	1	1	1	4141	-1
9075	2	9020043	9020044	-1	-1	-1	-1	-1	-1	-1	-1	1	-1	1	1	1	3	1	1	1	1	4151	-1
9076	2	9020046	9020047	-1	-1	-1	-1	-1	-1	-1	-1	-1	1	3	1	1	1	1	1	1	1	4161	-1
9077	2	9020049	9020050	-1	-1	-1	-1	-1	-1	-1	-1	-1	1	3	1	1	1	1	1	1	1	4171	-1
9078	2	9020052	9020053	-1	-1	-1	-1	-1	-1	-1	-1	-1	1	3	1	1	1	1	1	1	1	4181	-1
9079	2	9020055	9020056	-1	-1	-1	-1	-1	-1	-1	-1	-1	1	3	1	1	1	1	1	1	1	4191	-1
9080	2	9020058	9020059	-1	-1	-1	-1	-1	-1	-1	-1	1	-1	1	1	1	3	1	1	1	1	4201	-1
9081	2	9020061	9020062	-1	-1	-1	-1	-1	-1	-1	-1	-1	1	3	1	1	1	1	1	1	1	4211	-1
9082	2	9020064	9020065	-1	-1	-1	-1	-1	-1	-1	-1	-1	1	3	1	1	1	1	1	1	1	4221	-1
9083	2	9020067	9020068	-1	-1	-1	-1	-1	-1	-1	-1	-1	1	3	1	1	1	1	1	1	1	4231	-1
9084	2	9020070	9020071	-1	-1	-1	-1	-1	-1	-1	-1	-1	1	3	1	1	1	1	1	1	1	4241	-1
9085	2	9020073	9020074	-1	-1	-1	-1	-1	-1	-1	-1	1	-1	1	1	1	3	1	1	1	1	4251	-1
9086	2	9020076	9020077	-1	-1	-1	-1	-1	-1	-1	-1	-1	1	3	1	1	1	1	1	1	1	4261	-1
9087	2	9020079	9020080	-1	-1	-1	-1	-1	-1	-1	-1	-1	1	3	1	1	1	1	1	1	1	4271	-1
9088	2	9020082	9020083	-1	-1	-1	-1	-1	-1	-1	-1	-1	1	3	1	1	1	1	1	1	1	4281	-1
9089	2	9020085	9020086	-1	-1	-1	-1	-1	-1	-1	-1	-1	1	3	1	1	1	1	1	1	1	4291	-1
9090	2	9020088	9020089	-1	-1	-1	-1	-1	-1	-1	-1	-1	-1	2	1	1	1	1	1	1	1	4301	-1
9091	3	9020091	9020092	9020093	-1	-1	-1	-1	-1	-1	-1	-1	1	2	1	1	1	1	1	1	1	511	-1
9092	3	9020094	9020095	9020096	-1	-1	-1	-1	-1	-1	-1	-1	1	2	1	1	1	1	1	1	1	521	-1
9093	3	9020097	9020098	9020099	-1	-1	-1	-1	-1	-1	-1	-1	1	2	1	1	1	1	1	1	1	531	-1
9094	3	9020100	9020101	9020102	-1	-1	-1	-1	-1	-1	-1	-1	1	2	1	1	1	1	1	1	1	541	-1
9095	3	9020103	9020104	9020105	-1	-1	-1	-1	-1	-1	-1	1	-1	1	1	1	3	1	1	1	1	551	-1
9096	3	9020106	9020107	9020108	-1	-1	-1	-1	-1	-1	-1	-1	1	2	1	1	1	1	1	1	1	561	-1
9097	3	9020109	9020110	9020111	-1	-1	-1	-1	-1	-1	-1	-1	1	2	1	1	1	1	1	1	1	571	-1
9098	3	9020112	9020113	9020114	-1	-1	-1	-1	-1	-1	-1	-1	1	2	1	1	1	1	1	1	1	581	-1
9099	3	9020115	9020116	9020117	-1	-1	-1	-1	-1	-1	-1	-1	1	2	1	1	1	1	1	1	1	591	-1
9100	3	9020118	9020119	9020120	-1	-1	-1	-1	-1	-1	-1	1	-1	1	1	1	3	1	1	1	1	5101	-1
9101	3	9020121	9020122	9020123	-1	-1	-1	-1	-1	-1	-1	-1	1	2	1	1	1	1	1	1	1	5111	-1
9102	3	9020124	9020125	9020126	-1	-1	-1	-1	-1	-1	-1	-1	1	2	1	1	1	1	1	1	1	5121	-1
9103	3	9020127	9020128	9020129	-1	-1	-1	-1	-1	-1	-1	-1	1	2	1	1	1	1	1	1	1	5131	-1
9104	3	9020130	9020131	9020132	-1	-1	-1	-1	-1	-1	-1	-1	1	2	1	1	1	1	1	1	1	5141	-1
9105	3	9020133	9020134	9020135	-1	-1	-1	-1	-1	-1	-1	1	-1	1	1	1	3	1	1	1	1	5151	-1
9106	3	9020136	9020137	9020138	-1	-1	-1	-1	-1	-1	-1	-1	1	2	1	1	1	1	1	1	1	5161	-1
9107	3	9020139	9020140	9020141	-1	-1	-1	-1	-1	-1	-1	-1	1	2	1	1	1	1	1	1	1	5171	-1
9108	3	9020142	9020143	9020144	-1	-1	-1	-1	-1	-1	-1	-1	1	2	1	1	1	1	1	1	1	5181	-1
9109	3	9020145	9020146	9020147	-1	-1	-1	-1	-1	-1	-1	-1	1	2	1	1	1	1	1	1	1	5191	-1
9110	3	9020148	9020149	9020150	-1	-1	-1	-1	-1	-1	-1	1	-1	1	1	1	3	1	1	1	1	5201	-1
9111	3	9020151	9020152	9020153	-1	-1	-1	-1	-1	-1	-1	-1	1	2	1	1	1	1	1	1	1	5211	-1
9112	3	9020154	9020155	9020156	-1	-1	-1	-1	-1	-1	-1	-1	1	2	1	1	1	1	1	1	1	5221	-1
9113	3	9020157	9020158	9020159	-1	-1	-1	-1	-1	-1	-1	-1	1	2	1	1	1	1	1	1	1	5231	-1
9114	3	9020160	9020161	9020162	-1	-1	-1	-1	-1	-1	-1	-1	1	2	1	1	1	1	1	1	1	5241	-1
9115	3	9020163	9020164	9020165	-1	-1	-1	-1	-1	-1	-1	1	-1	1	1	1	3	1	1	1	1	5251	-1
9116	3	9020166	9020167	9020168	-1	-1	-1	-1	-1	-1	-1	-1	1	2	1	1	1	1	1	1	1	5261	-1
9117	3	9020169	9020170	9020171	-1	-1	-1	-1	-1	-1	-1	-1	1	2	1	1	1	1	1	1	1	5271	-1
9118	3	9020172	9020173	9020174	-1	-1	-1	-1	-1	-1	-1	-1	1	2	1	1	1	1	1	1	1	5281	-1
9119	3	9020175	9020176	9020177	-1	-1	-1	-1	-1	-1	-1	-1	1	2	1	1	1	1	1	1	1	5291	-1
9120	3	9020178	9020179	9020180	-1	-1	-1	-1	-1	-1	-1	-1	-1	2	1	1	1	1	1	1	1	5301	-1
9121	3	9020181	9020182	9020183	-1	-1	-1	-1	-1	-1	-1	-1	1	2	1	1	1	1	1	1	1	611	-1
9122	3	9020184	9020185	9020186	-1	-1	-1	-1	-1	-1	-1	-1	1	2	1	1	1	1	1	1	1	621	-1
9123	3	9020187	9020188	9020189	-1	-1	-1	-1	-1	-1	-1	-1	1	2	1	1	1	1	1	1	1	631	-1
9124	3	9020190	9020191	9020192	-1	-1	-1	-1	-1	-1	-1	-1	1	2	1	1	1	1	1	1	1	641	-1
9125	3	9020193	9020194	9020195	-1	-1	-1	-1	-1	-1	-1	1	-1	1	1	1	3	1	1	1	1	651	-1
9126	3	9020196	9020197	9020198	-1	-1	-1	-1	-1	-1	-1	-1	1	2	1	1	1	1	1	1	1	661	-1
9127	3	9020199	9020200	9020201	-1	-1	-1	-1	-1	-1	-1	-1	1	2	1	1	1	1	1	1	1	671	-1
9128	3	9020202	9020203	9020204	-1	-1	-1	-1	-1	-1	-1	-1	1	2	1	1	1	1	1	1	1	681	-1
9129	3	9020205	9020206	9020207	-1	-1	-1	-1	-1	-1	-1	-1	1	2	1	1	1	1	1	1	1	691	-1
9130	3	9020208	9020209	9020210	-1	-1	-1	-1	-1	-1	-1	1	-1	1	1	1	3	1	1	1	1	6101	-1
9131	3	9020211	9020212	9020213	-1	-1	-1	-1	-1	-1	-1	-1	1	2	1	1	1	1	1	1	1	6111	-1
9132	3	9020214	9020215	9020216	-1	-1	-1	-1	-1	-1	-1	-1	1	2	1	1	1	1	1	1	1	6121	-1
9133	3	9020217	9020218	9020219	-1	-1	-1	-1	-1	-1	-1	-1	1	2	1	1	1	1	1	1	1	6131	-1
9134	3	9020220	9020221	9020222	-1	-1	-1	-1	-1	-1	-1	-1	1	2	1	1	1	1	1	1	1	6141	-1
9135	3	9020223	9020224	9020225	-1	-1	-1	-1	-1	-1	-1	1	-1	1	1	1	3	1	1	1	1	6151	-1
9136	3	9020226	9020227	9020228	-1	-1	-1	-1	-1	-1	-1	-1	1	2	1	1	1	1	1	1	1	6161	-1
9137	3	9020229	9020230	9020231	-1	-1	-1	-1	-1	-1	-1	-1	1	2	1	1	1	1	1	1	1	6171	-1
9138	3	9020232	9020233	9020234	-1	-1	-1	-1	-1	-1	-1	-1	1	2	1	1	1	1	1	1	1	6181	-1
9139	3	9020235	9020236	9020237	-1	-1	-1	-1	-1	-1	-1	-1	1	2	1	1	1	1	1	1	1	6191	-1
9140	3	9020238	9020239	9020240	-1	-1	-1	-1	-1	-1	-1	1	-1	1	1	1	3	1	1	1	1	6201	-1
9141	3	9020241	9020242	9020243	-1	-1	-1	-1	-1	-1	-1	-1	1	2	1	1	1	1	1	1	1	6211	-1
9142	3	9020244	9020245	9020246	-1	-1	-1	-1	-1	-1	-1	-1	1	2	1	1	1	1	1	1	1	6221	-1
9143	3	9020247	9020248	9020249	-1	-1	-1	-1	-1	-1	-1	-1	1	2	1	1	1	1	1	1	1	6231	-1
9144	3	9020250	9020251	9020252	-1	-1	-1	-1	-1	-1	-1	-1	1	2	1	1	1	1	1	1	1	6241	-1
9145	3	9020253	9020254	9020255	-1	-1	-1	-1	-1	-1	-1	1	-1	1	1	1	3	1	1	1	1	6251	-1
9146	3	9020256	9020257	9020258	-1	-1	-1	-1	-1	-1	-1	-1	1	2	1	1	1	1	1	1	1	6261	-1
9147	3	9020259	9020260	9020261	-1	-1	-1	-1	-1	-1	-1	-1	1	2	1	1	1	1	1	1	1	6271	-1
9148	3	9020262	9020263	9020264	-1	-1	-1	-1	-1	-1	-1	-1	1	2	1	1	1	1	1	1	1	6281	-1
9149	3	9020265	9020266	9020267	-1	-1	-1	-1	-1	-1	-1	-1	1	2	1	1	1	1	1	1	1	6291	-1
9150	3	9020268	9020269	9020270	-1	-1	-1	-1	-1	-1	-1	-1	-1	2	1	1	1	1	1	1	1	6301	-1
9151	3	9020271	9020272	9020273	-1	-1	-1	-1	-1	-1	-1	-1	1	2	1	1	1	1	1	1	1	611	-1
9152	3	9020274	9020275	9020276	-1	-1	-1	-1	-1	-1	-1	-1	1	2	1	1	1	1	1	1	1	621	-1
9153	3	9020277	9020278	9020279	-1	-1	-1	-1	-1	-1	-1	-1	1	2	1	1	1	1	1	1	1	631	-1
9154	3	9020280	9020281	9020282	-1	-1	-1	-1	-1	-1	-1	-1	1	2	1	1	1	1	1	1	1	641	-1
9155	3	9020283	9020284	9020285	-1	-1	-1	-1	-1	-1	-1	1	-1	1	1	1	3	1	1	1	1	651	-1
9156	3	9020286	9020287	9020288	-1	-1	-1	-1	-1	-1	-1	-1	1	2	1	1	1	1	1	1	1	661	-1
9157	3	9020289	9020290	9020291	-1	-1	-1	-1	-1	-1	-1	-1	1	2	1	1	1	1	1	1	1	671	-1
9158	3	9020292	9020293	9020294	-1	-1	-1	-1	-1	-1	-1	-1	1	2	1	1	1	1	1	1	1	681	-1
9159	3	9020295	9020296	9020297	-1	-1	-1	-1	-1	-1	-1	-1	1	2	1	1	1	1	1	1	1	691	-1
9160	3	9020298	9020299	9020300	-1	-1	-1	-1	-1	-1	-1	1	-1	1	1	1	3	1	1	1	1	6101	-1
9161	3	9020301	9020302	9020303	-1	-1	-1	-1	-1	-1	-1	-1	1	2	1	1	1	1	1	1	1	6111	-1
9162	3	9020304	9020305	9020306	-1	-1	-1	-1	-1	-1	-1	-1	1	2	1	1	1	1	1	1	1	6121	-1
9163	3	9020307	9020308	9020309	-1	-1	-1	-1	-1	-1	-1	-1	1	2	1	1	1	1	1	1	1	6131	-1
9164	3	9020310	9020311	9020312	-1	-1	-1	-1	-1	-1	-1	-1	1	2	1	1	1	1	1	1	1	6141	-1
9165	3	9020313	9020314	9020315	-1	-1	-1	-1	-1	-1	-1	1	-1	1	1	1	3	1	1	1	1	6151	-1
9166	3	9020316	9020317	9020318	-1	-1	-1	-1	-1	-1	-1	-1	1	2	1	1	1	1	1	1	1	6161	-1
9167	3	9020319	9020320	9020321	-1	-1	-1	-1	-1	-1	-1	-1	1	2	1	1	1	1	1	1	1	6171	-1
9168	3	9020322	9020323	9020324	-1	-1	-1	-1	-1	-1	-1	-1	1	2	1	1	1	1	1	1	1	6181	-1
9169	3	9020325	9020326	9020327	-1	-1	-1	-1	-1	-1	-1	-1	1	2	1	1	1	1	1	1	1	6191	-1
9170	3	9020328	9020329	9020330	-1	-1	-1	-1	-1	-1	-1	1	-1	1	1	1	3	1	1	1	1	6201	-1
9171	3	9020331	9020332	9020333	-1	-1	-1	-1	-1	-1	-1	-1	1	2	1	1	1	1	1	1	1	6211	-1
9172	3	9020334	9020335	9020336	-1	-1	-1	-1	-1	-1	-1	-1	1	2	1	1	1	1	1	1	1	6221	-1
9173	3	9020337	9020338	9020339	-1	-1	-1	-1	-1	-1	-1	-1	1	2	1	1	1	1	1	1	1	6231	-1
9174	3	9020340	9020341	9020342	-1	-1	-1	-1	-1	-1	-1	-1	1	2	1	1	1	1	1	1	1	6241	-1
9175	3	9020343	9020344	9020345	-1	-1	-1	-1	-1	-1	-1	1	-1	1	1	1	3	1	1	1	1	6251	-1
9176	3	9020346	9020347	9020348	-1	-1	-1	-1	-1	-1	-1	-1	1	2	1	1	1	1	1	1	1	6261	-1
9177	3	9020349	9020350	9020351	-1	-1	-1	-1	-1	-1	-1	-1	1	2	1	1	1	1	1	1	1	6271	-1
9178	3	9020352	9020353	9020354	-1	-1	-1	-1	-1	-1	-1	-1	1	2	1	1	1	1	1	1	1	6281	-1
9179	3	9020355	9020356	9020357	-1	-1	-1	-1	-1	-1	-1	-1	1	2	1	1	1	1	1	1	1	6291	-1
9180	3	9020358	9020359	9020360	-1	-1	-1	-1	-1	-1	-1	-1	-1	2	1	1	1	1	1	1	1	6301	-1
9181	3	9020361	9020362	9020363	-1	-1	-1	-1	-1	-1	-1	-1	1	2	1	1	1	1	1	1	1	611	-1
9182	3	9020364	9020365	9020366	-1	-1	-1	-1	-1	-1	-1	-1	1	2	1	1	1	1	1	1	1	621	-1
9183	3	9020367	9020368	9020369	-1	-1	-1	-1	-1	-1	-1	-1	1	2	1	1	1	1	1	1	1	631	-1
9184	3	9020370	9020371	9020372	-1	-1	-1	-1	-1	-1	-1	-1	1	2	1	1	1	1	1	1	1	641	-1
9185	3	9020373	9020374	9020375	-1	-1	-1	-1	-1	-1	-1	1	-1	1	1	1	3	1	1	1	1	651	-1
9186	3	9020376	9020377	9020378	-1	-1	-1	-1	-1	-1	-1	-1	1	2	1	1	1	1	1	1	1	661	-1
9187	3	9020379	9020380	9020381	-1	-1	-1	-1	-1	-1	-1	-1	1	2	1	1	1	1	1	1	1	671	-1
9188	3	9020382	9020383	9020384	-1	-1	-1	-1	-1	-1	-1	-1	1	2	1	1	1	1	1	1	1	681	-1
9189	3	9020385	9020386	9020387	-1	-1	-1	-1	-1	-1	-1	-1	1	2	1	1	1	1	1	1	1	691	-1
9190	3	9020388	9020389	9020390	-1	-1	-1	-1	-1	-1	-1	1	-1	1	1	1	3	1	1	1	1	6101	-1
9191	3	9020391	9020392	9020393	-1	-1	-1	-1	-1	-1	-1	-1	1	2	1	1	1	1	1	1	1	6111	-1
9192	3	9020394	9020395	9020396	-1	-1	-1	-1	-1	-1	-1	-1	1	2	1	1	1	1	1	1	1	6121	-1
9193	3	9020397	9020398	9020399	-1	-1	-1	-1	-1	-1	-1	-1	1	2	1	1	1	1	1	1	1	6131	-1
9194	3	9020400	9020401	9020402	-1	-1	-1	-1	-1	-1	-1	-1	1	2	1	1	1	1	1	1	1	6141	-1
9195	3	9020403	9020404	9020405	-1	-1	-1	-1	-1	-1	-1	1	-1	1	1	1	3	1	1	1	1	6151	-1
9196	3	9020406	9020407	9020408	-1	-1	-1	-1	-1	-1	-1	-1	1	2	1	1	1	1	1	1	1	6161	-1
9197	3	9020409	9020410	9020411	-1	-1	-1	-1	-1	-1	-1	-1	1	2	1	1	1	1	1	1	1	6171	-1
9198	3	9020412	9020413	9020414	-1	-1	-1	-1	-1	-1	-1	-1	1	2	1	1	1	1	1	1	1	6181	-1
9199	3	9020415	9020416	9020417	-1	-1	-1	-1	-1	-1	-1	-1	1	2	1	1	1	1	1	1	1	6191	-1
9200	3	9020418	9020419	9020420	-1	-1	-1	-1	-1	-1	-1	1	-1	1	1	1	3	1	1	1	1	6201	-1
9201	3	9020421	9020422	9020423	-1	-1	-1	-1	-1	-1	-1	-1	1	2	1	1	1	1	1	1	1	6211	-1
9202	3	9020424	9020425	9020426	-1	-1	-1	-1	-1	-1	-1	-1	1	2	1	1	1	1	1	1	1	6221	-1
9203	3	9020427	9020428	9020429	-1	-1	-1	-1	-1	-1	-1	-1	1	2	1	1	1	1	1	1	1	6231	-1
9204	3	9020430	9020431	9020432	-1	-1	-1	-1	-1	-1	-1	-1	1	2	1	1	1	1	1	1	1	6241	-1
9205	3	9020433	9020434	9020435	-1	-1	-1	-1	-1	-1	-1	1	-1	1	1	1	3	1	1	1	1	6251	-1
9206	3	9020436	9020437	9020438	-1	-1	-1	-1	-1	-1	-1	-1	1	2	1	1	1	1	1	1	1	6261	-1
9207	3	9020439	9020440	9020441	-1	-1	-1	-1	-1	-1	-1	-1	1	2	1	1	1	1	1	1	1	6271	-1
9208	3	9020442	9020443	9020444	-1	-1	-1	-1	-1	-1	-1	-1	1	2	1	1	1	1	1	1	1	6281	-1
9209	3	9020445	9020446	9020447	-1	-1	-1	-1	-1	-1	-1	-1	1	2	1	1	1	1	1	1	1	6291	-1
9210	3	9020448	9020449	9020450	-1	-1	-1	-1	-1	-1	-1	-1	-1	2	1	1	1	1	1	1	1	6301	-1
9211	3	9020451	9020452	9020453	-1	-1	-1	-1	-1	-1	-1	-1	1	2	1	1	1	1	1	1	1	611	-1
9212	3	9020454	9020455	9020456	-1	-1	-1	-1	-1	-1	-1	-1	1	2	1	1	1	1	1	1	1	621	-1
9213	3	9020457	9020458	9020459	-1	-1	-1	-1	-1	-1	-1	-1	1	2	1	1	1	1	1	1	1	631	-1
9214	3	9020460	9020461	9020462	-1	-1	-1	-1	-1	-1	-1	-1	1	2	1	1	1	1	1	1	1	641	-1
9215	3	9020463	9020464	9020465	-1	-1	-1	-1	-1	-1	-1	1	-1	1	1	1	3	1	1	1	1	651	-1
9216	3	9020466	9020467	9020468	-1	-1	-1	-1	-1	-1	-1	-1	1	2	1	1	1	1	1	1	1	661	-1
9217	3	9020469	9020470	9020471	-1	-1	-1	-1	-1	-1	-1	-1	1	2	1	1	1	1	1	1	1	671	-1
9218	3	9020472	9020473	9020474	-1	-1	-1	-1	-1	-1	-1	-1	1	2	1	1	1	1	1	1	1	681	-1
9219	3	9020475	9020476	9020477	-1	-1	-1	-1	-1	-1	-1	-1	1	2	1	1	1	1	1	1	1	691	-1
9220	3	9020478	9020479	9020480	-1	-1	-1	-1	-1	-1	-1	1	-1	1	1	1	3	1	1	1	1	6101	-1
9221	3	9020481	9020482	9020483	-1	-1	-1	-1	-1	-1	-1	-1	1	2	1	1	1	1	1	1	1	6111	-1
9222	3	9020484	9020485	9020486	-1	-1	-1	-1	-1	-1	-1	-1	1	2	1	1	1	1	1	1	1	6121	-1
9223	3	9020487	9020488	9020489	-1	-1	-1	-1	-1	-1	-1	-1	1	2	1	1	1	1	1	1	1	6131	-1
9224	3	9020490	9020491	9020492	-1	-1	-1	-1	-1	-1	-1	-1	1	2	1	1	1	1	1	1	1	6141	-1
9225	3	9020493	9020494	9020495	-1	-1	-1	-1	-1	-1	-1	1	-1	1	1	1	3	1	1	1	1	6151	-1
9226	3	9020496	9020497	9020498	-1	-1	-1	-1	-1	-1	-1	-1	1	2	1	1	1	1	1	1	1	6161	-1
9227	3	9020499	9020500	9020501	-1	-1	-1	-1	-1	-1	-1	-1	1	2	1	1	1	1	1	1	1	6171	-1
9228	3	9020502	9020503	9020504	-1	-1	-1	-1	-1	-1	-1	-1	1	2	1	1	1	1	1	1	1	6181	-1
9229	3	9020505	9020506	9020507	-1	-1	-1	-1	-1	-1	-1	-1	1	2	1	1	1	1	1	1	1	6191	-1
9230	3	9020508	9020509	9020510	-1	-1	-1	-1	-1	-1	-1	1	-1	1	1	1	3	1	1	1	1	6201	-1
9231	3	9020511	9020512	9020513	-1	-1	-1	-1	-1	-1	-1	-1	1	2	1	1	1	1	1	1	1	6211	-1
9232	3	9020514	9020515	9020516	-1	-1	-1	-1	-1	-1	-1	-1	1	2	1	1	1	1	1	1	1	6221	-1
9233	3	9020517	9020518	9020519	-1	-1	-1	-1	-1	-1	-1	-1	1	2	1	1	1	1	1	1	1	6231	-1
9234	3	9020520	9020521	9020522	-1	-1	-1	-1	-1	-1	-1	-1	1	2	1	1	1	1	1	1	1	6241	-1
9235	3	9020523	9020524	9020525	-1	-1	-1	-1	-1	-1	-1	1	-1	1	1	1	3	1	1	1	1	6251	-1
9236	3	9020526	9020527	9020528	-1	-1	-1	-1	-1	-1	-1	-1	1	2	1	1	1	1	1	1	1	6261	-1
9237	3	9020529	9020530	9020531	-1	-1	-1	-1	-1	-1	-1	-1	1	2	1	1	1	1	1	1	1	6271	-1
9238	3	9020532	9020533	9020534	-1	-1	-1	-1	-1	-1	-1	-1	1	2	1	1	1	1	1	1	1	6281	-1
9239	3	9020535	9020536	9020537	-1	-1	-1	-1	-1	-1	-1	-1	1	2	1	1	1	1	1	1	1	6291	-1
9240	3	9020538	9020539	9020540	-1	-1	-1	-1	-1	-1	-1	-1	-1	2	1	1	1	1	1	1	1	6301	-1
9241	3	9030001	9030002	9030003	-1	-1	-1	-1	-1	-1	-1	-1	1	2	1	1	1	1	1	1	1	611	-1
9242	3	9030004	9030005	9030006	-1	-1	-1	-1	-1	-1	-1	-1	1	2	1	1	1	1	1	1	1	621	-1
9243	3	9030007	9030008	9030009	-1	-1	-1	-1	-1	-1	-1	-1	1	2	1	1	1	1	1	1	1	631	-1
9244	3	9030010	9030011	9030012	-1	-1	-1	-1	-1	-1	-1	-1	1	2	1	1	1	1	1	1	1	641	-1
9245	3	9030013	9030014	9030015	-1	-1	-1	-1	-1	-1	-1	1	1	1	1	1	3	1	1	1	1	651	-1
9246	3	9030016	9030017	9030018	-1	-1	-1	-1	-1	-1	-1	-1	1	2	1	1	1	1	1	1	1	661	-1
9247	3	9030019	9030020	9030021	-1	-1	-1	-1	-1	-1	-1	-1	1	2	1	1	1	1	1	1	1	671	-1
9248	3	9030022	9030023	9030024	-1	-1	-1	-1	-1	-1	-1	-1	1	2	1	1	1	1	1	1	1	681	-1
9249	3	9030025	9030026	9030027	-1	-1	-1	-1	-1	-1	-1	-1	1	2	1	1	1	1	1	1	1	691	-1
9250	3	9030028	9030029	9030030	-1	-1	-1	-1	-1	-1	-1	1	1	1	1	1	3	1	1	1	1	6101	-1
9251	3	9030031	9030032	9030033	-1	-1	-1	-1	-1	-1	-1	-1	1	2	1	1	1	1	1	1	1	6111	-1
9252	3	9030034	9030035	9030036	-1	-1	-1	-1	-1	-1	-1	-1	1	2	1	1	1	1	1	1	1	6121	-1
9253	3	9030037	9030038	9030039	-1	-1	-1	-1	-1	-1	-1	-1	1	2	1	1	1	1	1	1	1	6131	-1
9254	3	9030040	9030041	9030042	-1	-1	-1	-1	-1	-1	-1	-1	1	2	1	1	1	1	1	1	1	6141	-1
9255	3	9030043	9030044	9030045	-1	-1	-1	-1	-1	-1	-1	1	1	1	1	1	3	1	1	1	1	6151	-1
9256	3	9030046	9030047	9030048	-1	-1	-1	-1	-1	-1	-1	-1	1	2	1	1	1	1	1	1	1	6161	-1
9257	3	9030049	9030050	9030051	-1	-1	-1	-1	-1	-1	-1	-1	1	2	1	1	1	1	1	1	1	6171	-1
9258	3	9030052	9030053	9030054	-1	-1	-1	-1	-1	-1	-1	-1	1	2	1	1	1	1	1	1	1	6181	-1
9259	3	9030055	9030056	9030057	-1	-1	-1	-1	-1	-1	-1	-1	1	2	1	1	1	1	1	1	1	6191	-1
9260	3	9030058	9030059	9030060	-1	-1	-1	-1	-1	-1	-1	1	1	1	1	1	3	1	1	1	1	6201	-1
9261	3	9030061	9030062	9030063	-1	-1	-1	-1	-1	-1	-1	-1	1	2	1	1	1	1	1	1	1	6211	-1
9262	3	9030064	9030065	9030066	-1	-1	-1	-1	-1	-1	-1	-1	1	2	1	1	1	1	1	1	1	6221	-1
9263	3	9030067	9030068	9030069	-1	-1	-1	-1	-1	-1	-1	-1	1	2	1	1	1	1	1	1	1	6231	-1
9264	3	9030070	9030071	9030072	-1	-1	-1	-1	-1	-1	-1	-1	1	2	1	1	1	1	1	1	1	6241	-1
9265	3	9030073	9030074	9030075	-1	-1	-1	-1	-1	-1	-1	1	1	1	1	1	3	1	1	1	1	6251	-1
9266	3	9030076	9030077	9030078	-1	-1	-1	-1	-1	-1	-1	-1	1	2	1	1	1	1	1	1	1	6261	-1
9267	3	9030079	9030080	9030081	-1	-1	-1	-1	-1	-1	-1	-1	1	2	1	1	1	1	1	1	1	6271	-1
9268	3	9030082	9030083	9030084	-1	-1	-1	-1	-1	-1	-1	-1	1	2	1	1	1	1	1	1	1	6281	-1
9269	3	9030085	9030086	9030087	-1	-1	-1	-1	-1	-1	-1	-1	1	2	1	1	1	1	1	1	1	6291	-1
9270	3	9030088	9030089	9030090	-1	-1	-1	-1	-1	-1	-1	-1	1	2	1	1	1	1	1	1	1	6301	-1
9271	3	9040001	9040002	9040003	-1	-1	-1	-1	-1	-1	-1	-1	1	2	1	1	1	1	1	1	1	611	-1
9272	3	9040004	9040005	9040006	-1	-1	-1	-1	-1	-1	-1	-1	1	2	1	1	1	1	1	1	1	621	-1
9273	3	9040007	9040008	9040009	-1	-1	-1	-1	-1	-1	-1	-1	1	2	1	1	1	1	1	1	1	631	-1
9274	3	9040010	9040011	9040012	-1	-1	-1	-1	-1	-1	-1	-1	1	2	1	1	1	1	1	1	1	641	-1
9275	3	9040013	9040014	9040015	-1	-1	-1	-1	-1	-1	-1	1	1	1	1	1	3	1	1	1	1	651	-1
9276	3	9040016	9040017	9040018	-1	-1	-1	-1	-1	-1	-1	-1	1	2	1	1	1	1	1	1	1	661	-1
9277	3	9040019	9040020	9040021	-1	-1	-1	-1	-1	-1	-1	-1	1	2	1	1	1	1	1	1	1	671	-1
9278	3	9040022	9040023	9040024	-1	-1	-1	-1	-1	-1	-1	-1	1	2	1	1	1	1	1	1	1	681	-1
9279	3	9040025	9040026	9040027	-1	-1	-1	-1	-1	-1	-1	-1	1	2	1	1	1	1	1	1	1	691	-1
9280	3	9040028	9040029	9040030	-1	-1	-1	-1	-1	-1	-1	1	1	1	1	1	3	1	1	1	1	6101	-1
9281	3	9040031	9040032	9040033	-1	-1	-1	-1	-1	-1	-1	-1	1	2	1	1	1	1	1	1	1	6111	-1
9282	3	9040034	9040035	9040036	-1	-1	-1	-1	-1	-1	-1	-1	1	2	1	1	1	1	1	1	1	6121	-1
9283	3	9040037	9040038	9040039	-1	-1	-1	-1	-1	-1	-1	-1	1	2	1	1	1	1	1	1	1	6131	-1
9284	3	9040040	9040041	9040042	-1	-1	-1	-1	-1	-1	-1	-1	1	2	1	1	1	1	1	1	1	6141	-1
9285	3	9040043	9040044	9040045	-1	-1	-1	-1	-1	-1	-1	1	1	1	1	1	3	1	1	1	1	6151	-1
9286	3	9040046	9040047	9040048	-1	-1	-1	-1	-1	-1	-1	-1	1	2	1	1	1	1	1	1	1	6161	-1
9287	3	9040049	9040050	9040051	-1	-1	-1	-1	-1	-1	-1	-1	1	2	1	1	1	1	1	1	1	6171	-1
9288	3	9040052	9040053	9040054	-1	-1	-1	-1	-1	-1	-1	-1	1	2	1	1	1	1	1	1	1	6181	-1
9289	3	9040055	9040056	9040057	-1	-1	-1	-1	-1	-1	-1	-1	1	2	1	1	1	1	1	1	1	6191	-1
9290	3	9040058	9040059	9040060	-1	-1	-1	-1	-1	-1	-1	1	1	1	1	1	3	1	1	1	1	6201	-1
9291	3	9040061	9040062	9040063	-1	-1	-1	-1	-1	-1	-1	-1	1	2	1	1	1	1	1	1	1	6211	-1
9292	3	9040064	9040065	9040066	-1	-1	-1	-1	-1	-1	-1	-1	1	2	1	1	1	1	1	1	1	6221	-1
9293	3	9040067	9040068	9040069	-1	-1	-1	-1	-1	-1	-1	-1	1	2	1	1	1	1	1	1	1	6231	-1
9294	3	9040070	9040071	9040072	-1	-1	-1	-1	-1	-1	-1	-1	1	2	1	1	1	1	1	1	1	6241	-1
9295	3	9040073	9040074	9040075	-1	-1	-1	-1	-1	-1	-1	1	1	1	1	1	3	1	1	1	1	6251	-1
9296	3	9040076	9040077	9040078	-1	-1	-1	-1	-1	-1	-1	-1	1	2	1	1	1	1	1	1	1	6261	-1
9297	3	9040079	9040080	9040081	-1	-1	-1	-1	-1	-1	-1	-1	1	2	1	1	1	1	1	1	1	6271	-1
9298	3	9040082	9040083	9040084	-1	-1	-1	-1	-1	-1	-1	-1	1	2	1	1	1	1	1	1	1	6281	-1
9299	3	9040085	9040086	9040087	-1	-1	-1	-1	-1	-1	-1	-1	1	2	1	1	1	1	1	1	1	6291	-1
9300	3	9040088	9040089	9040090	-1	-1	-1	-1	-1	-1	-1	1	1	1	1	1	3	1	1	1	1	6301	-1
20151	2	4000013	4000015	-1	-1	-1	-1	-1	-1	-1	-1	1	-1	1	1	1	3	1	1	1	1	151	-1
