宝藏ID	宝藏开启关卡ID	位置1植物ID	位置2植物ID	位置3植物ID	植物战力条件	奖励1ID(阳光)	奖励1数量	奖励2ID(金币)	奖励2数量	奖励3ID（体力或钻石）	奖励3数量(至少3个植物)	道具基础奖励包lo_dropID	道具奖励基础抽取次数	显示类型（0=装备拼图，1=植物拼图，-1不显示）
INT	INT	INT	INT	INT	INT	INT	INT	INT	INT	INT	INT	INT	INT	INT
ID	subadvId	parent_ID1	parent_ID2	parent_ID3	fight_point	item_ID1	count1	item_ID2	count2	item_ID3	count3	lo_dropID	get_count	shoutype
1	5	-1	-1	13	0	94	15000	90	15000	91	20	-1	-1	-1
2	15	-1	-1	253	0	94	15000	90	15000	50001	30	-1	-1	-1
3	35	-1	-1	169	500	94	15000	90	15000	91	20	-1	-1	-1
4	60	-1	-1	181	1000	94	15000	90	15000	60204	20	-1	-1	-1
5	90	-1	-1	193	1500	94	20000	90	20000	60204	25	-1	-1	-1
6	120	-1	-1	205	2000	94	20000	90	20000	60204	30	-1	-1	-1
7	150	-1	-1	217	2500	94	20000	90	20000	91	40	-1	-1	-1
8	180	-1	-1	229	3000	94	20000	90	20000	50001	60	-1	-1	-1
9	210	-1	-1	241	5000	94	20000	90	20000	60204	35	-1	-1	-1
10	240	-1	-1	1362	8000	94	20000	90	20000	60204	40	-1	-1	-1
11	270	-1	-1	1374	10000	94	20000	90	20000	60204	50	-1	-1	-1
12	300	-1	-1	1434	12000	94	20000	90	20000	60204	55	-1	-1	-1
