战队等级	植物等级上限	植物星数上限(无用，预留，目前通过plantcard_ext表中的minLevel字段控制升星的最小等级限制)
INT	INT	INT
id	limit_lev	limit_star
1	3	4
2	3	4
3	3	4
4	4	4
5	5	4
6	6	4
7	7	4
8	8	4
9	9	4
10	10	4
11	11	4
12	12	4
13	13	4
14	14	4
15	15	4
16	16	4
17	17	4
18	18	4
19	19	4
20	20	6
21	21	6
22	22	6
23	23	6
24	24	6
25	25	6
26	26	6
27	27	6
28	28	6
29	29	6
30	30	11
31	31	11
32	32	11
33	33	11
34	34	11
35	35	11
36	36	11
37	37	11
38	38	11
39	39	11
40	40	16
41	41	16
42	42	16
43	43	16
44	44	16
45	45	16
46	46	16
47	47	16
48	48	16
49	49	16
50	50	20
51	51	20
52	52	20
53	53	20
54	54	20
55	55	20
56	56	20
57	57	20
58	58	20
59	59	20
60	60	20
61	61	20
62	62	20
63	63	20
64	64	20
65	65	20
66	66	20
67	67	20
68	68	20
69	69	20
70	70	20
71	71	20
72	72	20
73	73	20
74	74	20
75	75	20
76	76	20
77	77	20
78	78	20
79	79	20
80	80	20
81	81	20
82	82	20
83	83	20
84	84	20
85	85	20
86	86	20
87	87	20
88	88	20
89	89	20
90	90	20
91	91	20
92	92	20
93	93	20
94	94	20
95	95	20
96	96	20
97	97	20
98	98	20
99	99	20
100	100	20
101	101	25
102	102	25
103	103	25
104	104	25
105	105	25
106	106	25
107	107	25
108	108	25
109	109	25
110	110	25
111	111	25
112	112	25
113	113	25
114	114	25
115	115	25
116	116	25
117	117	25
118	118	25
119	119	25
120	120	25
