技能ID	卡牌名称（备注）	所属植物	技能名称	获取星级	攻击	防御	速度	怒气	生命	闪避	命中	暴击	抗暴击	反弹伤害	抵抗中debuff的概率（极限为免疫debuff）	受到的治疗效果改变（极限为完全加不上血）	获得的怒气改变（极限为不能获得怒气）	触发效果
INT	STRING	INT	STRING	INT	STRING	STRING	STRING	STRING	STRING	STRING	STRING	STRING	STRING	STRING	STRING	STRING	STRING	STRING
id	plantname	parentid	name	xtid	attack	def	speed	anger	hp	dodge	hit	crits	tenacity	rebound	resistbuffer	curechange	angerchange	effecttype
2000	电磁菇	1277	反重力波	1	0	0	0	0	0	0	0	0	0	0	0	0	0	66
2001	万磁菇	1277	磁极转换	2	0	0	0	0	0	0	0	0	0	0	0	0	0	67
2002	菜本	13	内功心法	1	0	0	0	0	0	"528:5,528"	0	"188:5,188"	0	0	0	0	0	
2003	菜本	13	死穴	2	0	0	0	0	0	0	0	0	0	0	0	0	0	1;2
2004	樱桃炸弹	133	核辐射	1	0	0	0	0	0	0	0	0	0	0	0	0	0	3;4
2005	樱桃炸弹	133	自爆	2	0	0	0	0	0	0	0	0	0	0	0	0	0	5
2006	老树桩	181	战争动员	1	0	0	0	0	0	0	0	0	0	0	0	0	0	6
2007	老树桩	181	无畏寒冷	2	0	"360:5,360"	0	0	0	0	0	0	0	0	0	0	0	7
2008	向日葵	37	阳光支援	1	0	0	0	0	0	0	0	0	0	0	0	0	0	8
2009	向日葵	37	齐心协力	2	0	0	0	0	0	0	0	0	0	0	0	0	0	9
2010	开心果	85	驱散	1	0	0	0	0	0	0	0	0	0	0	0	0	0	10;11
2011	开心果	85	耐旱耐涝	2	0	0	0	0	0	0	0	0	0	0	0	0	0	12
2012	梧桐树	1265	愤怒保护	1	0	0	0	0	0	0	0	0	0	0	0	0	0	68;69
2013	柏树	1265	火势蔓延	2	0	0	0	0	0	0	0	0	0	0	0	0	0	70;71
2014	瓜瓣投手	157	寒冷加深	1	0	0	0	0	0	0	0	0	0	0	0	0	0	13;14
2015	瓜瓣投手	157	无畏灼热	2	"114:5,114"	0	0	0	0	0	0	0	0	0	0	0	0	15
2016	小喷菇	73	毒蘑菇	1	0	0	0	0	0	0	0	0	0	0	0	0	0	16
2017	小喷菇	73	毒液腐蚀	2	0	0	0	0	0	0	0	0	0	0	0	0	0	21
2018	仙人球	109	弱点打击	1	0	0	0	0	0	0	0	0	0	0	0	0	0	18
2019	仙人球	109	创伤加深	2	0	0	0	0	0	0	0	0	0	0	0	0	0	19;20
2020	暴躁菇	217	复仇	1	0	0	0	0	0	0	0	0	0	0	0	0	0	22
2021	暴躁菇	217	点燃	2	0	0	0	0	0	0	0	0	0	0	0	0	0	26
2022	闪电芦苇	302	神经麻痹	1	0	0	0	0	0	0	0	0	0	0	0	0	0	27
2023	闪电芦苇	302	电弧溅射	2	0	0	0	0	0	0	0	0	0	0	0	0	0	28
2024	飞盘射手	241	怒火中烧	1	0	0	0	0	0	0	0	0	0	0	0	0	0	35;36;37
2025	飞盘射手	241	怒发冲冠	2	0	0	0	0	0	0	0	0	0	0	0	0	0	38;39;40
2026	椰子狙击手	193	精准打击	1	0	0	0	0	0	0	0	"188:5,188"	0	0	0	0	0	
2027	椰子狙击手	193	重击	2	0	0	0	0	0	0	0	0	0	0	0	0	0	41;42
2028	玉米投手	49	黄油怒射	1	0	0	0	0	0	0	0	0	0	0	0	0	0	43
2029	玉米投手	49	弹道修正	2	0	0	0	0	0	0	0	0	0	0	0	0	0	44;45
2030	地刺	97	破甲攻击	1	0	0	0	0	0	0	0	0	0	0	0	0	0	48
2031	地刺	97	潜伏	2	0	0	0	0	0	0	0	0	0	0	0	0	0	50
2032	水滴射手	145	护甲穿透	1	0	0	0	0	0	0	0	0	0	0	0	0	0	56
2033	水滴射手	145	碎冰	2	0	0	0	0	0	0	0	0	0	0	0	0	0	58
2034	拍拍草	25	咬合增强	1	0	0	0	0	0	0	0	0	0	0	0	0	0	46
2035	拍拍草	25	吞食天地	2	0	0	0	0	0	0	0	0	0	0	0	0	0	77;78;47;76
2036	猫尾草	253	激怒	1	0	0	0	0	0	0	0	0	0	0	0	0	0	59
2037	猫尾草	253	助战	2	0	0	0	0	0	0	0	0	0	0	0	0	0	60
2038	豌豆射手	1	火焰子弹	1	"114:5,114"	0	0	0	0	0	0	0	0	0	0	0	0	61;62
2039	豌豆射手	1	超大子弹	2	0	0	0	0	0	0	0	0	0	0	0	0	0	63;72
2040	坚果	121	自我治疗	1	0	0	0	0	0	0	0	0	0	0	0	0	0	64
2041	坚果	121	护卫	2	0	0	0	0	0	0	0	0	0	0	0	0	0	65
2042	小辣椒	61	恶魔之力	1	0	0	0	0	0	0	0	0	0	0	0	0	0	29;30
2043	小辣椒	61	破釜沉舟	2	0	0	0	0	0	0	0	0	0	0	0	0	0	31;32
2044	蜥蜴草	205	烧伤	1	0	0	0	0	0	0	0	0	0	0	0	0	0	33
2045	蜥蜴草	205	迟缓	2	0	0	0	0	0	0	0	0	0	0	0	0	0	34
2046	金盏花	1314	征税	1	0	0	0	0	0	0	0	0	0	0	0	0	0	74
2047	黄金花	1314	合理避税	2	0	0	0	0	0	0	0	0	0	0	0	0	0	75
2048	小萝卜	169	死亡救护	1	0	0	0	0	0	0	0	0	0	0	0	0	0	51
2049	小萝卜	169	起死回生	2	0	0	0	0	0	0	0	0	0	0	0	0	0	52
2050	魅惑菇	1338	死亡诅咒	1	0	0	0	0	0	0	0	0	0	0	0	0	0	79
2051	灵符菇菇	1338	鬼迷心窍	2	0	0	0	0	0	0	0	0	0	0	0	0	0	80
2052	三叶草	229	传染	1	0	0	0	0	0	0	0	0	0	0	0	0	0	53;54
2053	三叶草	229	分裂攻击	2	0	0	0	0	0	0	0	0	0	0	0	0	0	55
2054	拿铁咖啡豆	1326	风驰电掣	1	0	0	"50:5,50"	0	0	0	0	0	0	0	0	0	0	0
2055	摩卡咖啡豆	1326	压制	2	0	0	0	0	0	0	0	0	0	0	0	0	0	81;82
2056	激光豆	1350	聚光	1	"114:5,114"	0	0	0	0	0	0	0	0	0	0	0	0	83
2057	超人豆	1350	连射	2	0	0	0	0	0	0	"50:5,50"	0	0	0	0	0	0	84
2058	脉冲黄桃	1362	护盾	1	0	0	0	0	0	0	0	0	0	0	0	0	0	86
2059	心电桃	1362	脉冲强化	2	0	0	0	0	0	0	0	0	0	0	0	0	0	90;91;92
2060	充能柚子	1374	电离火花	1	0	0	0	0	0	0	0	0	0	0	0	0	0	93
2061	超能柚子	1374	离子爆破	2	0	0	0	0	0	0	0	0	0	0	0	0	0	0
2062	路灯花	1386	普照	1	0	0	0	0	0	0	0	0	0	0	0	0	0	94;96
2063	灯塔花	1386	指引	2	0	0	0	0	0	0	0	0	0	0	0	0	0	95;97
2064	魔音甜菜	1398	郁金香2阶被动技能	1	0	0	0	0	0	0	0	0	0	0	0	0	0	98;99
2065	DJ喇叭花	1398	郁金香3阶被动技能	2	0	0	0	0	0	0	0	0	0	0	0	0	0	100
2066	赤针花	1410	针叶爆破手2阶被动技能	1	0	0	0	0	0	0	0	0	0	0	0	0	0	101;103
2067	红莲女王	1410	针叶爆破手3阶被动技能	2	0	0	0	0	0	0	0	0	0	0	0	0	0	102;104
2068	金缕梅女巫	1422	魔术菇2阶被动技能	1	0	0	0	0	0	0	0	0	0	0	0	0	0	105
2069	南瓜巫师	1422	魔术菇3阶被动技能	2	0	0	0	0	0	0	0	0	0	0	0	0	0	0
2070	暗影龙葵	1434	月光花2阶被动技能	1	0	0	0	0	0	0	0	0	0	0	0	0	0	109
2071	暗樱草	1434	月光花3阶被动技能	2	0	0	0	0	0	0	0	0	0	0	0	0	0	108
2072	反伤	1446	旋转菠萝2阶被动技能	1	0	0	0	0	0	0	0	0	0	0	0	0	0	106
2073	剧毒尖刺	1446	旋转菠萝3阶被动技能	2	0	0	0	0	0	0	0	0	0	0	0	0	0	107
2074	苹果榴弹炮	1458	超能果肉	1	0	0	0	0	0	0	0	0	0	0	0	0	0	0
2075	苹果迫击炮	1458	兴奋果汁	2	0	0	0	0	0	0	0	0	0	0	0	0	0	128
2076	噬毒花	1470	噬毒花默认被动	0	0	0	0	0	0	0	0	0	0	0	0	0	0	124;125
2077	大王花	1470	孢子爆发	1	0	0	0	0	0	0	0	0	0	0	0	0	0	126
2078	帝王花	1470	粘性孢子	2	0	0	0	0	0	0	0	0	0	0	0	0	0	127
2079	血毒菇	1482	剧毒红利	1	0	0	0	0	0	0	0	0	0	0	0	0	0	132
2080	毒影菇	1482	混乱剧毒	2	0	0	0	0	0	0	0	0	0	0	0	0	0	133
2081	玫瑰剑客	1494	三棱剑	1	0	0	0	0	0	0	0	0	0	0	0	0	0	0
2082	剑术大师	1494	无尽怒火	2	0	0	0	0	0	0	0	0	0	0	0	0	0	131
2083	剑术学徒	1494	剑术学徒默认被动	0	0	0	0	0	0	0	0	0	0	0	0	0	0	129;130
2084	番莲工程师	1506	阶段1被动	0	0	0	0	0	0	0	0	0	0	0	0	0	0	134
2085	番莲工程师	1506	阶段2被动	1	0	0	0	0	0	0	0	0	0	0	0	0	0	135
2086	番莲工程师	1506	阶段3被动	2	0	0	0	0	0	0	0	0	0	0	0	0	0	136
																		
10000	攻击额外怒气	0		1000	0	0	0	0	0	0	0	0	0	0	0	0	0	110
10001	开场自带怒气	0		1001	0	0	0	0	0	0	0	0	0	0	0	0	0	111
10002	大招伤害提升	0		1002	0	0	0	0	0	0	0	0	0	0	0	0	0	112;116
10003	天赋:每回合有概率多攻击1轮	0	幸运草系/火焰系/音乐系专属	1003	0	0	0	0	0	0	0	0	0	0	0	0	0	113
10004	普攻伤害加成	0		1004	0	0	0	0	0	0	0	0	0	0	0	0	0	114
10005	治疗效果提升	0		1005	0	0	0	0	0	0	0	0	0	0	0	0	0	115
10006	天赋:收集癖	0	尾草系	1006	0	0	0	0	0	0	0	0	0	0	0	0	0	117
10007	天赋:星星之火	0	树桩系	1007	0	0	0	0	0	0	0	0	0	0	0	0	0	118
10008	抵抗效果提升	0		1008	0	0	0	0	0	0	0	0	0	0	0	0	0	119
10009	天赋:核能灯塔	0	路灯系	1009	0	0	0	0	0	0	0	0	0	0	0	0	0	120
10010	天赋:尖刺牢笼	0	魔术系	1010	0	0	0	0	0	0	0	0	0	0	0	0	0	121
10011	天赋:聚焦透镜	0	能量豆系	1011	0	0	0	0	0	0	0	0	0	0	0	0	0	122
10012	天赋:粒子爆炸	0	柚子系	1012	0	0	0	0	0	0	0	0	0	0	0	0	0	123
