唯一ID	植物类别ID	星数	废除-血量成长值	废除-攻击成长值	废除-防御成长值	升星花费	碎片ID	需要碎片数量	下个星级	废除-组合1ID	废除-组合2ID	升星加成值	升星加成值	升星加成值	新增-命中	新增-闪避	新增-暴击	新增-抗暴	新增-升星提升技能等级	最小等级要求	废除-最大等级限制(无效)	废除-被动技能1	废除-被动技能2	升星所需万能道具id	
INT	INT	INT	FLOAT	FLOAT	FLOAT	INT	INT	INT	INT	INT	INT	INT	INT	INT	INT	INT	INT	INT	INT	INT	INT	INT	INT	INT	
id	parentid	star	hpup	attackup	defup	advance_silver	advance_chipsId	advance_chips_num	nextstar	fetters1	fetters2	staruphp	starupattack	starupdef	starup_hit	starup_dodge	starup_critical	starup_toughness	starup_skillLv	minLevel	maxLevel	st_skill1	st_skill2	upStarUsedItemId	
1	1	1	10.7	2.3	1.2	1000	45001	2	2	200	204	298	0	0	0	0	0	0	1	1	30	-1	-1	97	豌豆射手
2	1	2	10.7	2.3	1.2	4000	45001	4	3	200	204	298	99	0	0	0	0	0	1	1	35	-1	-1	97	豌豆射手
3	1	3	10.7	2.3	1.2	9000	45001	8	4	200	204	298	99	0	0	0	104	0	1	1	40	-1	-1	97	豌豆射手
4	1	4	10.7	2.3	1.2	16000	45001	15	5	200	204	298	216	0	0	0	104	0	1	1	45	-1	-1	97	豌豆射手
5	1	5	10.7	2.3	1.2	25000	45001	15	6	200	204	780	216	0	0	0	104	0	2	20	50	-1	-1	97	豌豆射手
6	1	6	10.7	2.3	1.2	36000	45001	20	7	200	204	780	216	420	0	0	104	0	2	20	55	-1	-1	98	豌豆射手
7	1	7	10.7	2.3	1.2	49000	45001	20	8	200	204	780	340	420	0	0	104	0	2	20	60	-1	-1	98	豌豆射手
8	1	8	10.7	2.3	1.2	64000	45001	30	9	200	204	780	340	420	0	0	327	0	2	30	65	-1	-1	98	豌豆射手
9	1	9	10.7	2.3	1.2	81000	45001	30	10	200	204	1468	340	420	0	0	327	0	2	30	70	-1	-1	98	豌豆射手
10	1	10	10.7	2.3	1.2	100000	45001	40	11	200	204	1468	475	420	0	0	327	0	3	30	75	-1	-1	98	豌豆射手
11	1	11	10.7	2.3	1.2	121000	45001	40	12	200	204	1468	634	420	0	0	327	0	3	40	80	-1	-1	98	豌豆射手
12	1	12	10.7	2.3	1.2	144000	45001	50	13	200	204	2349	634	420	0	0	327	0	3	40	85	-1	-1	98	豌豆射手
13	1	13	10.7	2.3	1.2	169000	45001	50	14	200	204	2349	634	420	0	0	668	0	3	50	90	-1	-1	98	豌豆射手
14	1	14	10.7	2.3	1.2	196000	45001	60	15	200	204	3268	634	420	0	0	668	0	3	50	95	-1	-1	98	豌豆射手
15	1	15	10.7	2.3	1.2	225000	45001	60	16	200	204	3268	809	420	0	0	668	0	4	60	100	-1	-1	99	豌豆射手
16	1	16	10.7	2.3	1.2	256000	45001	70	17	200	204	4272	809	420	0	0	668	0	4	60	100	-1	-1	99	豌豆射手
17	1	17	10.7	2.3	1.2	289000	45001	70	18	200	204	4272	1000	420	0	0	668	0	4	70	100	-1	-1	99	豌豆射手
18	1	18	10.7	2.3	1.2	324000	45001	80	19	200	204	4272	1000	420	0	0	1128	0	4	70	100	-1	-1	99	豌豆射手
19	1	19	10.7	2.3	1.2	361000	45001	80	20	200	204	4272	1189	420	0	0	1128	0	4	80	100	-1	-1	99	豌豆射手
20	1	20	10.7	2.3	1.2				-1	200	204	4272	1428	420	0	0	1128	0	5	80	100	-1	-1	99	豌豆射手
21	13	1	24.5	1	4.2	1000	45013	2	2	208	212	439	0	0	0	0	0	0	1	1	30	-1	-1	97	菜本
22	13	2	24.5	1	4.2	4000	45013	4	3	208	212	439	0	256	0	0	0	0	1	1	35	-1	-1	97	菜本
23	13	3	24.5	1	4.2	9000	45013	8	4	208	212	439	0	256	0	292	0	0	1	1	40	-1	-1	97	菜本
24	13	4	24.5	1	4.2	16000	45013	15	5	208	212	439	0	550	0	292	0	0	1	1	45	-1	-1	97	菜本
25	13	5	24.5	1	4.2	25000	45013	15	6	208	212	940	0	550	0	292	0	0	2	20	50	-1	-1	97	菜本
26	13	6	24.5	1	4.2	36000	45013	20	7	208	212	940	0	919	0	292	0	0	2	20	55	-1	-1	98	菜本
27	13	7	24.5	1	4.2	49000	45013	20	8	208	212	1549	0	919	0	292	0	0	2	20	60	-1	-1	98	菜本
28	13	8	24.5	1	4.2	64000	45013	30	9	208	212	1549	0	919	0	292	0	223	2	30	65	-1	-1	98	菜本
29	13	9	24.5	1	4.2	81000	45013	30	10	208	212	2289	0	919	0	292	0	223	2	30	70	-1	-1	98	菜本
30	13	10	24.5	1	4.2	100000	45013	40	11	208	212	2289	144	919	0	292	0	223	3	30	75	-1	-1	98	菜本
31	13	11	24.5	1	4.2	121000	45013	40	12	208	212	3162	144	919	0	292	0	223	3	40	80	-1	-1	98	菜本
32	13	12	24.5	1	4.2	144000	45013	50	13	208	212	3162	311	919	0	292	0	223	3	40	85	-1	-1	98	菜本
33	13	13	24.5	1	4.2	169000	45013	50	14	208	212	3162	311	919	0	1252	0	223	3	50	90	-1	-1	98	菜本
34	13	14	24.5	1	4.2	196000	45013	60	15	208	212	4172	311	919	0	1252	0	223	3	50	95	-1	-1	98	菜本
35	13	15	24.5	1	4.2	225000	45013	60	16	208	212	4172	479	919	0	1252	0	223	4	60	100	-1	-1	99	菜本
36	13	16	24.5	1	4.2	256000	45013	70	17	208	212	4172	687	919	0	1252	0	223	4	60	100	-1	-1	99	菜本
37	13	17	24.5	1	4.2	289000	45013	70	18	208	212	5206	687	919	0	1252	0	223	4	70	100	-1	-1	99	菜本
38	13	18	24.5	1	4.2	324000	45013	80	19	208	212	5206	687	919	0	1252	0	683	4	70	100	-1	-1	99	菜本
39	13	19	24.5	1	4.2	361000	45013	80	20	208	212	5206	959	919	0	1252	0	683	4	80	100	-1	-1	99	菜本
40	13	20	24.5	1	4.2				-1	208	212	6295	959	919	0	1252	0	683	5	80	100	-1	-1	99	菜本
41	25	1	20.7	1	5.1	1000	45025	2	2	216	220	439	0	0	0	0	0	0	1	1	30	-1	-1	97	拍拍草
42	25	2	20.7	1	5.1	4000	45025	4	3	216	220	439	0	256	0	0	0	0	1	1	35	-1	-1	97	拍拍草
43	25	3	20.7	1	5.1	9000	45025	8	4	216	220	439	0	256	0	292	0	0	1	1	40	-1	-1	97	拍拍草
44	25	4	20.7	1	5.1	16000	45025	15	5	216	220	439	0	550	0	292	0	0	1	1	45	-1	-1	97	拍拍草
45	25	5	20.7	1	5.1	25000	45025	15	6	216	220	940	0	550	0	292	0	0	2	20	50	-1	-1	97	拍拍草
46	25	6	20.7	1	5.1	36000	45025	20	7	216	220	940	0	919	0	292	0	0	2	20	55	-1	-1	98	拍拍草
47	25	7	20.7	1	5.1	49000	45025	20	8	216	220	1549	0	919	0	292	0	0	2	20	60	-1	-1	98	拍拍草
48	25	8	20.7	1	5.1	64000	45025	30	9	216	220	1549	0	919	0	292	0	223	2	30	65	-1	-1	98	拍拍草
49	25	9	20.7	1	5.1	81000	45025	30	10	216	220	2289	0	919	0	292	0	223	2	30	70	-1	-1	98	拍拍草
50	25	10	20.7	1	5.1	100000	45025	40	11	216	220	2289	144	919	0	292	0	223	3	30	75	-1	-1	98	拍拍草
51	25	11	20.7	1	5.1	121000	45025	40	12	216	220	3162	144	919	0	292	0	223	3	40	80	-1	-1	98	拍拍草
52	25	12	20.7	1	5.1	144000	45025	50	13	216	220	3162	311	919	0	292	0	223	3	40	85	-1	-1	98	拍拍草
53	25	13	20.7	1	5.1	169000	45025	50	14	216	220	3162	311	919	0	1252	0	223	3	50	90	-1	-1	98	拍拍草
54	25	14	20.7	1	5.1	196000	45025	60	15	216	220	4172	311	919	0	1252	0	223	3	50	95	-1	-1	98	拍拍草
55	25	15	20.7	1	5.1	225000	45025	60	16	216	220	4172	479	919	0	1252	0	223	4	60	100	-1	-1	99	拍拍草
56	25	16	20.7	1	5.1	256000	45025	70	17	216	220	4172	687	919	0	1252	0	223	4	60	100	-1	-1	99	拍拍草
57	25	17	20.7	1	5.1	289000	45025	70	18	216	220	5206	687	919	0	1252	0	223	4	70	100	-1	-1	99	拍拍草
58	25	18	20.7	1	5.1	324000	45025	80	19	216	220	5206	687	919	0	1252	0	683	4	70	100	-1	-1	99	拍拍草
59	25	19	20.7	1	5.1	361000	45025	80	20	216	220	5206	959	919	0	1252	0	683	4	80	100	-1	-1	99	拍拍草
60	25	20	20.7	1	5.1				-1	216	220	6295	959	919	0	1252	0	683	5	80	100	-1	-1	99	拍拍草
61	37	1	11.3	0.9	1.3	1000	45037	2	2	224	228	258	0	0	0	0	0	0	1	1	30	-1	-1	97	向日葵
62	37	2	11.3	0.9	1.3	4000	45037	4	3	224	228	638	0	0	0	0	0	0	1	1	35	-1	-1	97	向日葵
63	37	3	11.3	0.9	1.3	9000	45037	8	4	224	228	638	0	0	219	0	0	0	1	1	40	-1	-1	97	向日葵
64	37	4	11.3	0.9	1.3	16000	45037	15	5	224	228	638	62	0	219	0	0	0	1	1	45	-1	-1	97	向日葵
65	37	5	11.3	0.9	1.3	25000	45037	15	6	224	228	638	62	292	219	0	0	0	2	20	50	-1	-1	97	向日葵
66	37	6	11.3	0.9	1.3	36000	45037	20	7	224	228	638	137	292	219	0	0	0	2	20	55	-1	-1	98	向日葵
67	37	7	11.3	0.9	1.3	49000	45037	20	8	224	228	1036	137	292	219	0	0	0	2	20	60	-1	-1	98	向日葵
68	37	8	11.3	0.9	1.3	64000	45037	30	9	224	228	1036	137	292	219	0	167	0	2	30	65	-1	-1	98	向日葵
69	37	9	11.3	0.9	1.3	81000	45037	30	10	224	228	1036	217	292	219	0	167	0	2	30	70	-1	-1	98	向日葵
70	37	10	11.3	0.9	1.3	100000	45037	40	11	224	228	1036	307	292	219	0	167	0	3	30	75	-1	-1	98	向日葵
71	37	11	11.3	0.9	1.3	121000	45037	40	12	224	228	1036	416	292	219	0	167	0	3	40	80	-1	-1	98	向日葵
72	37	12	11.3	0.9	1.3	144000	45037	50	13	224	228	1555	393	292	219	0	167	0	3	40	85	-1	-1	98	向日葵
73	37	13	11.3	0.9	1.3	169000	45037	50	14	224	228	1555	393	292	219	720	167	0	3	50	90	-1	-1	98	向日葵
74	37	14	11.3	0.9	1.3	196000	45037	60	15	224	228	1555	545	292	219	720	167	0	3	50	95	-1	-1	98	向日葵
75	37	15	11.3	0.9	1.3	225000	45037	60	16	224	228	2250	545	292	219	720	167	0	4	60	100	-1	-1	99	向日葵
76	37	16	11.3	0.9	1.3	256000	45037	70	17	224	228	2250	713	292	219	720	167	0	4	60	100	-1	-1	99	向日葵
77	37	17	11.3	0.9	1.3	289000	45037	70	18	224	228	3096	713	292	219	720	167	0	4	70	100	-1	-1	99	向日葵
78	37	18	11.3	0.9	1.3	324000	45037	80	19	224	228	3096	713	292	219	720	167	345	4	70	100	-1	-1	99	向日葵
79	37	19	11.3	0.9	1.3	361000	45037	80	20	224	228	3096	905	292	219	720	167	345	4	80	100	-1	-1	99	向日葵
80	37	20	11.3	0.9	1.3				-1	224	228	4150	905	292	219	720	167	345	5	80	100	-1	-1	99	向日葵
81	49	1	11.3	3.2	1.2	1000	45049	2	2	232	236	298	0	0	0	0	0	0	1	1	30	-1	-1	97	玉米投手
82	49	2	11.3	3.2	1.2	4000	45049	4	3	232	236	298	99	0	0	0	0	0	1	1	35	-1	-1	97	玉米投手
83	49	3	11.3	3.2	1.2	9000	45049	8	4	232	236	298	99	0	0	0	104	0	1	1	40	-1	-1	97	玉米投手
84	49	4	11.3	3.2	1.2	16000	45049	15	5	232	236	298	216	0	0	0	104	0	1	1	45	-1	-1	97	玉米投手
85	49	5	11.3	3.2	1.2	25000	45049	15	6	232	236	780	216	0	0	0	104	0	2	20	50	-1	-1	97	玉米投手
86	49	6	11.3	3.2	1.2	36000	45049	20	7	232	236	780	216	420	0	0	104	0	2	20	55	-1	-1	98	玉米投手
87	49	7	11.3	3.2	1.2	49000	45049	20	8	232	236	780	340	420	0	0	104	0	2	20	60	-1	-1	98	玉米投手
88	49	8	11.3	3.2	1.2	64000	45049	30	9	232	236	780	340	420	0	0	327	0	2	30	65	-1	-1	98	玉米投手
89	49	9	11.3	3.2	1.2	81000	45049	30	10	232	236	1468	340	420	0	0	327	0	2	30	70	-1	-1	98	玉米投手
90	49	10	11.3	3.2	1.2	100000	45049	40	11	232	236	1468	475	420	0	0	327	0	3	30	75	-1	-1	98	玉米投手
91	49	11	11.3	3.2	1.2	121000	45049	40	12	232	236	1468	634	420	0	0	327	0	3	40	80	-1	-1	98	玉米投手
92	49	12	11.3	3.2	1.2	144000	45049	50	13	232	236	2349	634	420	0	0	327	0	3	40	85	-1	-1	98	玉米投手
93	49	13	11.3	3.2	1.2	169000	45049	50	14	232	236	2349	634	420	0	0	668	0	3	50	90	-1	-1	98	玉米投手
94	49	14	11.3	3.2	1.2	196000	45049	60	15	232	236	3268	634	420	0	0	668	0	3	50	95	-1	-1	98	玉米投手
95	49	15	11.3	3.2	1.2	225000	45049	60	16	232	236	3268	809	420	0	0	668	0	4	60	100	-1	-1	99	玉米投手
96	49	16	11.3	3.2	1.2	256000	45049	70	17	232	236	4272	809	420	0	0	668	0	4	60	100	-1	-1	99	玉米投手
97	49	17	11.3	3.2	1.2	289000	45049	70	18	232	236	4272	1000	420	0	0	668	0	4	70	100	-1	-1	99	玉米投手
98	49	18	11.3	3.2	1.2	324000	45049	80	19	232	236	4272	1000	420	0	0	1128	0	4	70	100	-1	-1	99	玉米投手
99	49	19	11.3	3.2	1.2	361000	45049	80	20	232	236	4272	1189	420	0	0	1128	0	4	80	100	-1	-1	99	玉米投手
100	49	20	11.3	3.2	1.2				-1	232	236	4272	1428	420	0	0	1128	0	5	80	100	-1	-1	99	玉米投手
101	61	1	11.3	2.9	1.3	1000	45061	2	2	240	244	298	0	0	0	0	0	0	1	1	30	-1	-1	97	小辣椒
102	61	2	11.3	2.9	1.3	4000	45061	4	3	240	244	298	99	0	0	0	0	0	1	1	35	-1	-1	97	小辣椒
103	61	3	11.3	2.9	1.3	9000	45061	8	4	240	244	298	99	0	0	0	104	0	1	1	40	-1	-1	97	小辣椒
104	61	4	11.3	2.9	1.3	16000	45061	15	5	240	244	298	216	0	0	0	104	0	1	1	45	-1	-1	97	小辣椒
105	61	5	11.3	2.9	1.3	25000	45061	15	6	240	244	780	216	0	0	0	104	0	2	20	50	-1	-1	97	小辣椒
106	61	6	11.3	2.9	1.3	36000	45061	20	7	240	244	780	216	420	0	0	104	0	2	20	55	-1	-1	98	小辣椒
107	61	7	11.3	2.9	1.3	49000	45061	20	8	240	244	780	340	420	0	0	104	0	2	20	60	-1	-1	98	小辣椒
108	61	8	11.3	2.9	1.3	64000	45061	30	9	240	244	780	340	420	0	0	327	0	2	30	65	-1	-1	98	小辣椒
109	61	9	11.3	2.9	1.3	81000	45061	30	10	240	244	1468	340	420	0	0	327	0	2	30	70	-1	-1	98	小辣椒
110	61	10	11.3	2.9	1.3	100000	45061	40	11	240	244	1468	475	420	0	0	327	0	3	30	75	-1	-1	98	小辣椒
111	61	11	11.3	2.9	1.3	121000	45061	40	12	240	244	1468	634	420	0	0	327	0	3	40	80	-1	-1	98	小辣椒
112	61	12	11.3	2.9	1.3	144000	45061	50	13	240	244	2349	634	420	0	0	327	0	3	40	85	-1	-1	98	小辣椒
113	61	13	11.3	2.9	1.3	169000	45061	50	14	240	244	2349	634	420	0	0	668	0	3	50	90	-1	-1	98	小辣椒
114	61	14	11.3	2.9	1.3	196000	45061	60	15	240	244	3268	634	420	0	0	668	0	3	50	95	-1	-1	98	小辣椒
115	61	15	11.3	2.9	1.3	225000	45061	60	16	240	244	3268	809	420	0	0	668	0	4	60	100	-1	-1	99	小辣椒
116	61	16	11.3	2.9	1.3	256000	45061	70	17	240	244	4272	809	420	0	0	668	0	4	60	100	-1	-1	99	小辣椒
117	61	17	11.3	2.9	1.3	289000	45061	70	18	240	244	4272	1000	420	0	0	668	0	4	70	100	-1	-1	99	小辣椒
118	61	18	11.3	2.9	1.3	324000	45061	80	19	240	244	4272	1000	420	0	0	1128	0	4	70	100	-1	-1	99	小辣椒
119	61	19	11.3	2.9	1.3	361000	45061	80	20	240	244	4272	1189	420	0	0	1128	0	4	80	100	-1	-1	99	小辣椒
120	61	20	11.3	2.9	1.3				-1	240	244	4272	1428	420	0	0	1128	0	5	80	100	-1	-1	99	小辣椒
121	73	1	12.5	2.2	1.2	1000	45073	2	2	248	252	298	0	0	0	0	0	0	1	1	30	-1	-1	97	小喷菇
122	73	2	12.5	2.2	1.2	4000	45073	4	3	248	252	298	99	0	0	0	0	0	1	1	35	-1	-1	97	小喷菇
123	73	3	12.5	2.2	1.2	9000	45073	8	4	248	252	298	99	0	0	0	104	0	1	1	40	-1	-1	97	小喷菇
124	73	4	12.5	2.2	1.2	16000	45073	15	5	248	252	298	216	0	0	0	104	0	1	1	45	-1	-1	97	小喷菇
125	73	5	12.5	2.2	1.2	25000	45073	15	6	248	252	780	216	0	0	0	104	0	2	20	50	-1	-1	97	小喷菇
126	73	6	12.5	2.2	1.2	36000	45073	20	7	248	252	780	216	420	0	0	104	0	2	20	55	-1	-1	98	小喷菇
127	73	7	12.5	2.2	1.2	49000	45073	20	8	248	252	780	340	420	0	0	104	0	2	20	60	-1	-1	98	小喷菇
128	73	8	12.5	2.2	1.2	64000	45073	30	9	248	252	780	340	420	0	0	327	0	2	30	65	-1	-1	98	小喷菇
129	73	9	12.5	2.2	1.2	81000	45073	30	10	248	252	1468	340	420	0	0	327	0	2	30	70	-1	-1	98	小喷菇
130	73	10	12.5	2.2	1.2	100000	45073	40	11	248	252	1468	475	420	0	0	327	0	3	30	75	-1	-1	98	小喷菇
131	73	11	12.5	2.2	1.2	121000	45073	40	12	248	252	1468	634	420	0	0	327	0	3	40	80	-1	-1	98	小喷菇
132	73	12	12.5	2.2	1.2	144000	45073	50	13	248	252	2349	634	420	0	0	327	0	3	40	85	-1	-1	98	小喷菇
133	73	13	12.5	2.2	1.2	169000	45073	50	14	248	252	2349	634	420	0	0	668	0	3	50	90	-1	-1	98	小喷菇
134	73	14	12.5	2.2	1.2	196000	45073	60	15	248	252	3268	634	420	0	0	668	0	3	50	95	-1	-1	98	小喷菇
135	73	15	12.5	2.2	1.2	225000	45073	60	16	248	252	3268	809	420	0	0	668	0	4	60	100	-1	-1	99	小喷菇
136	73	16	12.5	2.2	1.2	256000	45073	70	17	248	252	4272	809	420	0	0	668	0	4	60	100	-1	-1	99	小喷菇
137	73	17	12.5	2.2	1.2	289000	45073	70	18	248	252	4272	1000	420	0	0	668	0	4	70	100	-1	-1	99	小喷菇
138	73	18	12.5	2.2	1.2	324000	45073	80	19	248	252	4272	1000	420	0	0	1128	0	4	70	100	-1	-1	99	小喷菇
139	73	19	12.5	2.2	1.2	361000	45073	80	20	248	252	4272	1189	420	0	0	1128	0	4	80	100	-1	-1	99	小喷菇
140	73	20	12.5	2.2	1.2				-1	248	252	4272	1428	420	0	0	1128	0	5	80	100	-1	-1	99	小喷菇
141	85	1	11.3	0.8	1.3	1000	45085	2	2	256	260	258	0	0	0	0	0	0	1	1	30	-1	-1	97	开心果
142	85	2	11.3	0.8	1.3	4000	45085	4	3	256	260	638	0	0	0	0	0	0	1	1	35	-1	-1	97	开心果
143	85	3	11.3	0.8	1.3	9000	45085	8	4	256	260	638	0	0	219	0	0	0	1	1	40	-1	-1	97	开心果
144	85	4	11.3	0.8	1.3	16000	45085	15	5	256	260	638	62	0	219	0	0	0	1	1	45	-1	-1	97	开心果
145	85	5	11.3	0.8	1.3	25000	45085	15	6	256	260	638	62	292	219	0	0	0	2	20	50	-1	-1	97	开心果
146	85	6	11.3	0.8	1.3	36000	45085	20	7	256	260	638	137	292	219	0	0	0	2	20	55	-1	-1	98	开心果
147	85	7	11.3	0.8	1.3	49000	45085	20	8	256	260	1036	137	292	219	0	0	0	2	20	60	-1	-1	98	开心果
148	85	8	11.3	0.8	1.3	64000	45085	30	9	256	260	1036	137	292	219	0	167	0	2	30	65	-1	-1	98	开心果
149	85	9	11.3	0.8	1.3	81000	45085	30	10	256	260	1036	217	292	219	0	167	0	2	30	70	-1	-1	98	开心果
150	85	10	11.3	0.8	1.3	100000	45085	40	11	256	260	1036	307	292	219	0	167	0	3	30	75	-1	-1	98	开心果
151	85	11	11.3	0.8	1.3	121000	45085	40	12	256	260	1036	416	292	219	0	167	0	3	40	80	-1	-1	98	开心果
152	85	12	11.3	0.8	1.3	144000	45085	50	13	256	260	1555	393	292	219	0	167	0	3	40	85	-1	-1	98	开心果
153	85	13	11.3	0.8	1.3	169000	45085	50	14	256	260	1555	393	292	219	720	167	0	3	50	90	-1	-1	98	开心果
154	85	14	11.3	0.8	1.3	196000	45085	60	15	256	260	1555	545	292	219	720	167	0	3	50	95	-1	-1	98	开心果
155	85	15	11.3	0.8	1.3	225000	45085	60	16	256	260	2250	545	292	219	720	167	0	4	60	100	-1	-1	99	开心果
156	85	16	11.3	0.8	1.3	256000	45085	70	17	256	260	2250	713	292	219	720	167	0	4	60	100	-1	-1	99	开心果
157	85	17	11.3	0.8	1.3	289000	45085	70	18	256	260	3096	713	292	219	720	167	0	4	70	100	-1	-1	99	开心果
158	85	18	11.3	0.8	1.3	324000	45085	80	19	256	260	3096	713	292	219	720	167	345	4	70	100	-1	-1	99	开心果
159	85	19	11.3	0.8	1.3	361000	45085	80	20	256	260	3096	905	292	219	720	167	345	4	80	100	-1	-1	99	开心果
160	85	20	11.3	0.8	1.3				-1	256	260	4150	905	292	219	720	167	345	5	80	100	-1	-1	99	开心果
161	97	1	22.7	1	4.9	1000	45097	2	2	264	268	439	0	0	0	0	0	0	1	1	30	-1	-1	97	地刺
162	97	2	22.7	1	4.9	4000	45097	4	3	264	268	439	0	256	0	0	0	0	1	1	35	-1	-1	97	地刺
163	97	3	22.7	1	4.9	9000	45097	8	4	264	268	439	0	256	0	292	0	0	1	1	40	-1	-1	97	地刺
164	97	4	22.7	1	4.9	16000	45097	15	5	264	268	439	0	550	0	292	0	0	1	1	45	-1	-1	97	地刺
165	97	5	22.7	1	4.9	25000	45097	15	6	264	268	940	0	550	0	292	0	0	2	20	50	-1	-1	97	地刺
166	97	6	22.7	1	4.9	36000	45097	20	7	264	268	940	0	919	0	292	0	0	2	20	55	-1	-1	98	地刺
167	97	7	22.7	1	4.9	49000	45097	20	8	264	268	1549	0	919	0	292	0	0	2	20	60	-1	-1	98	地刺
168	97	8	22.7	1	4.9	64000	45097	30	9	264	268	1549	0	919	0	292	0	223	2	30	65	-1	-1	98	地刺
169	97	9	22.7	1	4.9	81000	45097	30	10	264	268	2289	0	919	0	292	0	223	2	30	70	-1	-1	98	地刺
170	97	10	22.7	1	4.9	100000	45097	40	11	264	268	2289	144	919	0	292	0	223	3	30	75	-1	-1	98	地刺
171	97	11	22.7	1	4.9	121000	45097	40	12	264	268	3162	144	919	0	292	0	223	3	40	80	-1	-1	98	地刺
172	97	12	22.7	1	4.9	144000	45097	50	13	264	268	3162	311	919	0	292	0	223	3	40	85	-1	-1	98	地刺
173	97	13	22.7	1	4.9	169000	45097	50	14	264	268	3162	311	919	0	1252	0	223	3	50	90	-1	-1	98	地刺
174	97	14	22.7	1	4.9	196000	45097	60	15	264	268	4172	311	919	0	1252	0	223	3	50	95	-1	-1	98	地刺
175	97	15	22.7	1	4.9	225000	45097	60	16	264	268	4172	479	919	0	1252	0	223	4	60	100	-1	-1	99	地刺
176	97	16	22.7	1	4.9	256000	45097	70	17	264	268	4172	687	919	0	1252	0	223	4	60	100	-1	-1	99	地刺
177	97	17	22.7	1	4.9	289000	45097	70	18	264	268	5206	687	919	0	1252	0	223	4	70	100	-1	-1	99	地刺
178	97	18	22.7	1	4.9	324000	45097	80	19	264	268	5206	687	919	0	1252	0	683	4	70	100	-1	-1	99	地刺
179	97	19	22.7	1	4.9	361000	45097	80	20	264	268	5206	959	919	0	1252	0	683	4	80	100	-1	-1	99	地刺
180	97	20	22.7	1	4.9				-1	264	268	6295	959	919	0	1252	0	683	5	80	100	-1	-1	99	地刺
181	109	1	12.5	3.2	1.1	1000	45109	2	2	272	276	298	0	0	0	0	0	0	1	1	30	-1	-1	97	仙人球
182	109	2	12.5	3.2	1.1	4000	45109	4	3	272	276	298	99	0	0	0	0	0	1	1	35	-1	-1	97	仙人球
183	109	3	12.5	3.2	1.1	9000	45109	8	4	272	276	298	99	0	0	0	104	0	1	1	40	-1	-1	97	仙人球
184	109	4	12.5	3.2	1.1	16000	45109	15	5	272	276	298	216	0	0	0	104	0	1	1	45	-1	-1	97	仙人球
185	109	5	12.5	3.2	1.1	25000	45109	15	6	272	276	780	216	0	0	0	104	0	2	20	50	-1	-1	97	仙人球
186	109	6	12.5	3.2	1.1	36000	45109	20	7	272	276	780	216	420	0	0	104	0	2	20	55	-1	-1	98	仙人球
187	109	7	12.5	3.2	1.1	49000	45109	20	8	272	276	780	340	420	0	0	104	0	2	20	60	-1	-1	98	仙人球
188	109	8	12.5	3.2	1.1	64000	45109	30	9	272	276	780	340	420	0	0	327	0	2	30	65	-1	-1	98	仙人球
189	109	9	12.5	3.2	1.1	81000	45109	30	10	272	276	1468	340	420	0	0	327	0	2	30	70	-1	-1	98	仙人球
190	109	10	12.5	3.2	1.1	100000	45109	40	11	272	276	1468	475	420	0	0	327	0	3	30	75	-1	-1	98	仙人球
191	109	11	12.5	3.2	1.1	121000	45109	40	12	272	276	1468	634	420	0	0	327	0	3	40	80	-1	-1	98	仙人球
192	109	12	12.5	3.2	1.1	144000	45109	50	13	272	276	2349	634	420	0	0	327	0	3	40	85	-1	-1	98	仙人球
193	109	13	12.5	3.2	1.1	169000	45109	50	14	272	276	2349	634	420	0	0	668	0	3	50	90	-1	-1	98	仙人球
194	109	14	12.5	3.2	1.1	196000	45109	60	15	272	276	3268	634	420	0	0	668	0	3	50	95	-1	-1	98	仙人球
195	109	15	12.5	3.2	1.1	225000	45109	60	16	272	276	3268	809	420	0	0	668	0	4	60	100	-1	-1	99	仙人球
196	109	16	12.5	3.2	1.1	256000	45109	70	17	272	276	4272	809	420	0	0	668	0	4	60	100	-1	-1	99	仙人球
197	109	17	12.5	3.2	1.1	289000	45109	70	18	272	276	4272	1000	420	0	0	668	0	4	70	100	-1	-1	99	仙人球
198	109	18	12.5	3.2	1.1	324000	45109	80	19	272	276	4272	1000	420	0	0	1128	0	4	70	100	-1	-1	99	仙人球
199	109	19	12.5	3.2	1.1	361000	45109	80	20	272	276	4272	1189	420	0	0	1128	0	4	80	100	-1	-1	99	仙人球
200	109	20	12.5	3.2	1.1				-1	272	276	4272	1428	420	0	0	1128	0	5	80	100	-1	-1	99	仙人球
201	121	1	23	0.9	5.1	1000	45121	2	2	280	284	439	0	0	0	0	0	0	1	1	30	-1	-1	97	坚果
202	121	2	23	0.9	5.1	4000	45121	4	3	280	284	439	0	256	0	0	0	0	1	1	35	-1	-1	97	坚果
203	121	3	23	0.9	5.1	9000	45121	8	4	280	284	439	0	256	0	292	0	0	1	1	40	-1	-1	97	坚果
204	121	4	23	0.9	5.1	16000	45121	15	5	280	284	439	0	550	0	292	0	0	1	1	45	-1	-1	97	坚果
205	121	5	23	0.9	5.1	25000	45121	15	6	280	284	940	0	550	0	292	0	0	2	20	50	-1	-1	97	坚果
206	121	6	23	0.9	5.1	36000	45121	20	7	280	284	940	0	919	0	292	0	0	2	20	55	-1	-1	98	坚果
207	121	7	23	0.9	5.1	49000	45121	20	8	280	284	1549	0	919	0	292	0	0	2	20	60	-1	-1	98	坚果
208	121	8	23	0.9	5.1	64000	45121	30	9	280	284	1549	0	919	0	292	0	223	2	30	65	-1	-1	98	坚果
209	121	9	23	0.9	5.1	81000	45121	30	10	280	284	2289	0	919	0	292	0	223	2	30	70	-1	-1	98	坚果
210	121	10	23	0.9	5.1	100000	45121	40	11	280	284	2289	144	919	0	292	0	223	3	30	75	-1	-1	98	坚果
211	121	11	23	0.9	5.1	121000	45121	40	12	280	284	3162	144	919	0	292	0	223	3	40	80	-1	-1	98	坚果
212	121	12	23	0.9	5.1	144000	45121	50	13	280	284	3162	311	919	0	292	0	223	3	40	85	-1	-1	98	坚果
213	121	13	23	0.9	5.1	169000	45121	50	14	280	284	3162	311	919	0	1252	0	223	3	50	90	-1	-1	98	坚果
214	121	14	23	0.9	5.1	196000	45121	60	15	280	284	4172	311	919	0	1252	0	223	3	50	95	-1	-1	98	坚果
215	121	15	23	0.9	5.1	225000	45121	60	16	280	284	4172	479	919	0	1252	0	223	4	60	100	-1	-1	99	坚果
216	121	16	23	0.9	5.1	256000	45121	70	17	280	284	4172	687	919	0	1252	0	223	4	60	100	-1	-1	99	坚果
217	121	17	23	0.9	5.1	289000	45121	70	18	280	284	5206	687	919	0	1252	0	223	4	70	100	-1	-1	99	坚果
218	121	18	23	0.9	5.1	324000	45121	80	19	280	284	5206	687	919	0	1252	0	683	4	70	100	-1	-1	99	坚果
219	121	19	23	0.9	5.1	361000	45121	80	20	280	284	5206	959	919	0	1252	0	683	4	80	100	-1	-1	99	坚果
220	121	20	23	0.9	5.1				-1	280	284	6295	959	919	0	1252	0	683	5	80	100	-1	-1	99	坚果
221	133	1	24.8	1.1	3.9	1000	45133	2	2	288	292	439	0	0	0	0	0	0	1	1	30	-1	-1	97	樱桃炸弹
222	133	2	24.8	1.1	3.9	4000	45133	4	3	288	292	439	0	256	0	0	0	0	1	1	35	-1	-1	97	樱桃炸弹
223	133	3	24.8	1.1	3.9	9000	45133	8	4	288	292	439	0	256	0	292	0	0	1	1	40	-1	-1	97	樱桃炸弹
224	133	4	24.8	1.1	3.9	16000	45133	15	5	288	292	439	0	550	0	292	0	0	1	1	45	-1	-1	97	樱桃炸弹
225	133	5	24.8	1.1	3.9	25000	45133	15	6	288	292	940	0	550	0	292	0	0	2	20	50	-1	-1	97	樱桃炸弹
226	133	6	24.8	1.1	3.9	36000	45133	20	7	288	292	940	0	919	0	292	0	0	2	20	55	-1	-1	98	樱桃炸弹
227	133	7	24.8	1.1	3.9	49000	45133	20	8	288	292	1549	0	919	0	292	0	0	2	20	60	-1	-1	98	樱桃炸弹
228	133	8	24.8	1.1	3.9	64000	45133	30	9	288	292	1549	0	919	0	292	0	223	2	30	65	-1	-1	98	樱桃炸弹
229	133	9	24.8	1.1	3.9	81000	45133	30	10	288	292	2289	0	919	0	292	0	223	2	30	70	-1	-1	98	樱桃炸弹
230	133	10	24.8	1.1	3.9	100000	45133	40	11	288	292	2289	144	919	0	292	0	223	3	30	75	-1	-1	98	樱桃炸弹
231	133	11	24.8	1.1	3.9	121000	45133	40	12	288	292	3162	144	919	0	292	0	223	3	40	80	-1	-1	98	樱桃炸弹
232	133	12	24.8	1.1	3.9	144000	45133	50	13	288	292	3162	311	919	0	292	0	223	3	40	85	-1	-1	98	樱桃炸弹
233	133	13	24.8	1.1	3.9	169000	45133	50	14	288	292	3162	311	919	0	1252	0	223	3	50	90	-1	-1	98	樱桃炸弹
234	133	14	24.8	1.1	3.9	196000	45133	60	15	288	292	4172	311	919	0	1252	0	223	3	50	95	-1	-1	98	樱桃炸弹
235	133	15	24.8	1.1	3.9	225000	45133	60	16	288	292	4172	479	919	0	1252	0	223	4	60	100	-1	-1	99	樱桃炸弹
236	133	16	24.8	1.1	3.9	256000	45133	70	17	288	292	4172	687	919	0	1252	0	223	4	60	100	-1	-1	99	樱桃炸弹
237	133	17	24.8	1.1	3.9	289000	45133	70	18	288	292	5206	687	919	0	1252	0	223	4	70	100	-1	-1	99	樱桃炸弹
238	133	18	24.8	1.1	3.9	324000	45133	80	19	288	292	5206	687	919	0	1252	0	683	4	70	100	-1	-1	99	樱桃炸弹
239	133	19	24.8	1.1	3.9	361000	45133	80	20	288	292	5206	959	919	0	1252	0	683	4	80	100	-1	-1	99	樱桃炸弹
240	133	20	24.8	1.1	3.9				-1	288	292	6295	959	919	0	1252	0	683	5	80	100	-1	-1	99	樱桃炸弹
241	145	1	11.3	2.2	1.3	1000	45145	2	2	296	300	298	0	0	0	0	0	0	1	1	30	-1	-1	97	水滴射手
242	145	2	11.3	2.2	1.3	4000	45145	4	3	296	300	298	99	0	0	0	0	0	1	1	35	-1	-1	97	水滴射手
243	145	3	11.3	2.2	1.3	9000	45145	8	4	296	300	298	99	0	0	0	104	0	1	1	40	-1	-1	97	水滴射手
244	145	4	11.3	2.2	1.3	16000	45145	15	5	296	300	298	216	0	0	0	104	0	1	1	45	-1	-1	97	水滴射手
245	145	5	11.3	2.2	1.3	25000	45145	15	6	296	300	780	216	0	0	0	104	0	2	20	50	-1	-1	97	水滴射手
246	145	6	11.3	2.2	1.3	36000	45145	20	7	296	300	780	216	420	0	0	104	0	2	20	55	-1	-1	98	水滴射手
247	145	7	11.3	2.2	1.3	49000	45145	20	8	296	300	780	340	420	0	0	104	0	2	20	60	-1	-1	98	水滴射手
248	145	8	11.3	2.2	1.3	64000	45145	30	9	296	300	780	340	420	0	0	327	0	2	30	65	-1	-1	98	水滴射手
249	145	9	11.3	2.2	1.3	81000	45145	30	10	296	300	1468	340	420	0	0	327	0	2	30	70	-1	-1	98	水滴射手
250	145	10	11.3	2.2	1.3	100000	45145	40	11	296	300	1468	475	420	0	0	327	0	3	30	75	-1	-1	98	水滴射手
251	145	11	11.3	2.2	1.3	121000	45145	40	12	296	300	1468	634	420	0	0	327	0	3	40	80	-1	-1	98	水滴射手
252	145	12	11.3	2.2	1.3	144000	45145	50	13	296	300	2349	634	420	0	0	327	0	3	40	85	-1	-1	98	水滴射手
253	145	13	11.3	2.2	1.3	169000	45145	50	14	296	300	2349	634	420	0	0	668	0	3	50	90	-1	-1	98	水滴射手
254	145	14	11.3	2.2	1.3	196000	45145	60	15	296	300	3268	634	420	0	0	668	0	3	50	95	-1	-1	98	水滴射手
255	145	15	11.3	2.2	1.3	225000	45145	60	16	296	300	3268	809	420	0	0	668	0	4	60	100	-1	-1	99	水滴射手
256	145	16	11.3	2.2	1.3	256000	45145	70	17	296	300	4272	809	420	0	0	668	0	4	60	100	-1	-1	99	水滴射手
257	145	17	11.3	2.2	1.3	289000	45145	70	18	296	300	4272	1000	420	0	0	668	0	4	70	100	-1	-1	99	水滴射手
258	145	18	11.3	2.2	1.3	324000	45145	80	19	296	300	4272	1000	420	0	0	1128	0	4	70	100	-1	-1	99	水滴射手
259	145	19	11.3	2.2	1.3	361000	45145	80	20	296	300	4272	1189	420	0	0	1128	0	4	80	100	-1	-1	99	水滴射手
260	145	20	11.3	2.2	1.3				-1	296	300	4272	1428	420	0	0	1128	0	5	80	100	-1	-1	99	水滴射手
261	157	1	10.7	3.2	1.2	1000	45157	2	2	304	308	298	0	0	0	0	0	0	1	1	30	-1	-1	97	瓜瓣投手
262	157	2	10.7	3.2	1.2	4000	45157	4	3	304	308	298	99	0	0	0	0	0	1	1	35	-1	-1	97	瓜瓣投手
263	157	3	10.7	3.2	1.2	9000	45157	8	4	304	308	298	99	0	0	0	104	0	1	1	40	-1	-1	97	瓜瓣投手
264	157	4	10.7	3.2	1.2	16000	45157	15	5	304	308	298	216	0	0	0	104	0	1	1	45	-1	-1	97	瓜瓣投手
265	157	5	10.7	3.2	1.2	25000	45157	15	6	304	308	780	216	0	0	0	104	0	2	20	50	-1	-1	97	瓜瓣投手
266	157	6	10.7	3.2	1.2	36000	45157	20	7	304	308	780	216	420	0	0	104	0	2	20	55	-1	-1	98	瓜瓣投手
267	157	7	10.7	3.2	1.2	49000	45157	20	8	304	308	780	340	420	0	0	104	0	2	20	60	-1	-1	98	瓜瓣投手
268	157	8	10.7	3.2	1.2	64000	45157	30	9	304	308	780	340	420	0	0	327	0	2	30	65	-1	-1	98	瓜瓣投手
269	157	9	10.7	3.2	1.2	81000	45157	30	10	304	308	1468	340	420	0	0	327	0	2	30	70	-1	-1	98	瓜瓣投手
270	157	10	10.7	3.2	1.2	100000	45157	40	11	304	308	1468	475	420	0	0	327	0	3	30	75	-1	-1	98	瓜瓣投手
271	157	11	10.7	3.2	1.2	121000	45157	40	12	304	308	1468	634	420	0	0	327	0	3	40	80	-1	-1	98	瓜瓣投手
272	157	12	10.7	3.2	1.2	144000	45157	50	13	304	308	2349	634	420	0	0	327	0	3	40	85	-1	-1	98	瓜瓣投手
273	157	13	10.7	3.2	1.2	169000	45157	50	14	304	308	2349	634	420	0	0	668	0	3	50	90	-1	-1	98	瓜瓣投手
274	157	14	10.7	3.2	1.2	196000	45157	60	15	304	308	3268	634	420	0	0	668	0	3	50	95	-1	-1	98	瓜瓣投手
275	157	15	10.7	3.2	1.2	225000	45157	60	16	304	308	3268	809	420	0	0	668	0	4	60	100	-1	-1	99	瓜瓣投手
276	157	16	10.7	3.2	1.2	256000	45157	70	17	304	308	4272	809	420	0	0	668	0	4	60	100	-1	-1	99	瓜瓣投手
277	157	17	10.7	3.2	1.2	289000	45157	70	18	304	308	4272	1000	420	0	0	668	0	4	70	100	-1	-1	99	瓜瓣投手
278	157	18	10.7	3.2	1.2	324000	45157	80	19	304	308	4272	1000	420	0	0	1128	0	4	70	100	-1	-1	99	瓜瓣投手
279	157	19	10.7	3.2	1.2	361000	45157	80	20	304	308	4272	1189	420	0	0	1128	0	4	80	100	-1	-1	99	瓜瓣投手
280	157	20	10.7	3.2	1.2				-1	304	308	4272	1428	420	0	0	1128	0	5	80	100	-1	-1	99	瓜瓣投手
281	169	1	12.8	1.1	1	1000	45169	2	2	312	316	258	0	0	0	0	0	0	1	1	30	-1	-1	97	小萝卜
282	169	2	12.8	1.1	1	4000	45169	4	3	312	316	638	0	0	0	0	0	0	1	1	35	-1	-1	97	小萝卜
283	169	3	12.8	1.1	1	9000	45169	8	4	312	316	638	0	0	219	0	0	0	1	1	40	-1	-1	97	小萝卜
284	169	4	12.8	1.1	1	16000	45169	15	5	312	316	638	62	0	219	0	0	0	1	1	45	-1	-1	97	小萝卜
285	169	5	12.8	1.1	1	25000	45169	15	6	312	316	638	62	292	219	0	0	0	2	20	50	-1	-1	97	小萝卜
286	169	6	12.8	1.1	1	36000	45169	20	7	312	316	638	137	292	219	0	0	0	2	20	55	-1	-1	98	小萝卜
287	169	7	12.8	1.1	1	49000	45169	20	8	312	316	1036	137	292	219	0	0	0	2	20	60	-1	-1	98	小萝卜
288	169	8	12.8	1.1	1	64000	45169	30	9	312	316	1036	137	292	219	0	167	0	2	30	65	-1	-1	98	小萝卜
289	169	9	12.8	1.1	1	81000	45169	30	10	312	316	1036	217	292	219	0	167	0	2	30	70	-1	-1	98	小萝卜
290	169	10	12.8	1.1	1	100000	45169	40	11	312	316	1036	307	292	219	0	167	0	3	30	75	-1	-1	98	小萝卜
291	169	11	12.8	1.1	1	121000	45169	40	12	312	316	1036	416	292	219	0	167	0	3	40	80	-1	-1	98	小萝卜
292	169	12	12.8	1.1	1	144000	45169	50	13	312	316	1555	393	292	219	0	167	0	3	40	85	-1	-1	98	小萝卜
293	169	13	12.8	1.1	1	169000	45169	50	14	312	316	1555	393	292	219	720	167	0	3	50	90	-1	-1	98	小萝卜
294	169	14	12.8	1.1	1	196000	45169	60	15	312	316	1555	545	292	219	720	167	0	3	50	95	-1	-1	98	小萝卜
295	169	15	12.8	1.1	1	225000	45169	60	16	312	316	2250	545	292	219	720	167	0	4	60	100	-1	-1	99	小萝卜
296	169	16	12.8	1.1	1	256000	45169	70	17	312	316	2250	713	292	219	720	167	0	4	60	100	-1	-1	99	小萝卜
297	169	17	12.8	1.1	1	289000	45169	70	18	312	316	3096	713	292	219	720	167	0	4	70	100	-1	-1	99	小萝卜
298	169	18	12.8	1.1	1	324000	45169	80	19	312	316	3096	713	292	219	720	167	345	4	70	100	-1	-1	99	小萝卜
299	169	19	12.8	1.1	1	361000	45169	80	20	312	316	3096	905	292	219	720	167	345	4	80	100	-1	-1	99	小萝卜
300	169	20	12.8	1.1	1				-1	312	316	4150	905	292	219	720	167	345	5	80	100	-1	-1	99	小萝卜
301	181	1	21.2	0.9	5.5	1000	45181	2	2	320	324	439	0	0	0	0	0	0	1	1	30	-1	-1	97	老树桩
302	181	2	21.2	0.9	5.5	4000	45181	4	3	320	324	439	0	256	0	0	0	0	1	1	35	-1	-1	97	老树桩
303	181	3	21.2	0.9	5.5	9000	45181	8	4	320	324	439	0	256	0	292	0	0	1	1	40	-1	-1	97	老树桩
304	181	4	21.2	0.9	5.5	16000	45181	15	5	320	324	439	0	550	0	292	0	0	1	1	45	-1	-1	97	老树桩
305	181	5	21.2	0.9	5.5	25000	45181	15	6	320	324	940	0	550	0	292	0	0	2	20	50	-1	-1	97	老树桩
306	181	6	21.2	0.9	5.5	36000	45181	20	7	320	324	940	0	919	0	292	0	0	2	20	55	-1	-1	98	老树桩
307	181	7	21.2	0.9	5.5	49000	45181	20	8	320	324	1549	0	919	0	292	0	0	2	20	60	-1	-1	98	老树桩
308	181	8	21.2	0.9	5.5	64000	45181	30	9	320	324	1549	0	919	0	292	0	223	2	30	65	-1	-1	98	老树桩
309	181	9	21.2	0.9	5.5	81000	45181	30	10	320	324	2289	0	919	0	292	0	223	2	30	70	-1	-1	98	老树桩
310	181	10	21.2	0.9	5.5	100000	45181	40	11	320	324	2289	144	919	0	292	0	223	3	30	75	-1	-1	98	老树桩
311	181	11	21.2	0.9	5.5	121000	45181	40	12	320	324	3162	144	919	0	292	0	223	3	40	80	-1	-1	98	老树桩
312	181	12	21.2	0.9	5.5	144000	45181	50	13	320	324	3162	311	919	0	292	0	223	3	40	85	-1	-1	98	老树桩
313	181	13	21.2	0.9	5.5	169000	45181	50	14	320	324	3162	311	919	0	1252	0	223	3	50	90	-1	-1	98	老树桩
314	181	14	21.2	0.9	5.5	196000	45181	60	15	320	324	4172	311	919	0	1252	0	223	3	50	95	-1	-1	98	老树桩
315	181	15	21.2	0.9	5.5	225000	45181	60	16	320	324	4172	479	919	0	1252	0	223	4	60	100	-1	-1	99	老树桩
316	181	16	21.2	0.9	5.5	256000	45181	70	17	320	324	4172	687	919	0	1252	0	223	4	60	100	-1	-1	99	老树桩
317	181	17	21.2	0.9	5.5	289000	45181	70	18	320	324	5206	687	919	0	1252	0	223	4	70	100	-1	-1	99	老树桩
318	181	18	21.2	0.9	5.5	324000	45181	80	19	320	324	5206	687	919	0	1252	0	683	4	70	100	-1	-1	99	老树桩
319	181	19	21.2	0.9	5.5	361000	45181	80	20	320	324	5206	959	919	0	1252	0	683	4	80	100	-1	-1	99	老树桩
320	181	20	21.2	0.9	5.5				-1	320	324	6295	959	919	0	1252	0	683	5	80	100	-1	-1	99	老树桩
321	193	1	11.3	3	1.3	1000	45193	2	2	328	332	298	0	0	0	0	0	0	1	1	30	-1	-1	97	椰子狙击手
322	193	2	11.3	3	1.3	4000	45193	4	3	328	332	298	99	0	0	0	0	0	1	1	35	-1	-1	97	椰子狙击手
323	193	3	11.3	3	1.3	9000	45193	8	4	328	332	298	99	0	0	0	104	0	1	1	40	-1	-1	97	椰子狙击手
324	193	4	11.3	3	1.3	16000	45193	15	5	328	332	298	216	0	0	0	104	0	1	1	45	-1	-1	97	椰子狙击手
325	193	5	11.3	3	1.3	25000	45193	15	6	328	332	780	216	0	0	0	104	0	2	20	50	-1	-1	97	椰子狙击手
326	193	6	11.3	3	1.3	36000	45193	20	7	328	332	780	216	420	0	0	104	0	2	20	55	-1	-1	98	椰子狙击手
327	193	7	11.3	3	1.3	49000	45193	20	8	328	332	780	340	420	0	0	104	0	2	20	60	-1	-1	98	椰子狙击手
328	193	8	11.3	3	1.3	64000	45193	30	9	328	332	780	340	420	0	0	327	0	2	30	65	-1	-1	98	椰子狙击手
329	193	9	11.3	3	1.3	81000	45193	30	10	328	332	1468	340	420	0	0	327	0	2	30	70	-1	-1	98	椰子狙击手
330	193	10	11.3	3	1.3	100000	45193	40	11	328	332	1468	475	420	0	0	327	0	3	30	75	-1	-1	98	椰子狙击手
331	193	11	11.3	3	1.3	121000	45193	40	12	328	332	1468	634	420	0	0	327	0	3	40	80	-1	-1	98	椰子狙击手
332	193	12	11.3	3	1.3	144000	45193	50	13	328	332	2349	634	420	0	0	327	0	3	40	85	-1	-1	98	椰子狙击手
333	193	13	11.3	3	1.3	169000	45193	50	14	328	332	2349	634	420	0	0	668	0	3	50	90	-1	-1	98	椰子狙击手
334	193	14	11.3	3	1.3	196000	45193	60	15	328	332	3268	634	420	0	0	668	0	3	50	95	-1	-1	98	椰子狙击手
335	193	15	11.3	3	1.3	225000	45193	60	16	328	332	3268	809	420	0	0	668	0	4	60	100	-1	-1	99	椰子狙击手
336	193	16	11.3	3	1.3	256000	45193	70	17	328	332	4272	809	420	0	0	668	0	4	60	100	-1	-1	99	椰子狙击手
337	193	17	11.3	3	1.3	289000	45193	70	18	328	332	4272	1000	420	0	0	668	0	4	70	100	-1	-1	99	椰子狙击手
338	193	18	11.3	3	1.3	324000	45193	80	19	328	332	4272	1000	420	0	0	1128	0	4	70	100	-1	-1	99	椰子狙击手
339	193	19	11.3	3	1.3	361000	45193	80	20	328	332	4272	1189	420	0	0	1128	0	4	80	100	-1	-1	99	椰子狙击手
340	193	20	11.3	3	1.3				-1	328	332	4272	1428	420	0	0	1128	0	5	80	100	-1	-1	99	椰子狙击手
341	205	1	11.3	3	1.2	1000	45205	2	2	336	340	298	0	0	0	0	0	0	1	1	30	-1	-1	97	蜥蜴草
342	205	2	11.3	3	1.2	4000	45205	4	3	336	340	298	99	0	0	0	0	0	1	1	35	-1	-1	97	蜥蜴草
343	205	3	11.3	3	1.2	9000	45205	8	4	336	340	298	99	0	0	0	104	0	1	1	40	-1	-1	97	蜥蜴草
344	205	4	11.3	3	1.2	16000	45205	15	5	336	340	298	216	0	0	0	104	0	1	1	45	-1	-1	97	蜥蜴草
345	205	5	11.3	3	1.2	25000	45205	15	6	336	340	780	216	0	0	0	104	0	2	20	50	-1	-1	97	蜥蜴草
346	205	6	11.3	3	1.2	36000	45205	20	7	336	340	780	216	420	0	0	104	0	2	20	55	-1	-1	98	蜥蜴草
347	205	7	11.3	3	1.2	49000	45205	20	8	336	340	780	340	420	0	0	104	0	2	20	60	-1	-1	98	蜥蜴草
348	205	8	11.3	3	1.2	64000	45205	30	9	336	340	780	340	420	0	0	327	0	2	30	65	-1	-1	98	蜥蜴草
349	205	9	11.3	3	1.2	81000	45205	30	10	336	340	1468	340	420	0	0	327	0	2	30	70	-1	-1	98	蜥蜴草
350	205	10	11.3	3	1.2	100000	45205	40	11	336	340	1468	475	420	0	0	327	0	3	30	75	-1	-1	98	蜥蜴草
351	205	11	11.3	3	1.2	121000	45205	40	12	336	340	1468	634	420	0	0	327	0	3	40	80	-1	-1	98	蜥蜴草
352	205	12	11.3	3	1.2	144000	45205	50	13	336	340	2349	634	420	0	0	327	0	3	40	85	-1	-1	98	蜥蜴草
353	205	13	11.3	3	1.2	169000	45205	50	14	336	340	2349	634	420	0	0	668	0	3	50	90	-1	-1	98	蜥蜴草
354	205	14	11.3	3	1.2	196000	45205	60	15	336	340	3268	634	420	0	0	668	0	3	50	95	-1	-1	98	蜥蜴草
355	205	15	11.3	3	1.2	225000	45205	60	16	336	340	3268	809	420	0	0	668	0	4	60	100	-1	-1	99	蜥蜴草
356	205	16	11.3	3	1.2	256000	45205	70	17	336	340	4272	809	420	0	0	668	0	4	60	100	-1	-1	99	蜥蜴草
357	205	17	11.3	3	1.2	289000	45205	70	18	336	340	4272	1000	420	0	0	668	0	4	70	100	-1	-1	99	蜥蜴草
358	205	18	11.3	3	1.2	324000	45205	80	19	336	340	4272	1000	420	0	0	1128	0	4	70	100	-1	-1	99	蜥蜴草
359	205	19	11.3	3	1.2	361000	45205	80	20	336	340	4272	1189	420	0	0	1128	0	4	80	100	-1	-1	99	蜥蜴草
360	205	20	11.3	3	1.2				-1	336	340	4272	1428	420	0	0	1128	0	5	80	100	-1	-1	99	蜥蜴草
361	217	1	11.2	2.9	1.3	1000	45217	2	2	344	348	298	0	0	0	0	0	0	1	1	30	-1	-1	97	暴躁菇
362	217	2	11.2	2.9	1.3	4000	45217	4	3	344	348	298	99	0	0	0	0	0	1	1	35	-1	-1	97	暴躁菇
363	217	3	11.2	2.9	1.3	9000	45217	8	4	344	348	298	99	0	0	0	104	0	1	1	40	-1	-1	97	暴躁菇
364	217	4	11.2	2.9	1.3	16000	45217	15	5	344	348	298	216	0	0	0	104	0	1	1	45	-1	-1	97	暴躁菇
365	217	5	11.2	2.9	1.3	25000	45217	15	6	344	348	780	216	0	0	0	104	0	2	20	50	-1	-1	97	暴躁菇
366	217	6	11.2	2.9	1.3	36000	45217	20	7	344	348	780	216	420	0	0	104	0	2	20	55	-1	-1	98	暴躁菇
367	217	7	11.2	2.9	1.3	49000	45217	20	8	344	348	780	340	420	0	0	104	0	2	20	60	-1	-1	98	暴躁菇
368	217	8	11.2	2.9	1.3	64000	45217	30	9	344	348	780	340	420	0	0	327	0	2	30	65	-1	-1	98	暴躁菇
369	217	9	11.2	2.9	1.3	81000	45217	30	10	344	348	1468	340	420	0	0	327	0	2	30	70	-1	-1	98	暴躁菇
370	217	10	11.2	2.9	1.3	100000	45217	40	11	344	348	1468	475	420	0	0	327	0	3	30	75	-1	-1	98	暴躁菇
371	217	11	11.2	2.9	1.3	121000	45217	40	12	344	348	1468	634	420	0	0	327	0	3	40	80	-1	-1	98	暴躁菇
372	217	12	11.2	2.9	1.3	144000	45217	50	13	344	348	2349	634	420	0	0	327	0	3	40	85	-1	-1	98	暴躁菇
373	217	13	11.2	2.9	1.3	169000	45217	50	14	344	348	2349	634	420	0	0	668	0	3	50	90	-1	-1	98	暴躁菇
374	217	14	11.2	2.9	1.3	196000	45217	60	15	344	348	3268	634	420	0	0	668	0	3	50	95	-1	-1	98	暴躁菇
375	217	15	11.2	2.9	1.3	225000	45217	60	16	344	348	3268	809	420	0	0	668	0	4	60	100	-1	-1	99	暴躁菇
376	217	16	11.2	2.9	1.3	256000	45217	70	17	344	348	4272	809	420	0	0	668	0	4	60	100	-1	-1	99	暴躁菇
377	217	17	11.2	2.9	1.3	289000	45217	70	18	344	348	4272	1000	420	0	0	668	0	4	70	100	-1	-1	99	暴躁菇
378	217	18	11.2	2.9	1.3	324000	45217	80	19	344	348	4272	1000	420	0	0	1128	0	4	70	100	-1	-1	99	暴躁菇
379	217	19	11.2	2.9	1.3	361000	45217	80	20	344	348	4272	1189	420	0	0	1128	0	4	80	100	-1	-1	99	暴躁菇
380	217	20	11.2	2.9	1.3				-1	344	348	4272	1428	420	0	0	1128	0	5	80	100	-1	-1	99	暴躁菇
381	229	1	13	2.7	1.2	1000	45229	2	2	352	356	298	0	0	0	0	0	0	1	1	30	-1	-1	97	三叶草
382	229	2	13	2.7	1.2	4000	45229	4	3	352	356	298	99	0	0	0	0	0	1	1	35	-1	-1	97	三叶草
383	229	3	13	2.7	1.2	9000	45229	8	4	352	356	298	99	0	0	0	104	0	1	1	40	-1	-1	97	三叶草
384	229	4	13	2.7	1.2	16000	45229	15	5	352	356	298	216	0	0	0	104	0	1	1	45	-1	-1	97	三叶草
385	229	5	13	2.7	1.2	25000	45229	15	6	352	356	780	216	0	0	0	104	0	2	20	50	-1	-1	97	三叶草
386	229	6	13	2.7	1.2	36000	45229	20	7	352	356	780	216	420	0	0	104	0	2	20	55	-1	-1	98	三叶草
387	229	7	13	2.7	1.2	49000	45229	20	8	352	356	780	340	420	0	0	104	0	2	20	60	-1	-1	98	三叶草
388	229	8	13	2.7	1.2	64000	45229	30	9	352	356	780	340	420	0	0	327	0	2	30	65	-1	-1	98	三叶草
389	229	9	13	2.7	1.2	81000	45229	30	10	352	356	1468	340	420	0	0	327	0	2	30	70	-1	-1	98	三叶草
390	229	10	13	2.7	1.2	100000	45229	40	11	352	356	1468	475	420	0	0	327	0	3	30	75	-1	-1	98	三叶草
391	229	11	13	2.7	1.2	121000	45229	40	12	352	356	1468	634	420	0	0	327	0	3	40	80	-1	-1	98	三叶草
392	229	12	13	2.7	1.2	144000	45229	50	13	352	356	2349	634	420	0	0	327	0	3	40	85	-1	-1	98	三叶草
393	229	13	13	2.7	1.2	169000	45229	50	14	352	356	2349	634	420	0	0	668	0	3	50	90	-1	-1	98	三叶草
394	229	14	13	2.7	1.2	196000	45229	60	15	352	356	3268	634	420	0	0	668	0	3	50	95	-1	-1	98	三叶草
395	229	15	13	2.7	1.2	225000	45229	60	16	352	356	3268	809	420	0	0	668	0	4	60	100	-1	-1	99	三叶草
396	229	16	13	2.7	1.2	256000	45229	70	17	352	356	4272	809	420	0	0	668	0	4	60	100	-1	-1	99	三叶草
397	229	17	13	2.7	1.2	289000	45229	70	18	352	356	4272	1000	420	0	0	668	0	4	70	100	-1	-1	99	三叶草
398	229	18	13	2.7	1.2	324000	45229	80	19	352	356	4272	1000	420	0	0	1128	0	4	70	100	-1	-1	99	三叶草
399	229	19	13	2.7	1.2	361000	45229	80	20	352	356	4272	1189	420	0	0	1128	0	4	80	100	-1	-1	99	三叶草
400	229	20	13	2.7	1.2				-1	352	356	4272	1428	420	0	0	1128	0	5	80	100	-1	-1	99	三叶草
401	241	1	11	2.3	1.3	1000	45241	2	2	360	364	298	0	0	0	0	0	0	1	1	30	-1	-1	97	飞盘射手
402	241	2	11	2.3	1.3	4000	45241	4	3	360	364	298	99	0	0	0	0	0	1	1	35	-1	-1	97	飞盘射手
403	241	3	11	2.3	1.3	9000	45241	8	4	360	364	298	99	0	0	0	104	0	1	1	40	-1	-1	97	飞盘射手
404	241	4	11	2.3	1.3	16000	45241	15	5	360	364	298	216	0	0	0	104	0	1	1	45	-1	-1	97	飞盘射手
405	241	5	11	2.3	1.3	25000	45241	15	6	360	364	780	216	0	0	0	104	0	2	20	50	-1	-1	97	飞盘射手
406	241	6	11	2.3	1.3	36000	45241	20	7	360	364	780	216	420	0	0	104	0	2	20	55	-1	-1	98	飞盘射手
407	241	7	11	2.3	1.3	49000	45241	20	8	360	364	780	340	420	0	0	104	0	2	20	60	-1	-1	98	飞盘射手
408	241	8	11	2.3	1.3	64000	45241	30	9	360	364	780	340	420	0	0	327	0	2	30	65	-1	-1	98	飞盘射手
409	241	9	11	2.3	1.3	81000	45241	30	10	360	364	1468	340	420	0	0	327	0	2	30	70	-1	-1	98	飞盘射手
410	241	10	11	2.3	1.3	100000	45241	40	11	360	364	1468	475	420	0	0	327	0	3	30	75	-1	-1	98	飞盘射手
411	241	11	11	2.3	1.3	121000	45241	40	12	360	364	1468	634	420	0	0	327	0	3	40	80	-1	-1	98	飞盘射手
412	241	12	11	2.3	1.3	144000	45241	50	13	360	364	2349	634	420	0	0	327	0	3	40	85	-1	-1	98	飞盘射手
413	241	13	11	2.3	1.3	169000	45241	50	14	360	364	2349	634	420	0	0	668	0	3	50	90	-1	-1	98	飞盘射手
414	241	14	11	2.3	1.3	196000	45241	60	15	360	364	3268	634	420	0	0	668	0	3	50	95	-1	-1	98	飞盘射手
415	241	15	11	2.3	1.3	225000	45241	60	16	360	364	3268	809	420	0	0	668	0	4	60	100	-1	-1	99	飞盘射手
416	241	16	11	2.3	1.3	256000	45241	70	17	360	364	4272	809	420	0	0	668	0	4	60	100	-1	-1	99	飞盘射手
417	241	17	11	2.3	1.3	289000	45241	70	18	360	364	4272	1000	420	0	0	668	0	4	70	100	-1	-1	99	飞盘射手
418	241	18	11	2.3	1.3	324000	45241	80	19	360	364	4272	1000	420	0	0	1128	0	4	70	100	-1	-1	99	飞盘射手
419	241	19	11	2.3	1.3	361000	45241	80	20	360	364	4272	1189	420	0	0	1128	0	4	80	100	-1	-1	99	飞盘射手
420	241	20	11	2.3	1.3				-1	360	364	4272	1428	420	0	0	1128	0	5	80	100	-1	-1	99	飞盘射手
421	253	1	12.5	2.5	1.1	1000	45253	2	2	368	372	298	0	0	0	0	0	0	1	1	30	-1	-1	97	猫尾草
422	253	2	12.5	2.5	1.1	4000	45253	4	3	368	372	298	99	0	0	0	0	0	1	1	35	-1	-1	97	猫尾草
423	253	3	12.5	2.5	1.1	9000	45253	8	4	368	372	298	99	0	0	0	104	0	1	1	40	-1	-1	97	猫尾草
424	253	4	12.5	2.5	1.1	16000	45253	15	5	368	372	298	216	0	0	0	104	0	1	1	45	-1	-1	97	猫尾草
425	253	5	12.5	2.5	1.1	25000	45253	15	6	368	372	780	216	0	0	0	104	0	2	20	50	-1	-1	97	猫尾草
426	253	6	12.5	2.5	1.1	36000	45253	20	7	368	372	780	216	420	0	0	104	0	2	20	55	-1	-1	98	猫尾草
427	253	7	12.5	2.5	1.1	49000	45253	20	8	368	372	780	340	420	0	0	104	0	2	20	60	-1	-1	98	猫尾草
428	253	8	12.5	2.5	1.1	64000	45253	30	9	368	372	780	340	420	0	0	327	0	2	30	65	-1	-1	98	猫尾草
429	253	9	12.5	2.5	1.1	81000	45253	30	10	368	372	1468	340	420	0	0	327	0	2	30	70	-1	-1	98	猫尾草
430	253	10	12.5	2.5	1.1	100000	45253	40	11	368	372	1468	475	420	0	0	327	0	3	30	75	-1	-1	98	猫尾草
431	253	11	12.5	2.5	1.1	121000	45253	40	12	368	372	1468	634	420	0	0	327	0	3	40	80	-1	-1	98	猫尾草
432	253	12	12.5	2.5	1.1	144000	45253	50	13	368	372	2349	634	420	0	0	327	0	3	40	85	-1	-1	98	猫尾草
433	253	13	12.5	2.5	1.1	169000	45253	50	14	368	372	2349	634	420	0	0	668	0	3	50	90	-1	-1	98	猫尾草
434	253	14	12.5	2.5	1.1	196000	45253	60	15	368	372	3268	634	420	0	0	668	0	3	50	95	-1	-1	98	猫尾草
435	253	15	12.5	2.5	1.1	225000	45253	60	16	368	372	3268	809	420	0	0	668	0	4	60	100	-1	-1	99	猫尾草
436	253	16	12.5	2.5	1.1	256000	45253	70	17	368	372	4272	809	420	0	0	668	0	4	60	100	-1	-1	99	猫尾草
437	253	17	12.5	2.5	1.1	289000	45253	70	18	368	372	4272	1000	420	0	0	668	0	4	70	100	-1	-1	99	猫尾草
438	253	18	12.5	2.5	1.1	324000	45253	80	19	368	372	4272	1000	420	0	0	1128	0	4	70	100	-1	-1	99	猫尾草
439	253	19	12.5	2.5	1.1	361000	45253	80	20	368	372	4272	1189	420	0	0	1128	0	4	80	100	-1	-1	99	猫尾草
440	253	20	12.5	2.5	1.1				-1	368	372	4272	1428	420	0	0	1128	0	5	80	100	-1	-1	99	猫尾草
441	1265	1	11.9	3	1.2	1000	45265	2	2	376	380	298	0	0	0	0	0	0	1	1	30	-1	-1	97	小树丛
442	1265	2	11.9	3	1.2	4000	45265	4	3	376	380	298	99	0	0	0	0	0	1	1	35	-1	-1	97	小树丛
443	1265	3	11.9	3	1.2	9000	45265	8	4	376	380	298	99	0	0	0	104	0	1	1	40	-1	-1	97	小树丛
444	1265	4	11.9	3	1.2	16000	45265	15	5	376	380	298	216	0	0	0	104	0	1	1	45	-1	-1	97	小树丛
445	1265	5	11.9	3	1.2	25000	45265	15	6	376	380	780	216	0	0	0	104	0	2	20	50	-1	-1	97	小树丛
446	1265	6	11.9	3	1.2	36000	45265	20	7	376	380	780	216	420	0	0	104	0	2	20	55	-1	-1	98	小树丛
447	1265	7	11.9	3	1.2	49000	45265	20	8	376	380	780	340	420	0	0	104	0	2	20	60	-1	-1	98	小树丛
448	1265	8	11.9	3	1.2	64000	45265	30	9	376	380	780	340	420	0	0	327	0	2	30	65	-1	-1	98	小树丛
449	1265	9	11.9	3	1.2	81000	45265	30	10	376	380	1468	340	420	0	0	327	0	2	30	70	-1	-1	98	小树丛
450	1265	10	11.9	3	1.2	100000	45265	40	11	376	380	1468	475	420	0	0	327	0	3	30	75	-1	-1	98	小树丛
451	1265	11	11.9	3	1.2	121000	45265	40	12	376	380	1468	634	420	0	0	327	0	3	40	80	-1	-1	98	小树丛
452	1265	12	11.9	3	1.2	144000	45265	50	13	376	380	2349	634	420	0	0	327	0	3	40	85	-1	-1	98	小树丛
453	1265	13	11.9	3	1.2	169000	45265	50	14	376	380	2349	634	420	0	0	668	0	3	50	90	-1	-1	98	小树丛
454	1265	14	11.9	3	1.2	196000	45265	60	15	376	380	3268	634	420	0	0	668	0	3	50	95	-1	-1	98	小树丛
455	1265	15	11.9	3	1.2	225000	45265	60	16	376	380	3268	809	420	0	0	668	0	4	60	100	-1	-1	99	小树丛
456	1265	16	11.9	3	1.2	256000	45265	70	17	376	380	4272	809	420	0	0	668	0	4	60	100	-1	-1	99	小树丛
457	1265	17	11.9	3	1.2	289000	45265	70	18	376	380	4272	1000	420	0	0	668	0	4	70	100	-1	-1	99	小树丛
458	1265	18	11.9	3	1.2	324000	45265	80	19	376	380	4272	1000	420	0	0	1128	0	4	70	100	-1	-1	99	小树丛
459	1265	19	11.9	3	1.2	361000	45265	80	20	376	380	4272	1189	420	0	0	1128	0	4	80	100	-1	-1	99	小树丛
460	1265	20	11.9	3	1.2				-1	376	380	4272	1428	420	0	0	1128	0	5	80	100	-1	-1	99	小树丛
461	1277	1	23.2	1.1	4.2	1000	45277	2	2	384	388	439	0	0	0	0	0	0	1	1	30	-1	-1	97	磁力菇
462	1277	2	23.2	1.1	4.2	4000	45277	4	3	384	388	439	0	256	0	0	0	0	1	1	35	-1	-1	97	磁力菇
463	1277	3	23.2	1.1	4.2	9000	45277	8	4	384	388	439	0	256	0	292	0	0	1	1	40	-1	-1	97	磁力菇
464	1277	4	23.2	1.1	4.2	16000	45277	15	5	384	388	439	0	550	0	292	0	0	1	1	45	-1	-1	97	磁力菇
465	1277	5	23.2	1.1	4.2	25000	45277	15	6	384	388	940	0	550	0	292	0	0	2	20	50	-1	-1	97	磁力菇
466	1277	6	23.2	1.1	4.2	36000	45277	20	7	384	388	940	0	919	0	292	0	0	2	20	55	-1	-1	98	磁力菇
467	1277	7	23.2	1.1	4.2	49000	45277	20	8	384	388	1549	0	919	0	292	0	0	2	20	60	-1	-1	98	磁力菇
468	1277	8	23.2	1.1	4.2	64000	45277	30	9	384	388	1549	0	919	0	292	0	223	2	30	65	-1	-1	98	磁力菇
469	1277	9	23.2	1.1	4.2	81000	45277	30	10	384	388	2289	0	919	0	292	0	223	2	30	70	-1	-1	98	磁力菇
470	1277	10	23.2	1.1	4.2	100000	45277	40	11	384	388	2289	144	919	0	292	0	223	3	30	75	-1	-1	98	磁力菇
471	1277	11	23.2	1.1	4.2	121000	45277	40	12	384	388	3162	144	919	0	292	0	223	3	40	80	-1	-1	98	磁力菇
472	1277	12	23.2	1.1	4.2	144000	45277	50	13	384	388	3162	311	919	0	292	0	223	3	40	85	-1	-1	98	磁力菇
473	1277	13	23.2	1.1	4.2	169000	45277	50	14	384	388	3162	311	919	0	1252	0	223	3	50	90	-1	-1	98	磁力菇
474	1277	14	23.2	1.1	4.2	196000	45277	60	15	384	388	4172	311	919	0	1252	0	223	3	50	95	-1	-1	98	磁力菇
475	1277	15	23.2	1.1	4.2	225000	45277	60	16	384	388	4172	479	919	0	1252	0	223	4	60	100	-1	-1	99	磁力菇
476	1277	16	23.2	1.1	4.2	256000	45277	70	17	384	388	4172	687	919	0	1252	0	223	4	60	100	-1	-1	99	磁力菇
477	1277	17	23.2	1.1	4.2	289000	45277	70	18	384	388	5206	687	919	0	1252	0	223	4	70	100	-1	-1	99	磁力菇
478	1277	18	23.2	1.1	4.2	324000	45277	80	19	384	388	5206	687	919	0	1252	0	683	4	70	100	-1	-1	99	磁力菇
479	1277	19	23.2	1.1	4.2	361000	45277	80	20	384	388	5206	959	919	0	1252	0	683	4	80	100	-1	-1	99	磁力菇
480	1277	20	23.2	1.1	4.2				-1	384	388	6295	959	919	0	1252	0	683	5	80	100	-1	-1	99	磁力菇
481	302	1	12.5	3.1	1.1	1000	45302	2	2	392	396	298	0	0	0	0	0	0	1	1	30	-1	-1	97	闪电芦苇
482	302	2	12.5	3.1	1.1	4000	45302	4	3	392	396	298	99	0	0	0	0	0	1	1	35	-1	-1	97	闪电芦苇
483	302	3	12.5	3.1	1.1	9000	45302	8	4	392	396	298	99	0	0	0	104	0	1	1	40	-1	-1	97	闪电芦苇
484	302	4	12.5	3.1	1.1	16000	45302	15	5	392	396	298	216	0	0	0	104	0	1	1	45	-1	-1	97	闪电芦苇
485	302	5	12.5	3.1	1.1	25000	45302	15	6	392	396	780	216	0	0	0	104	0	2	20	50	-1	-1	97	闪电芦苇
486	302	6	12.5	3.1	1.1	36000	45302	20	7	392	396	780	216	420	0	0	104	0	2	20	55	-1	-1	98	闪电芦苇
487	302	7	12.5	3.1	1.1	49000	45302	20	8	392	396	780	340	420	0	0	104	0	2	20	60	-1	-1	98	闪电芦苇
488	302	8	12.5	3.1	1.1	64000	45302	30	9	392	396	780	340	420	0	0	327	0	2	30	65	-1	-1	98	闪电芦苇
489	302	9	12.5	3.1	1.1	81000	45302	30	10	392	396	1468	340	420	0	0	327	0	2	30	70	-1	-1	98	闪电芦苇
490	302	10	12.5	3.1	1.1	100000	45302	40	11	392	396	1468	475	420	0	0	327	0	3	30	75	-1	-1	98	闪电芦苇
491	302	11	12.5	3.1	1.1	121000	45302	40	12	392	396	1468	634	420	0	0	327	0	3	40	80	-1	-1	98	闪电芦苇
492	302	12	12.5	3.1	1.1	144000	45302	50	13	392	396	2349	634	420	0	0	327	0	3	40	85	-1	-1	98	闪电芦苇
493	302	13	12.5	3.1	1.1	169000	45302	50	14	392	396	2349	634	420	0	0	668	0	3	50	90	-1	-1	98	闪电芦苇
494	302	14	12.5	3.1	1.1	196000	45302	60	15	392	396	3268	634	420	0	0	668	0	3	50	95	-1	-1	98	闪电芦苇
495	302	15	12.5	3.1	1.1	225000	45302	60	16	392	396	3268	809	420	0	0	668	0	4	60	100	-1	-1	99	闪电芦苇
496	302	16	12.5	3.1	1.1	256000	45302	70	17	392	396	4272	809	420	0	0	668	0	4	60	100	-1	-1	99	闪电芦苇
497	302	17	12.5	3.1	1.1	289000	45302	70	18	392	396	4272	1000	420	0	0	668	0	4	70	100	-1	-1	99	闪电芦苇
498	302	18	12.5	3.1	1.1	324000	45302	80	19	392	396	4272	1000	420	0	0	1128	0	4	70	100	-1	-1	99	闪电芦苇
499	302	19	12.5	3.1	1.1	361000	45302	80	20	392	396	4272	1189	420	0	0	1128	0	4	80	100	-1	-1	99	闪电芦苇
500	302	20	12.5	3.1	1.1				-1	392	396	4272	1428	420	0	0	1128	0	5	80	100	-1	-1	99	闪电芦苇
501	1314	1	11.9	2.7	1.3	1000	45314	2	2	400	404	298	0	0	0	0	0	0	1	1	30	-1	-1	97	小雏菊
502	1314	2	11.9	2.7	1.3	4000	45314	4	3	400	404	298	99	0	0	0	0	0	1	1	35	-1	-1	97	小雏菊
503	1314	3	11.9	2.7	1.3	9000	45314	8	4	400	404	298	99	0	0	0	104	0	1	1	40	-1	-1	97	小雏菊
504	1314	4	11.9	2.7	1.3	16000	45314	15	5	400	404	298	216	0	0	0	104	0	1	1	45	-1	-1	97	小雏菊
505	1314	5	11.9	2.7	1.3	25000	45314	15	6	400	404	780	216	0	0	0	104	0	2	20	50	-1	-1	97	小雏菊
506	1314	6	11.9	2.7	1.3	36000	45314	20	7	400	404	780	216	420	0	0	104	0	2	20	55	-1	-1	98	小雏菊
507	1314	7	11.9	2.7	1.3	49000	45314	20	8	400	404	780	340	420	0	0	104	0	2	20	60	-1	-1	98	小雏菊
508	1314	8	11.9	2.7	1.3	64000	45314	30	9	400	404	780	340	420	0	0	327	0	2	30	65	-1	-1	98	小雏菊
509	1314	9	11.9	2.7	1.3	81000	45314	30	10	400	404	1468	340	420	0	0	327	0	2	30	70	-1	-1	98	小雏菊
510	1314	10	11.9	2.7	1.3	100000	45314	40	11	400	404	1468	475	420	0	0	327	0	3	30	75	-1	-1	98	小雏菊
511	1314	11	11.9	2.7	1.3	121000	45314	40	12	400	404	1468	634	420	0	0	327	0	3	40	80	-1	-1	98	小雏菊
512	1314	12	11.9	2.7	1.3	144000	45314	50	13	400	404	2349	634	420	0	0	327	0	3	40	85	-1	-1	98	小雏菊
513	1314	13	11.9	2.7	1.3	169000	45314	50	14	400	404	2349	634	420	0	0	668	0	3	50	90	-1	-1	98	小雏菊
514	1314	14	11.9	2.7	1.3	196000	45314	60	15	400	404	3268	634	420	0	0	668	0	3	50	95	-1	-1	98	小雏菊
515	1314	15	11.9	2.7	1.3	225000	45314	60	16	400	404	3268	809	420	0	0	668	0	4	60	100	-1	-1	99	小雏菊
516	1314	16	11.9	2.7	1.3	256000	45314	70	17	400	404	4272	809	420	0	0	668	0	4	60	100	-1	-1	99	小雏菊
517	1314	17	11.9	2.7	1.3	289000	45314	70	18	400	404	4272	1000	420	0	0	668	0	4	70	100	-1	-1	99	小雏菊
518	1314	18	11.9	2.7	1.3	324000	45314	80	19	400	404	4272	1000	420	0	0	1128	0	4	70	100	-1	-1	99	小雏菊
519	1314	19	11.9	2.7	1.3	361000	45314	80	20	400	404	4272	1189	420	0	0	1128	0	4	80	100	-1	-1	99	小雏菊
520	1314	20	11.9	2.7	1.3				-1	400	404	4272	1428	420	0	0	1128	0	5	80	100	-1	-1	99	小雏菊
521	1326	1	11.7	2.7	1.3	1000	45326	2	2	408	412	298	0	0	0	0	0	0	1	1	30	-1	-1	97	咖啡豆
522	1326	2	11.7	2.7	1.3	4000	45326	4	3	408	412	298	99	0	0	0	0	0	1	1	35	-1	-1	97	咖啡豆
523	1326	3	11.7	2.7	1.3	9000	45326	8	4	408	412	298	99	0	0	0	104	0	1	1	40	-1	-1	97	咖啡豆
524	1326	4	11.7	2.7	1.3	16000	45326	15	5	408	412	298	216	0	0	0	104	0	1	1	45	-1	-1	97	咖啡豆
525	1326	5	11.7	2.7	1.3	25000	45326	15	6	408	412	780	216	0	0	0	104	0	2	20	50	-1	-1	97	咖啡豆
526	1326	6	11.7	2.7	1.3	36000	45326	20	7	408	412	780	216	420	0	0	104	0	2	20	55	-1	-1	98	咖啡豆
527	1326	7	11.7	2.7	1.3	49000	45326	20	8	408	412	780	340	420	0	0	104	0	2	20	60	-1	-1	98	咖啡豆
528	1326	8	11.7	2.7	1.3	64000	45326	30	9	408	412	780	340	420	0	0	327	0	2	30	65	-1	-1	98	咖啡豆
529	1326	9	11.7	2.7	1.3	81000	45326	30	10	408	412	1468	340	420	0	0	327	0	2	30	70	-1	-1	98	咖啡豆
530	1326	10	11.7	2.7	1.3	100000	45326	40	11	408	412	1468	475	420	0	0	327	0	3	30	75	-1	-1	98	咖啡豆
531	1326	11	11.7	2.7	1.3	121000	45326	40	12	408	412	1468	634	420	0	0	327	0	3	40	80	-1	-1	98	咖啡豆
532	1326	12	11.7	2.7	1.3	144000	45326	50	13	408	412	2349	634	420	0	0	327	0	3	40	85	-1	-1	98	咖啡豆
533	1326	13	11.7	2.7	1.3	169000	45326	50	14	408	412	2349	634	420	0	0	668	0	3	50	90	-1	-1	98	咖啡豆
534	1326	14	11.7	2.7	1.3	196000	45326	60	15	408	412	3268	634	420	0	0	668	0	3	50	95	-1	-1	98	咖啡豆
535	1326	15	11.7	2.7	1.3	225000	45326	60	16	408	412	3268	809	420	0	0	668	0	4	60	100	-1	-1	99	咖啡豆
536	1326	16	11.7	2.7	1.3	256000	45326	70	17	408	412	4272	809	420	0	0	668	0	4	60	100	-1	-1	99	咖啡豆
537	1326	17	11.7	2.7	1.3	289000	45326	70	18	408	412	4272	1000	420	0	0	668	0	4	70	100	-1	-1	99	咖啡豆
538	1326	18	11.7	2.7	1.3	324000	45326	80	19	408	412	4272	1000	420	0	0	1128	0	4	70	100	-1	-1	99	咖啡豆
539	1326	19	11.7	2.7	1.3	361000	45326	80	20	408	412	4272	1189	420	0	0	1128	0	4	80	100	-1	-1	99	咖啡豆
540	1326	20	11.7	2.7	1.3		45326		-1	408	412	4272	1428	420	0	0	1128	0	5	80	100	-1	-1	99	咖啡豆
541	1338	1	12.3	3.2	1.1	1000	45338	2	2	416	420	298	0	0	0	0	0	0	1	1	30	-1	-1	97	魅惑菇
542	1338	2	12.3	3.2	1.1	4000	45338	4	3	416	420	298	99	0	0	0	0	0	1	1	35	-1	-1	97	魅惑菇
543	1338	3	12.3	3.2	1.1	9000	45338	8	4	416	420	298	99	0	0	0	104	0	1	1	40	-1	-1	97	魅惑菇
544	1338	4	12.3	3.2	1.1	16000	45338	15	5	416	420	298	216	0	0	0	104	0	1	1	45	-1	-1	97	魅惑菇
545	1338	5	12.3	3.2	1.1	25000	45338	15	6	416	420	780	216	0	0	0	104	0	2	20	50	-1	-1	97	魅惑菇
546	1338	6	12.3	3.2	1.1	36000	45338	20	7	416	420	780	216	420	0	0	104	0	2	20	55	-1	-1	98	魅惑菇
547	1338	7	12.3	3.2	1.1	49000	45338	20	8	416	420	780	340	420	0	0	104	0	2	20	60	-1	-1	98	魅惑菇
548	1338	8	12.3	3.2	1.1	64000	45338	30	9	416	420	780	340	420	0	0	327	0	2	30	65	-1	-1	98	魅惑菇
549	1338	9	12.3	3.2	1.1	81000	45338	30	10	416	420	1468	340	420	0	0	327	0	2	30	70	-1	-1	98	魅惑菇
550	1338	10	12.3	3.2	1.1	100000	45338	40	11	416	420	1468	475	420	0	0	327	0	3	30	75	-1	-1	98	魅惑菇
551	1338	11	12.3	3.2	1.1	121000	45338	40	12	416	420	1468	634	420	0	0	327	0	3	40	80	-1	-1	98	魅惑菇
552	1338	12	12.3	3.2	1.1	144000	45338	50	13	416	420	2349	634	420	0	0	327	0	3	40	85	-1	-1	98	魅惑菇
553	1338	13	12.3	3.2	1.1	169000	45338	50	14	416	420	2349	634	420	0	0	668	0	3	50	90	-1	-1	98	魅惑菇
554	1338	14	12.3	3.2	1.1	196000	45338	60	15	416	420	3268	634	420	0	0	668	0	3	50	95	-1	-1	98	魅惑菇
555	1338	15	12.3	3.2	1.1	225000	45338	60	16	416	420	3268	809	420	0	0	668	0	4	60	100	-1	-1	99	魅惑菇
556	1338	16	12.3	3.2	1.1	256000	45338	70	17	416	420	4272	809	420	0	0	668	0	4	60	100	-1	-1	99	魅惑菇
557	1338	17	12.3	3.2	1.1	289000	45338	70	18	416	420	4272	1000	420	0	0	668	0	4	70	100	-1	-1	99	魅惑菇
558	1338	18	12.3	3.2	1.1	324000	45338	80	19	416	420	4272	1000	420	0	0	1128	0	4	70	100	-1	-1	99	魅惑菇
559	1338	19	12.3	3.2	1.1	361000	45338	80	20	416	420	4272	1189	420	0	0	1128	0	4	80	100	-1	-1	99	魅惑菇
560	1338	20	12.3	3.2	1.1		45338		-1	416	420	4272	1428	420	0	0	1128	0	5	80	100	-1	-1	99	魅惑菇
561	1350	1	11.8	3.2	1.1	1000	45350	2	2	-1	-1	298	0	0	0	0	0	0	1	1	30	-1	-1	97	能量豆
562	1350	2	11.8	3.2	1.1	4000	45350	4	3	-1	-1	298	99	0	0	0	0	0	1	1	35	-1	-1	97	能量豆
563	1350	3	11.8	3.2	1.1	9000	45350	8	4	-1	-1	298	99	0	0	0	104	0	1	1	40	-1	-1	97	能量豆
564	1350	4	11.8	3.2	1.1	16000	45350	15	5	-1	-1	298	216	0	0	0	104	0	1	1	45	-1	-1	97	能量豆
565	1350	5	11.8	3.2	1.1	25000	45350	15	6	-1	-1	780	216	0	0	0	104	0	2	20	50	-1	-1	97	能量豆
566	1350	6	11.8	3.2	1.1	36000	45350	20	7	-1	-1	780	216	420	0	0	104	0	2	20	55	-1	-1	98	能量豆
567	1350	7	11.8	3.2	1.1	49000	45350	20	8	-1	-1	780	340	420	0	0	104	0	2	20	60	-1	-1	98	能量豆
568	1350	8	11.8	3.2	1.1	64000	45350	30	9	-1	-1	780	340	420	0	0	327	0	2	30	65	-1	-1	98	能量豆
569	1350	9	11.8	3.2	1.1	81000	45350	30	10	-1	-1	1468	340	420	0	0	327	0	2	30	70	-1	-1	98	能量豆
570	1350	10	11.8	3.2	1.1	100000	45350	40	11	-1	-1	1468	475	420	0	0	327	0	3	30	75	-1	-1	98	能量豆
571	1350	11	11.8	3.2	1.1	121000	45350	40	12	-1	-1	1468	634	420	0	0	327	0	3	40	80	-1	-1	98	能量豆
572	1350	12	11.8	3.2	1.1	144000	45350	50	13	-1	-1	2349	634	420	0	0	327	0	3	40	85	-1	-1	98	能量豆
573	1350	13	11.8	3.2	1.1	169000	45350	50	14	-1	-1	2349	634	420	0	0	668	0	3	50	90	-1	-1	98	能量豆
574	1350	14	11.8	3.2	1.1	196000	45350	60	15	-1	-1	3268	634	420	0	0	668	0	3	50	95	-1	-1	98	能量豆
575	1350	15	11.8	3.2	1.1	225000	45350	60	16	-1	-1	3268	809	420	0	0	668	0	4	60	100	-1	-1	99	能量豆
576	1350	16	11.8	3.2	1.1	256000	45350	70	17	-1	-1	4272	809	420	0	0	668	0	4	60	100	-1	-1	99	能量豆
577	1350	17	11.8	3.2	1.1	289000	45350	70	18	-1	-1	4272	1000	420	0	0	668	0	4	70	100	-1	-1	99	能量豆
578	1350	18	11.8	3.2	1.1	324000	45350	80	19	-1	-1	4272	1000	420	0	0	1128	0	4	70	100	-1	-1	99	能量豆
579	1350	19	11.8	3.2	1.1	361000	45350	80	20	-1	-1	4272	1189	420	0	0	1128	0	4	80	100	-1	-1	99	能量豆
580	1350	20	11.8	3.2	1.1		45350		-1	-1	-1	4272	1428	420	0	0	1128	0	5	80	100	-1	-1	99	能量豆
581	1362	1	12.5	3.1	1.2	1000	45362	2	2	-1	-1	298	0	0	0	0	0	0	1	1	30	-1	-1	97	脉冲黄桃
582	1362	2	12.5	3.1	1.2	4000	45362	4	3	-1	-1	298	99	0	0	0	0	0	1	1	35	-1	-1	97	脉冲黄桃
583	1362	3	12.5	3.1	1.2	9000	45362	8	4	-1	-1	298	99	0	0	0	104	0	1	1	40	-1	-1	97	脉冲黄桃
584	1362	4	12.5	3.1	1.2	16000	45362	15	5	-1	-1	298	216	0	0	0	104	0	1	1	45	-1	-1	97	脉冲黄桃
585	1362	5	12.5	3.1	1.2	25000	45362	15	6	-1	-1	780	216	0	0	0	104	0	2	20	50	-1	-1	97	脉冲黄桃
586	1362	6	12.5	3.1	1.2	36000	45362	20	7	-1	-1	780	216	420	0	0	104	0	2	20	55	-1	-1	98	脉冲黄桃
587	1362	7	12.5	3.1	1.2	49000	45362	20	8	-1	-1	780	340	420	0	0	104	0	2	20	60	-1	-1	98	脉冲黄桃
588	1362	8	12.5	3.1	1.2	64000	45362	30	9	-1	-1	780	340	420	0	0	327	0	2	30	65	-1	-1	98	脉冲黄桃
589	1362	9	12.5	3.1	1.2	81000	45362	30	10	-1	-1	1468	340	420	0	0	327	0	2	30	70	-1	-1	98	脉冲黄桃
590	1362	10	12.5	3.1	1.2	100000	45362	40	11	-1	-1	1468	475	420	0	0	327	0	3	30	75	-1	-1	98	脉冲黄桃
591	1362	11	12.5	3.1	1.2	121000	45362	40	12	-1	-1	1468	634	420	0	0	327	0	3	40	80	-1	-1	98	脉冲黄桃
592	1362	12	12.5	3.1	1.2	144000	45362	50	13	-1	-1	2349	634	420	0	0	327	0	3	40	85	-1	-1	98	脉冲黄桃
593	1362	13	12.5	3.1	1.2	169000	45362	50	14	-1	-1	2349	634	420	0	0	668	0	3	50	90	-1	-1	98	脉冲黄桃
594	1362	14	12.5	3.1	1.2	196000	45362	60	15	-1	-1	3268	634	420	0	0	668	0	3	50	95	-1	-1	98	脉冲黄桃
595	1362	15	12.5	3.1	1.2	225000	45362	60	16	-1	-1	3268	809	420	0	0	668	0	4	60	100	-1	-1	99	脉冲黄桃
596	1362	16	12.5	3.1	1.2	256000	45362	70	17	-1	-1	4272	809	420	0	0	668	0	4	60	100	-1	-1	99	脉冲黄桃
597	1362	17	12.5	3.1	1.2	289000	45362	70	18	-1	-1	4272	1000	420	0	0	668	0	4	70	100	-1	-1	99	脉冲黄桃
598	1362	18	12.5	3.1	1.2	324000	45362	80	19	-1	-1	4272	1000	420	0	0	1128	0	4	70	100	-1	-1	99	脉冲黄桃
599	1362	19	12.5	3.1	1.2	361000	45362	80	20	-1	-1	4272	1189	420	0	0	1128	0	4	80	100	-1	-1	99	脉冲黄桃
600	1362	20	12.5	3.1	1.2		45362		-1	-1	-1	4272	1428	420	0	0	1128	0	5	80	100	-1	-1	99	脉冲黄桃
601	1374	1	11.3	3.2	1.2	1000	45374	2	2	-1	-1	298	0	0	0	0	0	0	1	1	30	-1	-1	97	充能柚子
602	1374	2	11.3	3.2	1.2	4000	45374	4	3	-1	-1	298	99	0	0	0	0	0	1	1	35	-1	-1	97	充能柚子
603	1374	3	11.3	3.2	1.2	9000	45374	8	4	-1	-1	298	99	0	0	0	104	0	1	1	40	-1	-1	97	充能柚子
604	1374	4	11.3	3.2	1.2	16000	45374	15	5	-1	-1	298	216	0	0	0	104	0	1	1	45	-1	-1	97	充能柚子
605	1374	5	11.3	3.2	1.2	25000	45374	15	6	-1	-1	780	216	0	0	0	104	0	2	20	50	-1	-1	97	充能柚子
606	1374	6	11.3	3.2	1.2	36000	45374	20	7	-1	-1	780	216	420	0	0	104	0	2	20	55	-1	-1	98	充能柚子
607	1374	7	11.3	3.2	1.2	49000	45374	20	8	-1	-1	780	340	420	0	0	104	0	2	20	60	-1	-1	98	充能柚子
608	1374	8	11.3	3.2	1.2	64000	45374	30	9	-1	-1	780	340	420	0	0	327	0	2	30	65	-1	-1	98	充能柚子
609	1374	9	11.3	3.2	1.2	81000	45374	30	10	-1	-1	1468	340	420	0	0	327	0	2	30	70	-1	-1	98	充能柚子
610	1374	10	11.3	3.2	1.2	100000	45374	40	11	-1	-1	1468	475	420	0	0	327	0	3	30	75	-1	-1	98	充能柚子
611	1374	11	11.3	3.2	1.2	121000	45374	40	12	-1	-1	1468	634	420	0	0	327	0	3	40	80	-1	-1	98	充能柚子
612	1374	12	11.3	3.2	1.2	144000	45374	50	13	-1	-1	2349	634	420	0	0	327	0	3	40	85	-1	-1	98	充能柚子
613	1374	13	11.3	3.2	1.2	169000	45374	50	14	-1	-1	2349	634	420	0	0	668	0	3	50	90	-1	-1	98	充能柚子
614	1374	14	11.3	3.2	1.2	196000	45374	60	15	-1	-1	3268	634	420	0	0	668	0	3	50	95	-1	-1	98	充能柚子
615	1374	15	11.3	3.2	1.2	225000	45374	60	16	-1	-1	3268	809	420	0	0	668	0	4	60	100	-1	-1	99	充能柚子
616	1374	16	11.3	3.2	1.2	256000	45374	70	17	-1	-1	4272	809	420	0	0	668	0	4	60	100	-1	-1	99	充能柚子
617	1374	17	11.3	3.2	1.2	289000	45374	70	18	-1	-1	4272	1000	420	0	0	668	0	4	70	100	-1	-1	99	充能柚子
618	1374	18	11.3	3.2	1.2	324000	45374	80	19	-1	-1	4272	1000	420	0	0	1128	0	4	70	100	-1	-1	99	充能柚子
619	1374	19	11.3	3.2	1.2	361000	45374	80	20	-1	-1	4272	1189	420	0	0	1128	0	4	80	100	-1	-1	99	充能柚子
620	1374	20	11.3	3.2	1.2		45374		-1	-1	-1	4272	1428	420	0	0	1128	0	5	80	100	-1	-1	99	充能柚子
621	1386	1	11.3	0.8	1.3	1000	45386	2	2	-1	-1	439	0	0	0	0	0	0	1	1	30	-1	-1	97	路灯花
622	1386	2	11.3	0.8	1.3	4000	45386	4	3	-1	-1	439	0	256	0	0	0	0	1	1	35	-1	-1	97	路灯花
623	1386	3	11.3	0.8	1.3	9000	45386	8	4	-1	-1	439	0	256	0	292	0	0	1	1	40	-1	-1	97	路灯花
624	1386	4	11.3	0.8	1.3	16000	45386	15	5	-1	-1	439	0	550	0	292	0	0	1	1	45	-1	-1	97	路灯花
625	1386	5	11.3	0.8	1.3	25000	45386	15	6	-1	-1	940	0	550	0	292	0	0	2	20	50	-1	-1	97	路灯花
626	1386	6	11.3	0.8	1.3	36000	45386	20	7	-1	-1	940	0	919	0	292	0	0	2	20	55	-1	-1	98	路灯花
627	1386	7	11.3	0.8	1.3	49000	45386	20	8	-1	-1	1549	0	919	0	292	0	0	2	20	60	-1	-1	98	路灯花
628	1386	8	11.3	0.8	1.3	64000	45386	30	9	-1	-1	1549	0	919	0	292	0	223	2	30	65	-1	-1	98	路灯花
629	1386	9	11.3	0.8	1.3	81000	45386	30	10	-1	-1	2289	0	919	0	292	0	223	2	30	70	-1	-1	98	路灯花
630	1386	10	11.3	0.8	1.3	100000	45386	40	11	-1	-1	2289	144	919	0	292	0	223	3	30	75	-1	-1	98	路灯花
631	1386	11	11.3	0.8	1.3	121000	45386	40	12	-1	-1	3162	144	919	0	292	0	223	3	40	80	-1	-1	98	路灯花
632	1386	12	11.3	0.8	1.3	144000	45386	50	13	-1	-1	3162	311	919	0	292	0	223	3	40	85	-1	-1	98	路灯花
633	1386	13	11.3	0.8	1.3	169000	45386	50	14	-1	-1	3162	311	919	0	1252	0	223	3	50	90	-1	-1	98	路灯花
634	1386	14	11.3	0.8	1.3	196000	45386	60	15	-1	-1	4172	311	919	0	1252	0	223	3	50	95	-1	-1	98	路灯花
635	1386	15	11.3	0.8	1.3	225000	45386	60	16	-1	-1	4172	479	919	0	1252	0	223	4	60	100	-1	-1	99	路灯花
636	1386	16	11.3	0.8	1.3	256000	45386	70	17	-1	-1	4172	687	919	0	1252	0	223	4	60	100	-1	-1	99	路灯花
637	1386	17	11.3	0.8	1.3	289000	45386	70	18	-1	-1	5206	687	919	0	1252	0	223	4	70	100	-1	-1	99	路灯花
638	1386	18	11.3	0.8	1.3	324000	45386	80	19	-1	-1	5206	687	919	0	1252	0	683	4	70	100	-1	-1	99	路灯花
639	1386	19	11.3	0.8	1.3	361000	45386	80	20	-1	-1	5206	959	919	0	1252	0	683	4	80	100	-1	-1	99	路灯花
640	1386	20	11.3	0.8	1.3				-1	-1	-1	6295	959	919	0	1252	0	683	5	80	100	-1	-1	99	路灯花
641	1398	1	11.3	2.9	1.8	1000	45398	2	2	-1	-1	298	0	0	0	0	0	0	1	1	30	-1	-1	97	郁金香号手
642	1398	2	11.3	2.9	1.8	4000	45398	4	3	-1	-1	298	99	0	0	0	0	0	1	1	35	-1	-1	97	郁金香号手
643	1398	3	11.3	2.9	1.8	9000	45398	8	4	-1	-1	298	99	0	0	0	104	0	1	1	40	-1	-1	97	郁金香号手
644	1398	4	11.3	2.9	1.8	16000	45398	15	5	-1	-1	298	216	0	0	0	104	0	1	1	45	-1	-1	97	郁金香号手
645	1398	5	11.3	2.9	1.8	25000	45398	15	6	-1	-1	780	216	0	0	0	104	0	2	20	50	-1	-1	97	郁金香号手
646	1398	6	11.3	2.9	1.8	36000	45398	20	7	-1	-1	780	216	420	0	0	104	0	2	20	55	-1	-1	98	郁金香号手
647	1398	7	11.3	2.9	1.8	49000	45398	20	8	-1	-1	780	340	420	0	0	104	0	2	20	60	-1	-1	98	郁金香号手
648	1398	8	11.3	2.9	1.8	64000	45398	30	9	-1	-1	780	340	420	0	0	327	0	2	30	65	-1	-1	98	郁金香号手
649	1398	9	11.3	2.9	1.8	81000	45398	30	10	-1	-1	1468	340	420	0	0	327	0	2	30	70	-1	-1	98	郁金香号手
650	1398	10	11.3	2.9	1.8	100000	45398	40	11	-1	-1	1468	475	420	0	0	327	0	3	30	75	-1	-1	98	郁金香号手
651	1398	11	11.3	2.9	1.8	121000	45398	40	12	-1	-1	1468	634	420	0	0	327	0	3	40	80	-1	-1	98	郁金香号手
652	1398	12	11.3	2.9	1.8	144000	45398	50	13	-1	-1	2349	634	420	0	0	327	0	3	40	85	-1	-1	98	郁金香号手
653	1398	13	11.3	2.9	1.8	169000	45398	50	14	-1	-1	2349	634	420	0	0	668	0	3	50	90	-1	-1	98	郁金香号手
654	1398	14	11.3	2.9	1.8	196000	45398	60	15	-1	-1	3268	634	420	0	0	668	0	3	50	95	-1	-1	98	郁金香号手
655	1398	15	11.3	2.9	1.8	225000	45398	60	16	-1	-1	3268	809	420	0	0	668	0	4	60	100	-1	-1	99	郁金香号手
656	1398	16	11.3	2.9	1.8	256000	45398	70	17	-1	-1	4272	809	420	0	0	668	0	4	60	100	-1	-1	99	郁金香号手
657	1398	17	11.3	2.9	1.8	289000	45398	70	18	-1	-1	4272	1000	420	0	0	668	0	4	70	100	-1	-1	99	郁金香号手
658	1398	18	11.3	2.9	1.8	324000	45398	80	19	-1	-1	4272	1000	420	0	0	1128	0	4	70	100	-1	-1	99	郁金香号手
659	1398	19	11.3	2.9	1.8	361000	45398	80	20	-1	-1	4272	1189	420	0	0	1128	0	4	80	100	-1	-1	99	郁金香号手
660	1398	20	11.3	2.9	1.8				-1	-1	-1	4272	1428	420	0	0	1128	0	5	80	100	-1	-1	99	郁金香号手
661	1410	1	11.3	2.9	1.8	1000	45410	2	2	-1	-1	298	0	0	0	0	0	0	1	1	30	-1	-1	97	针叶爆破手
662	1410	2	11.3	2.9	1.8	4000	45410	4	3	-1	-1	298	99	0	0	0	0	0	1	1	35	-1	-1	97	针叶爆破手
663	1410	3	11.3	2.9	1.8	9000	45410	8	4	-1	-1	298	99	0	0	0	104	0	1	1	40	-1	-1	97	针叶爆破手
664	1410	4	11.3	2.9	1.8	16000	45410	15	5	-1	-1	298	216	0	0	0	104	0	1	1	45	-1	-1	97	针叶爆破手
665	1410	5	11.3	2.9	1.8	25000	45410	15	6	-1	-1	780	216	0	0	0	104	0	2	20	50	-1	-1	97	针叶爆破手
666	1410	6	11.3	2.9	1.8	36000	45410	20	7	-1	-1	780	216	420	0	0	104	0	2	20	55	-1	-1	98	针叶爆破手
667	1410	7	11.3	2.9	1.8	49000	45410	20	8	-1	-1	780	340	420	0	0	104	0	2	20	60	-1	-1	98	针叶爆破手
668	1410	8	11.3	2.9	1.8	64000	45410	30	9	-1	-1	780	340	420	0	0	327	0	2	30	65	-1	-1	98	针叶爆破手
669	1410	9	11.3	2.9	1.8	81000	45410	30	10	-1	-1	1468	340	420	0	0	327	0	2	30	70	-1	-1	98	针叶爆破手
670	1410	10	11.3	2.9	1.8	100000	45410	40	11	-1	-1	1468	475	420	0	0	327	0	3	30	75	-1	-1	98	针叶爆破手
671	1410	11	11.3	2.9	1.8	121000	45410	40	12	-1	-1	1468	634	420	0	0	327	0	3	40	80	-1	-1	98	针叶爆破手
672	1410	12	11.3	2.9	1.8	144000	45410	50	13	-1	-1	2349	634	420	0	0	327	0	3	40	85	-1	-1	98	针叶爆破手
673	1410	13	11.3	2.9	1.8	169000	45410	50	14	-1	-1	2349	634	420	0	0	668	0	3	50	90	-1	-1	98	针叶爆破手
674	1410	14	11.3	2.9	1.8	196000	45410	60	15	-1	-1	3268	634	420	0	0	668	0	3	50	95	-1	-1	98	针叶爆破手
675	1410	15	11.3	2.9	1.8	225000	45410	60	16	-1	-1	3268	809	420	0	0	668	0	4	60	100	-1	-1	99	针叶爆破手
676	1410	16	11.3	2.9	1.8	256000	45410	70	17	-1	-1	4272	809	420	0	0	668	0	4	60	100	-1	-1	99	针叶爆破手
677	1410	17	11.3	2.9	1.8	289000	45410	70	18	-1	-1	4272	1000	420	0	0	668	0	4	70	100	-1	-1	99	针叶爆破手
678	1410	18	11.3	2.9	1.8	324000	45410	80	19	-1	-1	4272	1000	420	0	0	1128	0	4	70	100	-1	-1	99	针叶爆破手
679	1410	19	11.3	2.9	1.8	361000	45410	80	20	-1	-1	4272	1189	420	0	0	1128	0	4	80	100	-1	-1	99	针叶爆破手
680	1410	20	11.3	2.9	1.8				-1	-1	-1	4272	1428	420	0	0	1128	0	5	80	100	-1	-1	99	针叶爆破手
681	1422	1	11.3	2.9	1.8	1000	45422	2	2	-1	-1	298	0	0	0	0	0	0	1	1	30	-1	-1	97	魔术菇
682	1422	2	11.3	2.9	1.8	4000	45422	4	3	-1	-1	298	99	0	0	0	0	0	1	1	35	-1	-1	97	魔术菇
683	1422	3	11.3	2.9	1.8	9000	45422	8	4	-1	-1	298	99	0	0	0	104	0	1	1	40	-1	-1	97	魔术菇
684	1422	4	11.3	2.9	1.8	16000	45422	15	5	-1	-1	298	216	0	0	0	104	0	1	1	45	-1	-1	97	魔术菇
685	1422	5	11.3	2.9	1.8	25000	45422	15	6	-1	-1	780	216	0	0	0	104	0	2	20	50	-1	-1	97	魔术菇
686	1422	6	11.3	2.9	1.8	36000	45422	20	7	-1	-1	780	216	420	0	0	104	0	2	20	55	-1	-1	98	魔术菇
687	1422	7	11.3	2.9	1.8	49000	45422	20	8	-1	-1	780	340	420	0	0	104	0	2	20	60	-1	-1	98	魔术菇
688	1422	8	11.3	2.9	1.8	64000	45422	30	9	-1	-1	780	340	420	0	0	327	0	2	30	65	-1	-1	98	魔术菇
689	1422	9	11.3	2.9	1.8	81000	45422	30	10	-1	-1	1468	340	420	0	0	327	0	2	30	70	-1	-1	98	魔术菇
690	1422	10	11.3	2.9	1.8	100000	45422	40	11	-1	-1	1468	475	420	0	0	327	0	3	30	75	-1	-1	98	魔术菇
691	1422	11	11.3	2.9	1.8	121000	45422	40	12	-1	-1	1468	634	420	0	0	327	0	3	40	80	-1	-1	98	魔术菇
692	1422	12	11.3	2.9	1.8	144000	45422	50	13	-1	-1	2349	634	420	0	0	327	0	3	40	85	-1	-1	98	魔术菇
693	1422	13	11.3	2.9	1.8	169000	45422	50	14	-1	-1	2349	634	420	0	0	668	0	3	50	90	-1	-1	98	魔术菇
694	1422	14	11.3	2.9	1.8	196000	45422	60	15	-1	-1	3268	634	420	0	0	668	0	3	50	95	-1	-1	98	魔术菇
695	1422	15	11.3	2.9	1.8	225000	45422	60	16	-1	-1	3268	809	420	0	0	668	0	4	60	100	-1	-1	99	魔术菇
696	1422	16	11.3	2.9	1.8	256000	45422	70	17	-1	-1	4272	809	420	0	0	668	0	4	60	100	-1	-1	99	魔术菇
697	1422	17	11.3	2.9	1.8	289000	45422	70	18	-1	-1	4272	1000	420	0	0	668	0	4	70	100	-1	-1	99	魔术菇
698	1422	18	11.3	2.9	1.8	324000	45422	80	19	-1	-1	4272	1000	420	0	0	1128	0	4	70	100	-1	-1	99	魔术菇
699	1422	19	11.3	2.9	1.8	361000	45422	80	20	-1	-1	4272	1189	420	0	0	1128	0	4	80	100	-1	-1	99	魔术菇
700	1422	20	11.3	2.9	1.8				-1	-1	-1	4272	1428	420	0	0	1128	0	5	80	100	-1	-1	99	魔术菇
701	1434	1	11.3	2.9	1.8	1000	45434	2	2	-1	-1	298	0	0	0	0	0	0	1	1	30	-1	-1	97	月光花
702	1434	2	11.3	2.9	1.8	4000	45434	4	3	-1	-1	298	99	0	0	0	0	0	1	1	35	-1	-1	97	月光花
703	1434	3	11.3	2.9	1.8	9000	45434	8	4	-1	-1	298	99	0	0	0	104	0	1	1	40	-1	-1	97	月光花
704	1434	4	11.3	2.9	1.8	16000	45434	15	5	-1	-1	298	216	0	0	0	104	0	1	1	45	-1	-1	97	月光花
705	1434	5	11.3	2.9	1.8	25000	45434	15	6	-1	-1	780	216	0	0	0	104	0	2	20	50	-1	-1	97	月光花
706	1434	6	11.3	2.9	1.8	36000	45434	20	7	-1	-1	780	216	420	0	0	104	0	2	20	55	-1	-1	98	月光花
707	1434	7	11.3	2.9	1.8	49000	45434	20	8	-1	-1	780	340	420	0	0	104	0	2	20	60	-1	-1	98	月光花
708	1434	8	11.3	2.9	1.8	64000	45434	30	9	-1	-1	780	340	420	0	0	327	0	2	30	65	-1	-1	98	月光花
709	1434	9	11.3	2.9	1.8	81000	45434	30	10	-1	-1	1468	340	420	0	0	327	0	2	30	70	-1	-1	98	月光花
710	1434	10	11.3	2.9	1.8	100000	45434	40	11	-1	-1	1468	475	420	0	0	327	0	3	30	75	-1	-1	98	月光花
711	1434	11	11.3	2.9	1.8	121000	45434	40	12	-1	-1	1468	634	420	0	0	327	0	3	40	80	-1	-1	98	月光花
712	1434	12	11.3	2.9	1.8	144000	45434	50	13	-1	-1	2349	634	420	0	0	327	0	3	40	85	-1	-1	98	月光花
713	1434	13	11.3	2.9	1.8	169000	45434	50	14	-1	-1	2349	634	420	0	0	668	0	3	50	90	-1	-1	98	月光花
714	1434	14	11.3	2.9	1.8	196000	45434	60	15	-1	-1	3268	634	420	0	0	668	0	3	50	95	-1	-1	98	月光花
715	1434	15	11.3	2.9	1.8	225000	45434	60	16	-1	-1	3268	809	420	0	0	668	0	4	60	100	-1	-1	99	月光花
716	1434	16	11.3	2.9	1.8	256000	45434	70	17	-1	-1	4272	809	420	0	0	668	0	4	60	100	-1	-1	99	月光花
717	1434	17	11.3	2.9	1.8	289000	45434	70	18	-1	-1	4272	1000	420	0	0	668	0	4	70	100	-1	-1	99	月光花
718	1434	18	11.3	2.9	1.8	324000	45434	80	19	-1	-1	4272	1000	420	0	0	1128	0	4	70	100	-1	-1	99	月光花
719	1434	19	11.3	2.9	1.8	361000	45434	80	20	-1	-1	4272	1189	420	0	0	1128	0	4	80	100	-1	-1	99	月光花
720	1434	20	11.3	2.9	1.8				-1	-1	-1	4272	1428	420	0	0	1128	0	5	80	100	-1	-1	99	月光花
721	1446	1	11.3	0.8	1.3	1000	45446	2	2	-1	-1	439	0	0	0	0	0	0	1	1	30	-1	-1	97	旋转菠萝
722	1446	2	11.3	0.8	1.3	4000	45446	4	3	-1	-1	439	0	256	0	0	0	0	1	1	35	-1	-1	97	旋转菠萝
723	1446	3	11.3	0.8	1.3	9000	45446	8	4	-1	-1	439	0	256	0	292	0	0	1	1	40	-1	-1	97	旋转菠萝
724	1446	4	11.3	0.8	1.3	16000	45446	15	5	-1	-1	439	0	550	0	292	0	0	1	1	45	-1	-1	97	旋转菠萝
725	1446	5	11.3	0.8	1.3	25000	45446	15	6	-1	-1	940	0	550	0	292	0	0	2	20	50	-1	-1	97	旋转菠萝
726	1446	6	11.3	0.8	1.3	36000	45446	20	7	-1	-1	940	0	919	0	292	0	0	2	20	55	-1	-1	98	旋转菠萝
727	1446	7	11.3	0.8	1.3	49000	45446	20	8	-1	-1	1549	0	919	0	292	0	0	2	20	60	-1	-1	98	旋转菠萝
728	1446	8	11.3	0.8	1.3	64000	45446	30	9	-1	-1	1549	0	919	0	292	0	223	2	30	65	-1	-1	98	旋转菠萝
729	1446	9	11.3	0.8	1.3	81000	45446	30	10	-1	-1	2289	0	919	0	292	0	223	2	30	70	-1	-1	98	旋转菠萝
730	1446	10	11.3	0.8	1.3	100000	45446	40	11	-1	-1	2289	144	919	0	292	0	223	3	30	75	-1	-1	98	旋转菠萝
731	1446	11	11.3	0.8	1.3	121000	45446	40	12	-1	-1	3162	144	919	0	292	0	223	3	40	80	-1	-1	98	旋转菠萝
732	1446	12	11.3	0.8	1.3	144000	45446	50	13	-1	-1	3162	311	919	0	292	0	223	3	40	85	-1	-1	98	旋转菠萝
733	1446	13	11.3	0.8	1.3	169000	45446	50	14	-1	-1	3162	311	919	0	1252	0	223	3	50	90	-1	-1	98	旋转菠萝
734	1446	14	11.3	0.8	1.3	196000	45446	60	15	-1	-1	4172	311	919	0	1252	0	223	3	50	95	-1	-1	98	旋转菠萝
735	1446	15	11.3	0.8	1.3	225000	45446	60	16	-1	-1	4172	479	919	0	1252	0	223	4	60	100	-1	-1	99	旋转菠萝
736	1446	16	11.3	0.8	1.3	256000	45446	70	17	-1	-1	4172	687	919	0	1252	0	223	4	60	100	-1	-1	99	旋转菠萝
737	1446	17	11.3	0.8	1.3	289000	45446	70	18	-1	-1	5206	687	919	0	1252	0	223	4	70	100	-1	-1	99	旋转菠萝
738	1446	18	11.3	0.8	1.3	324000	45446	80	19	-1	-1	5206	687	919	0	1252	0	683	4	70	100	-1	-1	99	旋转菠萝
739	1446	19	11.3	0.8	1.3	361000	45446	80	20	-1	-1	5206	959	919	0	1252	0	683	4	80	100	-1	-1	99	旋转菠萝
740	1446	20	11.3	0.8	1.3				-1	-1	-1	6295	959	919	0	1252	0	683	5	80	100	-1	-1	99	旋转菠萝
741	1458	1	10.7	3.2	1.2	1000	45458	2	2	-1	-1	298	0	0	0	0	0	0	1	1	30	-1	-1	97	苹果掷弹手
742	1458	2	10.7	3.2	1.2	4000	45458	4	3	-1	-1	298	99	0	0	0	0	0	1	1	35	-1	-1	97	苹果掷弹手
743	1458	3	10.7	3.2	1.2	9000	45458	8	4	-1	-1	298	99	0	0	0	104	0	1	1	40	-1	-1	97	苹果掷弹手
744	1458	4	10.7	3.2	1.2	16000	45458	15	5	-1	-1	298	216	0	0	0	104	0	1	1	45	-1	-1	97	苹果掷弹手
745	1458	5	10.7	3.2	1.2	25000	45458	15	6	-1	-1	780	216	0	0	0	104	0	2	20	50	-1	-1	97	苹果掷弹手
746	1458	6	10.7	3.2	1.2	36000	45458	20	7	-1	-1	780	216	420	0	0	104	0	2	20	55	-1	-1	98	苹果掷弹手
747	1458	7	10.7	3.2	1.2	49000	45458	20	8	-1	-1	780	340	420	0	0	104	0	2	20	60	-1	-1	98	苹果掷弹手
748	1458	8	10.7	3.2	1.2	64000	45458	30	9	-1	-1	780	340	420	0	0	327	0	2	30	65	-1	-1	98	苹果掷弹手
749	1458	9	10.7	3.2	1.2	81000	45458	30	10	-1	-1	1468	340	420	0	0	327	0	2	30	70	-1	-1	98	苹果掷弹手
750	1458	10	10.7	3.2	1.2	100000	45458	40	11	-1	-1	1468	475	420	0	0	327	0	3	30	75	-1	-1	98	苹果掷弹手
751	1458	11	10.7	3.2	1.2	121000	45458	40	12	-1	-1	1468	634	420	0	0	327	0	3	40	80	-1	-1	98	苹果掷弹手
752	1458	12	10.7	3.2	1.2	144000	45458	50	13	-1	-1	2349	634	420	0	0	327	0	3	40	85	-1	-1	98	苹果掷弹手
753	1458	13	10.7	3.2	1.2	169000	45458	50	14	-1	-1	2349	634	420	0	0	668	0	3	50	90	-1	-1	98	苹果掷弹手
754	1458	14	10.7	3.2	1.2	196000	45458	60	15	-1	-1	3268	634	420	0	0	668	0	3	50	95	-1	-1	98	苹果掷弹手
755	1458	15	10.7	3.2	1.2	225000	45458	60	16	-1	-1	3268	809	420	0	0	668	0	4	60	100	-1	-1	99	苹果掷弹手
756	1458	16	10.7	3.2	1.2	256000	45458	70	17	-1	-1	4272	809	420	0	0	668	0	4	60	100	-1	-1	99	苹果掷弹手
757	1458	17	10.7	3.2	1.2	289000	45458	70	18	-1	-1	4272	1000	420	0	0	668	0	4	70	100	-1	-1	99	苹果掷弹手
758	1458	18	10.7	3.2	1.2	324000	45458	80	19	-1	-1	4272	1000	420	0	0	1128	0	4	70	100	-1	-1	99	苹果掷弹手
759	1458	19	10.7	3.2	1.2	361000	45458	80	20	-1	-1	4272	1189	420	0	0	1128	0	4	80	100	-1	-1	99	苹果掷弹手
760	1458	20	10.7	3.2	1.2				-1	-1	-1	4272	1428	420	0	0	1128	0	5	80	100	-1	-1	99	苹果掷弹手
761	1470	1	10.7	3.2	1.2	1000	45470	2	2	-1	-1	298	0	0	0	0	0	0	1	1	30	-1	-1	97	噬毒花
762	1470	2	10.7	3.2	1.2	4000	45470	4	3	-1	-1	298	99	0	0	0	0	0	1	1	35	-1	-1	97	噬毒花
763	1470	3	10.7	3.2	1.2	9000	45470	8	4	-1	-1	298	99	0	0	0	104	0	1	1	40	-1	-1	97	噬毒花
764	1470	4	10.7	3.2	1.2	16000	45470	15	5	-1	-1	298	216	0	0	0	104	0	1	1	45	-1	-1	97	噬毒花
765	1470	5	10.7	3.2	1.2	25000	45470	15	6	-1	-1	780	216	0	0	0	104	0	2	20	50	-1	-1	97	噬毒花
766	1470	6	10.7	3.2	1.2	36000	45470	20	7	-1	-1	780	216	420	0	0	104	0	2	20	55	-1	-1	98	噬毒花
767	1470	7	10.7	3.2	1.2	49000	45470	20	8	-1	-1	780	340	420	0	0	104	0	2	20	60	-1	-1	98	噬毒花
768	1470	8	10.7	3.2	1.2	64000	45470	30	9	-1	-1	780	340	420	0	0	327	0	2	30	65	-1	-1	98	噬毒花
769	1470	9	10.7	3.2	1.2	81000	45470	30	10	-1	-1	1468	340	420	0	0	327	0	2	30	70	-1	-1	98	噬毒花
770	1470	10	10.7	3.2	1.2	100000	45470	40	11	-1	-1	1468	475	420	0	0	327	0	3	30	75	-1	-1	98	噬毒花
771	1470	11	10.7	3.2	1.2	121000	45470	40	12	-1	-1	1468	634	420	0	0	327	0	3	40	80	-1	-1	98	噬毒花
772	1470	12	10.7	3.2	1.2	144000	45470	50	13	-1	-1	2349	634	420	0	0	327	0	3	40	85	-1	-1	98	噬毒花
773	1470	13	10.7	3.2	1.2	169000	45470	50	14	-1	-1	2349	634	420	0	0	668	0	3	50	90	-1	-1	98	噬毒花
774	1470	14	10.7	3.2	1.2	196000	45470	60	15	-1	-1	3268	634	420	0	0	668	0	3	50	95	-1	-1	98	噬毒花
775	1470	15	10.7	3.2	1.2	225000	45470	60	16	-1	-1	3268	809	420	0	0	668	0	4	60	100	-1	-1	99	噬毒花
776	1470	16	10.7	3.2	1.2	256000	45470	70	17	-1	-1	4272	809	420	0	0	668	0	4	60	100	-1	-1	99	噬毒花
777	1470	17	10.7	3.2	1.2	289000	45470	70	18	-1	-1	4272	1000	420	0	0	668	0	4	70	100	-1	-1	99	噬毒花
778	1470	18	10.7	3.2	1.2	324000	45470	80	19	-1	-1	4272	1000	420	0	0	1128	0	4	70	100	-1	-1	99	噬毒花
779	1470	19	10.7	3.2	1.2	361000	45470	80	20	-1	-1	4272	1189	420	0	0	1128	0	4	80	100	-1	-1	99	噬毒花
780	1470	20	10.7	3.2	1.2				-1	-1	-1	4272	1428	420	0	0	1128	0	5	80	100	-1	-1	99	噬毒花
781	1482	1	12.5	2.5	1.1	1000	45482	2	2	-1	-1	298	0	0	0	0	0	0	1	1	30	-1	-1	97	毒舌菇
782	1482	2	12.5	2.5	1.1	4000	45482	4	3	-1	-1	298	99	0	0	0	0	0	1	1	35	-1	-1	97	毒舌菇
783	1482	3	12.5	2.5	1.1	9000	45482	8	4	-1	-1	298	99	0	0	0	104	0	1	1	40	-1	-1	97	毒舌菇
784	1482	4	12.5	2.5	1.1	16000	45482	15	5	-1	-1	298	216	0	0	0	104	0	1	1	45	-1	-1	97	毒舌菇
785	1482	5	12.5	2.5	1.1	25000	45482	15	6	-1	-1	780	216	0	0	0	104	0	2	20	50	-1	-1	97	毒舌菇
786	1482	6	12.5	2.5	1.1	36000	45482	20	7	-1	-1	780	216	420	0	0	104	0	2	20	55	-1	-1	98	毒舌菇
787	1482	7	12.5	2.5	1.1	49000	45482	20	8	-1	-1	780	340	420	0	0	104	0	2	20	60	-1	-1	98	毒舌菇
788	1482	8	12.5	2.5	1.1	64000	45482	30	9	-1	-1	780	340	420	0	0	327	0	2	30	65	-1	-1	98	毒舌菇
789	1482	9	12.5	2.5	1.1	81000	45482	30	10	-1	-1	1468	340	420	0	0	327	0	2	30	70	-1	-1	98	毒舌菇
790	1482	10	12.5	2.5	1.1	100000	45482	40	11	-1	-1	1468	475	420	0	0	327	0	3	30	75	-1	-1	98	毒舌菇
791	1482	11	12.5	2.5	1.1	121000	45482	40	12	-1	-1	1468	634	420	0	0	327	0	3	40	80	-1	-1	98	毒舌菇
792	1482	12	12.5	2.5	1.1	144000	45482	50	13	-1	-1	2349	634	420	0	0	327	0	3	40	85	-1	-1	98	毒舌菇
793	1482	13	12.5	2.5	1.1	169000	45482	50	14	-1	-1	2349	634	420	0	0	668	0	3	50	90	-1	-1	98	毒舌菇
794	1482	14	12.5	2.5	1.1	196000	45482	60	15	-1	-1	3268	634	420	0	0	668	0	3	50	95	-1	-1	98	毒舌菇
795	1482	15	12.5	2.5	1.1	225000	45482	60	16	-1	-1	3268	809	420	0	0	668	0	4	60	100	-1	-1	99	毒舌菇
796	1482	16	12.5	2.5	1.1	256000	45482	70	17	-1	-1	4272	809	420	0	0	668	0	4	60	100	-1	-1	99	毒舌菇
797	1482	17	12.5	2.5	1.1	289000	45482	70	18	-1	-1	4272	1000	420	0	0	668	0	4	70	100	-1	-1	99	毒舌菇
798	1482	18	12.5	2.5	1.1	324000	45482	80	19	-1	-1	4272	1000	420	0	0	1128	0	4	70	100	-1	-1	99	毒舌菇
799	1482	19	12.5	2.5	1.1	361000	45482	80	20	-1	-1	4272	1189	420	0	0	1128	0	4	80	100	-1	-1	99	毒舌菇
800	1482	20	12.5	2.5	1.1				-1	-1	-1	4272	1428	420	0	0	1128	0	5	80	100	-1	-1	99	毒舌菇
801	1494	1	11.3	0.8	1.3	1000	45494	2	2	-1	-1	439	0	0	0	0	0	0	1	1	30	-1	-1	97	剑术门徒
802	1494	2	11.3	0.8	1.3	4000	45494	4	3	-1	-1	439	0	256	0	0	0	0	1	1	35	-1	-1	97	剑术门徒
803	1494	3	11.3	0.8	1.3	9000	45494	8	4	-1	-1	439	0	256	0	292	0	0	1	1	40	-1	-1	97	剑术门徒
804	1494	4	11.3	0.8	1.3	16000	45494	15	5	-1	-1	439	0	550	0	292	0	0	1	1	45	-1	-1	97	剑术门徒
805	1494	5	11.3	0.8	1.3	25000	45494	15	6	-1	-1	940	0	550	0	292	0	0	2	20	50	-1	-1	97	剑术门徒
806	1494	6	11.3	0.8	1.3	36000	45494	20	7	-1	-1	940	0	919	0	292	0	0	2	20	55	-1	-1	98	剑术门徒
807	1494	7	11.3	0.8	1.3	49000	45494	20	8	-1	-1	1549	0	919	0	292	0	0	2	20	60	-1	-1	98	剑术门徒
808	1494	8	11.3	0.8	1.3	64000	45494	30	9	-1	-1	1549	0	919	0	292	0	223	2	30	65	-1	-1	98	剑术门徒
809	1494	9	11.3	0.8	1.3	81000	45494	30	10	-1	-1	2289	0	919	0	292	0	223	2	30	70	-1	-1	98	剑术门徒
810	1494	10	11.3	0.8	1.3	100000	45494	40	11	-1	-1	2289	144	919	0	292	0	223	3	30	75	-1	-1	98	剑术门徒
811	1494	11	11.3	0.8	1.3	121000	45494	40	12	-1	-1	3162	144	919	0	292	0	223	3	40	80	-1	-1	98	剑术门徒
812	1494	12	11.3	0.8	1.3	144000	45494	50	13	-1	-1	3162	311	919	0	292	0	223	3	40	85	-1	-1	98	剑术门徒
813	1494	13	11.3	0.8	1.3	169000	45494	50	14	-1	-1	3162	311	919	0	1252	0	223	3	50	90	-1	-1	98	剑术门徒
814	1494	14	11.3	0.8	1.3	196000	45494	60	15	-1	-1	4172	311	919	0	1252	0	223	3	50	95	-1	-1	98	剑术门徒
815	1494	15	11.3	0.8	1.3	225000	45494	60	16	-1	-1	4172	479	919	0	1252	0	223	4	60	100	-1	-1	99	剑术门徒
816	1494	16	11.3	0.8	1.3	256000	45494	70	17	-1	-1	4172	687	919	0	1252	0	223	4	60	100	-1	-1	99	剑术门徒
817	1494	17	11.3	0.8	1.3	289000	45494	70	18	-1	-1	5206	687	919	0	1252	0	223	4	70	100	-1	-1	99	剑术门徒
818	1494	18	11.3	0.8	1.3	324000	45494	80	19	-1	-1	5206	687	919	0	1252	0	683	4	70	100	-1	-1	99	剑术门徒
819	1494	19	11.3	0.8	1.3	361000	45494	80	20	-1	-1	5206	959	919	0	1252	0	683	4	80	100	-1	-1	99	剑术门徒
820	1494	20	11.3	0.8	1.3				-1	-1	-1	6295	959	919	0	1252	0	683	5	80	100	-1	-1	99	剑术门徒
821	1506	1	11.3	0.8	1.3	1000	45506	2	2	-1	-1	298	0	0	0	0	0	0	1	1	30	-1	-1	97	番莲工程师
822	1506	2	11.3	0.8	1.3	4000	45506	4	3	-1	-1	298	99	0	0	0	0	0	1	1	35	-1	-1	97	番莲工程师
823	1506	3	11.3	0.8	1.3	9000	45506	8	4	-1	-1	298	99	0	0	0	104	0	1	1	40	-1	-1	97	番莲工程师
824	1506	4	11.3	0.8	1.3	16000	45506	15	5	-1	-1	298	216	0	0	0	104	0	1	1	45	-1	-1	97	番莲工程师
825	1506	5	11.3	0.8	1.3	25000	45506	15	6	-1	-1	780	216	0	0	0	104	0	2	20	50	-1	-1	97	番莲工程师
826	1506	6	11.3	0.8	1.3	36000	45506	20	7	-1	-1	780	216	420	0	0	104	0	2	20	55	-1	-1	98	番莲工程师
827	1506	7	11.3	0.8	1.3	49000	45506	20	8	-1	-1	780	340	420	0	0	104	0	2	20	60	-1	-1	98	番莲工程师
828	1506	8	11.3	0.8	1.3	64000	45506	30	9	-1	-1	780	340	420	0	0	327	0	2	30	65	-1	-1	98	番莲工程师
829	1506	9	11.3	0.8	1.3	81000	45506	30	10	-1	-1	1468	340	420	0	0	327	0	2	30	70	-1	-1	98	番莲工程师
830	1506	10	11.3	0.8	1.3	100000	45506	40	11	-1	-1	1468	475	420	0	0	327	0	3	30	75	-1	-1	98	番莲工程师
831	1506	11	11.3	0.8	1.3	121000	45506	40	12	-1	-1	1468	634	420	0	0	327	0	3	40	80	-1	-1	98	番莲工程师
832	1506	12	11.3	0.8	1.3	144000	45506	50	13	-1	-1	2349	634	420	0	0	327	0	3	40	85	-1	-1	98	番莲工程师
833	1506	13	11.3	0.8	1.3	169000	45506	50	14	-1	-1	2349	634	420	0	0	668	0	3	50	90	-1	-1	98	番莲工程师
834	1506	14	11.3	0.8	1.3	196000	45506	60	15	-1	-1	3268	634	420	0	0	668	0	3	50	95	-1	-1	98	番莲工程师
835	1506	15	11.3	0.8	1.3	225000	45506	60	16	-1	-1	3268	809	420	0	0	668	0	4	60	100	-1	-1	99	番莲工程师
836	1506	16	11.3	0.8	1.3	256000	45506	70	17	-1	-1	4272	809	420	0	0	668	0	4	60	100	-1	-1	99	番莲工程师
837	1506	17	11.3	0.8	1.3	289000	45506	70	18	-1	-1	4272	1000	420	0	0	668	0	4	70	100	-1	-1	99	番莲工程师
838	1506	18	11.3	0.8	1.3	324000	45506	80	19	-1	-1	4272	1000	420	0	0	1128	0	4	70	100	-1	-1	99	番莲工程师
839	1506	19	11.3	0.8	1.3	361000	45506	80	20	-1	-1	4272	1189	420	0	0	1128	0	4	80	100	-1	-1	99	番莲工程师
840	1506	20	11.3	0.8	1.3				-1	-1	-1	4272	1499	420	0	0	1128	0	5	80	100	-1	-1	99	番莲工程师
