植物parentId	植物名(参考)	胜率排名	资质(1为S级资质，2为S级潜力资质，3为A级资质)	
INT	STRING	INT	INT	INT
id	name	rank	quality	winRate
1386	路灯系	1	1	62
181	树桩系	2	1	61
217	末日菇系	3	1	57
253	尾草系	4	1	56
1350	能量豆系	5	1	54
1362	黄桃系	6	1	50
1374	柚子系	7	1	47
1398	音乐系	8	1	44
1410	火焰系	9	1	41
1422	魔术系	10	1	40
193	椰子系	11	1	40
1446	菠萝系	12	1	40
1434	暗影系	13	1	40
1470	花王系	14	1	10
1458	苹果系	15	1	10
1482	毒影系	16	1	10
1494	玫瑰系	17	1	10
145	冰豌豆系	-1	3	10
157	西瓜系	-1	3	10
169	萝卜系	-1	3	37
1	豌豆系	-1	3	36
49	玉米系	-1	3	35
73	喷菇系	-1	3	34
85	榛果系	-1	3	10
229	三叶草系	13	1	39
241	回旋镖系	-1	3	1
97	地刺系	-1	3	10
13	菜问系	-1	3	10
302	电草系	-1	3	10
1265	树苗系	-1	3	10
1277	磁菇系	-1	3	10
1314	菊花系	-1	3	10
1326	咖啡系	14	1	38
1338	魅惑系	-1	3	10
109	仙人掌	-1	3	10
121	坚果系	-1	3	1
25	捕蝇草系	-1	3	10
37	向日葵系	-1	3	10
61	辣椒系	-1	3	10
205	火龙系	-1	1	60
133	炸弹系	-1	3	10
1506	番莲系	18	1	40
