技能ID	技能触发时机	技能目标阵营	技能目标	技能目标扩展	需要的特殊值	技能效果触发概率	技能效果类型	技能效果值	技能产生作用值	技能需要变换攻击动画ID	特殊触发的特殊条件	条件判断参数	特殊触发条件	特殊触发效果	特殊触发值	对应植物					
INT	INT	INT	INT	INT	STRING	STRING	INT	STRING	INT	INT	INT	STRING	INT	INT	STRING	STRING					
id	type	skillcamp	skilltarget	skilltargetex	skillexvalue	probability	effect	effectvalue	addvalue	changattackid	conditions	conditionsvalue	trigger	triggereffect	triggervalue	plantname					
1	3	0	0	0	0	10000	9	"74:5,74"	0	0	2	"300:5,300"	3	32	80	菜本					
2	6	0	0	0	0	10000	9	"74:5,74"	0	0	2	"300:5,300"	3	32	50	菜本					
3	3	0	0	0	0	3000	1	500002	0	0	0	0	3	30	"0:5,74"	樱桃炸弹					
4	6	0	0	0	0	7000	1	500002	0	0	0	0	3	30	"0:5,74"	樱桃炸弹					
5	2	2	23	0	0	10000	2	"120:5,120"	0	0	107					核桃炸弹					
6	1	1	3	10	0	10000	1	500001	0	0			3	30	"0：5,74"	老树桩					
7	1	1	24	0	0	10000	1	500201	0	0						老树桩					
8	8	1	25	0	0	2500	10	150	0	0				30	"114:5,114"	双胞向日葵					
9	5	0	0	0	0	"1000:5,500"	11	20	0	0						三胞向日葵					
10	18	0	0	0	0	10000	12	"74:5,74"	0	0						榛果					
11	8	0	0	0	0	3000	13	1	0	0						榛果					
12	1	1	24	0	0	"2000:5,2000"	1	500202	0	0						开心果					
13	6	0	0	0	0	10000	8	"310:5,310"	0	0						西瓜投手					
14	6	0	0	0	0	10000	1	500005	0	0			3	30	"0:5,25"	西瓜投手					
15	1	1	24	0	0	10000	1	500203	0	0						冰瓜投手					
16	6	0	0	0	0	10000	1	500006	0	0			3	30	"0:5,74"	胆小菇					
17	0	0	0	0	0	10000	15	110	0	0						仙人球					
18	3	0	0	0	0	10000	8	"74:5,74"	0	0						仙人球					
19	3	0	0	0	0	10000	8	"148:5,148"	0	0	1	30				仙人球					
20	6	0	0	0	0	10000	8	"148:5,148"	0	0	1	30				仙人球					
21	11	0	0	0	0	10000	16	"120:5,120"	0	0	5	500006	1	18	"120:5,120"	大喷菇					
22	12	1	24	0	0	10000	1	500007	0	0			3	30	"0:5,300"	末日菇					
26	6	0	0	0	0	10000	8	"320:5,320"	0	0	5	511	2	18	"320:5,320"	炸弹末日菇					
27	6	0	0	0	0	"2000:5,1000"	1	500008	0	0						闪电芦苇					
28	19	2	27	0	0	10000	2	"74:5,74"	0	0	100					雷神草					
29	3	0	0	0	0	10000	8	"150:5,150"	0	0	6	5	3	19	5	小辣椒					
30	6	0	0	0	0	10000	8	"150:5,150"	0	0	6	5	3	19	5	小辣椒					
31	3	0	0	0	0	10000	8	"74:5,74"	0	0	101					小辣椒					
32	6	0	0	0	0	10000	8	"74:5,74"	0	0	101					小辣椒					
33	7	0	0	0	0	5000	1	500009	0	0			3	30	"0:5,74"	蜥蜴草					
34	7	0	0	0	0	8000	1	500010	0	0			3	30	"0:5,25"	蜥蜴草					
35	1	1	24	0	0	10000	1	500204	0	0						回旋镖射手					
36	3	0	0	0	0	10000	8	"310:5,310"	0	0	102					回旋镖射手					
37	6	0	0	0	0	10000	8	"310:5,310"	0	0	102					回旋镖射手					
38	1	1	24	0	0	10000	1	500205	0	0						流星锤大师					
39	3	0	0	0	0	10000	8	"74:5,74"	0	0						流星锤大师					
40	6	0	0	0	0	10000	8	"74:5,74"	0	0						流星锤大师					
41	1	0	0	0	0	10000	20	2	0	0						椰子火箭炮					
42	3	0	0	0	0	10000	8	"148:5,148"	0	0	106	20				椰子火箭炮					
43	3	0	0	0	0	2000	8	"110:5,110"	0	0	3	140105				爆米花投手					
44	13	0	0	0	0	10000	22		0	0						玉米加农炮					
45	3	0	0	0	0	10000	8	"360:5,360"	0	0	7					玉米加农炮					
46	6	0	0	0	0	10000	8	"340:5,340"	0	0	5	9	2	23	3	捕蝇草					
47	14	1	24	0	0	10000	1	500014	0	0			3	30	"0:5,240"	电锯捕蝇草					
48	3	0	0	0	0	10000	1	500011	0	0			3	30	"0:5,150"	钢地刺					
49	6	0	0	0	0	10000	1	500011	0	0			3	30	"0:5,300"	钢地刺					
50	13	0	0	0	0	"1000:5,500"	25		0	0						钻石地刺					
51	2	1	1	0	0	10000	3	"218:5,218"	0	0						萝卜					
52	12	0	0	0	0	10000	26	1	0	0	103	"600:5,600"				人参					
53	6	0	0	0	0	10000	8	"74:5,74"	0	0						四叶草					
54	6	2	26	0	0	10000	27	500006	0	0			3	30	"0:5,350"	四叶草					
55	3	0	0	0	0	10000	8	"4000:5,1000"	0	0	104					风扇草					
56	11	0	0	0	0	10000	16	"180:5,180"	0	0						寒冰射手					
57	6	0	0	0	0	10000	16	"74:5,74"	0	0						寒冰射手					
58	6	0	0	0	0	10000	8	"74:5,74"	0	0	5	9	2	28	2	冰箭射手					
59	15	0	0	0	0	"2000:5,1000"	8	200	0	0	8					狗尾草					
60	1	1	9	0	0	10000	4	"50:5,50"	0	0						狐尾草					
61	3	0	0	0	0	10000	0	0	0	0	105	50			181	双发射手					
62	6	0	0	0	0	10000	0	0	0	0	105	50			181	双发射手					
63	3	0	0	0	0	10000	8	"224:5,224"	0	0	109					机枪射手					
64	16	1	24	0	0	10000	3	"25:5,25"	0	0						高坚果					
65	17	0	0	0	0	10000	29	"500:5,500"	0	0	108	1				全息高坚果					
66	21	0	0	0	0	"3000:5,1500"	1	500206	0	0						电磁菇					
67	1	1	9	0	0	10000	1	500013	0	0			3	30	"0:5,150"	万磁菇					
68	1	1	24	0	0	10000	4	250	0	0						梧桐树					
69	1	1	24	0	0	10000	1	500012	0	0			3	30	"0:5,100"	梧桐树					
70	6	0	0	0	0	10000	4	"-5:40,40"	0	0						柏树					
71	6	2	2	0	0	10000	27	500009	0	0			3	30	"0:5,150"	柏树					
72	1	0	0	0	0	10000	21	113641	0	0	4	5000				机枪射手					
73	3	0	0	0	0	10000	8	"74:5,74"	0	0						爆米花投手					
74	22	0	0	0	0	"2000:5,2000"	31	1	0	0	110	1				金盏花					
75	23	0	0	0	0	"3000:5,1000"	8		0	0	111					黄金菊					
76	14	1	24	0	0	10000	1	500015	0	0			3	30	"0:5,25"	电锯捕蝇草					
77	3	0	0	0	0	10000	8		0	0	112					电锯捕蝇草					
78	6	0	0	0	0	10000	8		0	0	112					电锯捕蝇草					
79	21	0	0	0	0	"4000:5,1500"	1	710002	0	0						魅惑菇					
80	6	0	0	0	0	"4000:5,1500"	1	710003	0	0						魅惑菇					
81	3	0	0	0	0	10000	8	"74:5,74"	0	0	9	0				咖啡豆					
82	6	0	0	0	0	10000	8	"74:5,74"	0	0	9	0				咖啡豆				500000	蟠桃炸弹减攻
79	21	0	0	0	0	"4000:5,1500"	1	710002	0	0						魅惑菇				500001	鬼火加攻击
80	6	0	0	0	0	"4000:5,1500"	1	710003	0	0						魅惑菇				500002	樱桃炸弹辐射
81	3	0	0	0	0	10000	8	"74:5,74"	0	0	9	0				咖啡豆				500003	向日葵加攻击
82	6	0	0	0	0	10000	8	"74:5,74"	0	0	9	0				咖啡豆				500004	向日葵加防御
83	3	0	0	0	0	10000	8	"74:5,74"	0	0	5	711020	1	18	"74:5,74"	激光豆脉冲干扰增伤				500005	西瓜减速
84	3	2	28	0	0	"3000:5,500"	15	2	2	171024						连射				500006	小喷菇中毒
86	1	1	1	0	0	10000	1	711030	0	0			3	30	"74:5,74"	脉冲通用护盾				500007	末日菇加攻击
90	3	0	0	0	0	1000	1	711020	0	0						普通攻击触发普通脉冲干扰				500008	麻痹
91	3	0	0	0	0	2000	1	711021	0	0						普通攻击触发机械脉冲干扰				500009	灼烧龙蛇草
92	3	0	0	0	0	10000	8	"124:5,124"	0	0	114					脉冲普通攻击对机械目标伤害增加				500010	减速火龙草
93	3	0	0	0	0	10000	33	50	0	0	113					上下行选择怪物				500011	钢地刺减防
94	1	1	1	0	0	10000	1	400285	0	0			3	30	"0:5,170"	路灯花全体加防				500012	梧桐树加防御
95	1	1	1	0	0	10000	1	400286	0	0			3	30	"0:5,60"	灯塔花全体加攻				500013	磁极转换
96	1	1	1	0	0	10000	1	400281	0	0			3	30	"0:5,30"	路灯花全体HP恢复				500014	电锯捕蝇草回血
97	1	1	1	0	0	10000	1	400282	0	0			3	30	"0:5,95"	灯塔花全体加暴击				500015	电锯捕蝇草回怒气
98	3	2	0	0	0	10000	4	-10	0	0						魔音甜菜减少能量					
99	3	0	0	0	0	10000	8	"30:5,0"	0	0	115					魔音甜菜提高对僵尸的伤害					
100	26	0	0	0	0	10000	34	"5:5,0"	0	0						DJ喇叭花对僵尸造成额外伤害					
101	19	2	0	0	0	10000	1	500601	0	0					4	红针花普攻增加火种					
102	1	0	0	0	0	10000	35	80	0	0						大招后增加火种并引爆					
103	2	0	0	0	0	10000	36		0	0						死亡时引爆火种					
104	19	2	0	0	0	10000	8	50	0	0	8					伤害减半					
105	24	1	24	0	0	10000	1	500702	0	0						增加自身40%攻击力					
106	1	1	24	0	0	10000	1	600008	0	0						菠萝系自己添加反伤buff					
107	4	0	0	0	0	3300	1	900014	0	0						菠萝系给普攻攻击值添加眩晕buff					
108	27	1	24	0	0	10000	1	900104	0	0						暗影系三阶被动自己加防御					
109	1	1	24	0	0	10000	1	900105	0	0						暗影系二阶被动普攻添加一个目标					
110	15	0	0	0	0	10000	8	0	0	0	10					天赋:攻击额外怒气					
111	1	1	24	0	0	10000	4	0	0	0						天赋:开场自带怒气					
112	6	0	0	0	0	10000	8	0	0	0	10					天赋:大招伤害提升					
113	16	1	24	0	0	10000	38	0	0	0						天赋:每回合有概率多攻击1轮					
114	3	0	0	0	0	10000	8	0	0	0	10					天赋:普攻伤害加成					
115	28	1	24	0	0	10000	8	0	0	0	10					天赋:治疗效果提升					
116	6	0	0	0	0	10000	12	0	0	0						天赋:大招伤害提升(治疗)					
117	22	1	24	0	0	10000	4	0	0	0	116					天赋:收集癖					
118	29	1	24	0	0	10000	8	0	0	0	11					天赋:星星之火					
119	30	0	0	0	0	10000	39	0	0	0						天赋:抵抗效果增强					
120	31	1	24	0	0	10000	1	900106	0	0						天赋:核能灯塔					
121	32	2	30	0	0	10000	1	900107	0	0						天赋:尖刺牢笼					
122	11	0	0	0	0	10000	16	0	0	0	12					天赋:聚焦透镜					
123	33	2	31	0	0	10000	1	900108	0	0	13					天赋:粒子爆炸					
124	7	2	31	0	0	10000	1	900109	0	0					2	花王系大招加buffer					
125	19	2	31	0	0	10000	1	900109	0	0					1	花王系普攻加buffer					
126	1	1	24	0	0	10000	1	900110	0	0						花王系二阶被动:孢子爆发					
127	1	1	24	0	0	10000	1	900111	0	0						花王系三阶被动:粘性孢子					
128	6	1	24	0	0	10000	4	0	0	0	117					苹果迫击炮大招击杀添加额外怒气					
129	19	2	31	0	0	10000	1	900113	0	0						玫瑰系普攻加buff					
130	7	2	31	0	0	10000	1	900113	0	0						玫瑰系大招加buff					
131	4	1	24	0	0	10000	4	100	0	0						玫瑰每损失10%自身血量，则获得20%怒气					
132	16	1	24	0	0	10000	3	8	0	0	118					毒影系被动回复血量					
133	19	2	31	0	0	10000	1	900203	0	0						毒影系被动添加随机debuffer					
																					
134	19	2	31	0	0	10000	40	900301	0	0	120				2	番莲被动攻击两次沉默					
135	19	2	31	0	0	10000	40	900302	0	0	119					番莲被动攻击流血目标恢复怒气					
136	19	2	31	0	0	10000	40	900303	0	0	121				3	番莲被动攻击目标3次必定暴击					
137	28	1	24	0	0	10000	38	900304	0	0						番莲大招多扔出一个齿轮					
