卡牌ID	名字备注（查看用）	转基因ID	阶段编号	废除-品质（2绿3蓝4紫）	废除-元素（0土1火2水3风）	职业（0坦克1输出2辅助）	类别ID	基础血量	基础攻击	基础防御	基础命中	基础闪避	基础暴击	基础韧性	废除-从什么进化得到	废除-进化成什么	废除-进化金额	废除-装备ID1	废除-装备ID2	废除-装备ID3	废除-形态ID	废除-小伙伴加成属性	每波间隔的怒气回复	攻击速度	新老植物判断（0=老植物，1=新植物）
INT	STRING	INT	INT	INT	INT	INT	INT	FLOAT	FLOAT	FLOAT	INT	INT	INT	INT	INT	INT	INT	INT	INT	INT	INT	STRING	INT	INT	INT
id	plantname	dna	quality	colour	nature	profession	parent_id	basehp	baseatk	basedef	hit	dodge	critical	toughness	evo_prevtarget	evo_target	evo_gold	equip1	equip2	equip3	xtid	partnerattr	anger_reply	speed	old_new
1	豌豆射手	1001	1	3	3	1	1	350	155	14	10000	0	1500	0	-1	2	-1	-1	-1	-1	0	20|30|40	75	260	0
2	豌豆射手	1001	2	3	3	1	1	350	155	14	10000	0	1500	0	1	3	-1	-1	-1	-1	0	20|30|40	75	260	0
3	豌豆射手	1001	3	3	3	1	1	350	155	14	10000	0	1500	0	2	4	-1	-1	-1	-1	1	20|30|40	75	260	0
4	豌豆射手	1001	4	3	3	1	1	350	155	14	10000	0	1500	0	3	5	-1	-1	-1	-1	1	20|30|40	75	260	0
5	豌豆射手	1001	5	3	3	1	1	350	155	14	10000	0	1500	0	4	6	-1	-1	-1	-1	1	20|30|40	75	260	0
6	豌豆射手	1001	6	3	3	1	1	350	155	14	10000	0	1500	0	5	7	-1	-1	-1	-1	1	20|30|40	75	260	0
7	豌豆射手	1001	7	3	3	1	1	350	155	14	10000	0	1500	0	6	8	-1	-1	-1	-1	1	20|30|40	75	260	0
8	豌豆射手	1001	8	3	3	1	1	350	155	14	10000	0	1500	0	7	9	-1	-1	-1	-1	2	20|30|40	75	260	0
9	豌豆射手	1001	9	3	3	1	1	350	155	14	10000	0	1500	0	8	10	-1	-1	-1	-1	2	20|30|40	75	260	0
10	豌豆射手	1001	10	3	3	1	1	350	155	14	10000	0	1500	0	9	11	-1	-1	-1	-1	2	20|30|40	75	260	0
11	豌豆射手	1001	11	3	3	1	1	350	155	14	10000	0	1500	0	10	12	-1	-1	-1	-1	2	20|30|40	75	260	0
12	豌豆射手	1001	12	3	3	1	1	350	155	14	10000	0	1500	0	11	-1	-1	-1	-1	-1	2	20|30|40	75	260	0
13	菜本	1013	1	3	3	0	13	660	64	55	8500	500	200	500	-1	14	-1	-1	-1	-1	0	20|30|40	150	245	0
14	菜本	1013	2	3	3	0	13	660	64	55	8500	500	200	500	13	15	-1	-1	-1	-1	0	20|30|40	150	245	0
15	菜本	1013	3	3	3	0	13	660	64	55	8500	500	200	500	14	16	-1	-1	-1	-1	1	20|30|40	150	245	0
16	菜本	1013	4	3	3	0	13	660	64	55	8500	500	200	500	15	17	-1	-1	-1	-1	1	20|30|40	150	245	0
17	菜本	1013	5	3	3	0	13	660	64	55	8500	500	200	500	16	18	-1	-1	-1	-1	1	20|30|40	150	245	0
18	菜本	1013	6	3	3	0	13	660	64	55	8500	500	200	500	17	19	-1	-1	-1	-1	1	20|30|40	150	245	0
19	菜本	1013	7	3	3	0	13	660	64	55	8500	500	200	500	18	20	-1	-1	-1	-1	1	20|30|40	150	245	0
20	菜本	1013	8	3	3	0	13	660	64	55	8500	500	200	500	19	21	-1	-1	-1	-1	2	20|30|40	150	245	0
21	菜本	1013	9	3	3	0	13	660	64	55	8500	500	200	500	20	22	-1	-1	-1	-1	2	20|30|40	150	245	0
22	菜本	1013	10	3	3	0	13	660	64	55	8500	500	200	500	21	23	-1	-1	-1	-1	2	20|30|40	150	245	0
23	菜本	1013	11	3	3	0	13	660	64	55	8500	500	200	500	22	24	-1	-1	-1	-1	2	20|30|40	150	245	0
24	菜本	1013	12	3	3	0	13	660	64	55	8500	500	200	500	23	-1	-1	-1	-1	-1	2	20|30|40	150	245	0
25	拍拍草	1025	1	3	3	0	25	590	49	63	8500	500	200	500	-1	26	-1	-1	-1	-1	0	20|30|40	150	230	0
26	拍拍草	1025	2	3	3	0	25	590	49	63	8500	500	200	500	25	27	-1	-1	-1	-1	0	20|30|40	150	230	0
27	拍拍草	1025	3	3	3	0	25	590	49	63	8500	500	200	500	26	28	-1	-1	-1	-1	1	20|30|40	150	230	0
28	拍拍草	1025	4	3	3	0	25	590	49	63	8500	500	200	500	27	29	-1	-1	-1	-1	1	20|30|40	150	230	0
29	拍拍草	1025	5	3	3	0	25	590	49	63	8500	500	200	500	28	30	-1	-1	-1	-1	1	20|30|40	150	230	0
30	拍拍草	1025	6	3	3	0	25	590	49	63	8500	500	200	500	29	31	-1	-1	-1	-1	1	20|30|40	150	230	0
31	拍拍草	1025	7	3	3	0	25	590	49	63	8500	500	200	500	30	32	-1	-1	-1	-1	1	20|30|40	150	230	0
32	拍拍草	1025	8	3	3	0	25	590	49	63	8500	500	200	500	31	33	-1	-1	-1	-1	2	20|30|40	150	230	0
33	拍拍草	1025	9	3	3	0	25	590	49	63	8500	500	200	500	32	34	-1	-1	-1	-1	2	20|30|40	150	230	0
34	拍拍草	1025	10	3	3	0	25	590	49	63	8500	500	200	500	33	35	-1	-1	-1	-1	2	20|30|40	150	230	0
35	拍拍草	1025	11	3	3	0	25	590	49	63	8500	500	200	500	34	36	-1	-1	-1	-1	2	20|30|40	150	230	0
36	拍拍草	1025	12	3	3	0	25	590	49	63	8500	500	200	500	35	-1	-1	-1	-1	-1	2	20|30|40	150	230	0
37	向日葵	1037	1	3	1	2	37	390	80	29	8800	200	800	200	-1	38	-1	-1	-1	-1	0	20|30|40	100	290	0
38	向日葵	1037	2	3	1	2	37	390	80	29	8800	200	800	200	37	39	-1	-1	-1	-1	0	20|30|40	100	290	0
39	向日葵	1037	3	3	1	2	37	390	80	29	8800	200	800	200	38	40	-1	-1	-1	-1	1	20|30|40	100	290	0
40	向日葵	1037	4	3	1	2	37	390	80	29	8800	200	800	200	39	41	-1	-1	-1	-1	1	20|30|40	100	290	0
41	向日葵	1037	5	3	1	2	37	390	80	29	8800	200	800	200	40	42	-1	-1	-1	-1	1	20|30|40	100	290	0
42	向日葵	1037	6	3	1	2	37	390	80	29	8800	200	800	200	41	43	-1	-1	-1	-1	1	20|30|40	100	290	0
43	向日葵	1037	7	3	1	2	37	390	80	29	8800	200	800	200	42	44	-1	-1	-1	-1	1	20|30|40	100	290	0
44	向日葵	1037	8	3	1	2	37	390	80	29	8800	200	800	200	43	45	-1	-1	-1	-1	2	20|30|40	100	290	0
45	向日葵	1037	9	3	1	2	37	390	80	29	8800	200	800	200	44	46	-1	-1	-1	-1	2	20|30|40	100	290	0
46	向日葵	1037	10	3	1	2	37	390	80	29	8800	200	800	200	45	47	-1	-1	-1	-1	2	20|30|40	100	290	0
47	向日葵	1037	11	3	1	2	37	390	80	29	8800	200	800	200	46	48	-1	-1	-1	-1	2	20|30|40	100	290	0
48	向日葵	1037	12	3	1	2	37	390	80	29	8800	200	800	200	47	-1	-1	-1	-1	-1	2	20|30|40	100	290	0
49	玉米投手	1049	1	3	1	1	49	400	163	20	10000	0	1500	0	-1	50	-1	-1	-1	-1	0	20|30|40	75	215	0
50	玉米投手	1049	2	3	1	1	49	400	163	20	10000	0	1500	0	49	51	-1	-1	-1	-1	0	20|30|40	75	215	0
51	玉米投手	1049	3	3	1	1	49	400	163	20	10000	0	1500	0	50	52	-1	-1	-1	-1	1	20|30|40	75	215	0
52	玉米投手	1049	4	3	1	1	49	400	163	20	10000	0	1500	0	51	53	-1	-1	-1	-1	1	20|30|40	75	215	0
53	玉米投手	1049	5	3	1	1	49	400	163	20	10000	0	1500	0	52	54	-1	-1	-1	-1	1	20|30|40	75	215	0
54	玉米投手	1049	6	3	1	1	49	400	163	20	10000	0	1500	0	53	55	-1	-1	-1	-1	1	20|30|40	75	215	0
55	玉米投手	1049	7	3	1	1	49	400	163	20	10000	0	1500	0	54	56	-1	-1	-1	-1	1	20|30|40	75	215	0
56	玉米投手	1049	8	3	1	1	49	400	163	20	10000	0	1500	0	55	57	-1	-1	-1	-1	2	20|30|40	75	215	0
57	玉米投手	1049	9	3	1	1	49	400	163	20	10000	0	1500	0	56	58	-1	-1	-1	-1	2	20|30|40	75	215	0
58	玉米投手	1049	10	3	1	1	49	400	163	20	10000	0	1500	0	57	59	-1	-1	-1	-1	2	20|30|40	75	215	0
59	玉米投手	1049	11	3	1	1	49	400	163	20	10000	0	1500	0	58	60	-1	-1	-1	-1	2	20|30|40	75	215	0
60	玉米投手	1049	12	3	1	1	49	400	163	20	10000	0	1500	0	59	-1	-1	-1	-1	-1	2	20|30|40	75	215	0
61	小辣椒	1061	1	3	1	1	61	380	147	14	10000	0	1500	0	-1	62	-1	-1	-1	-1	0	20|30|40	75	240	0
62	小辣椒	1061	2	3	1	1	61	380	147	14	10000	0	1500	0	61	63	-1	-1	-1	-1	0	20|30|40	75	240	0
63	小辣椒	1061	3	3	1	1	61	380	147	14	10000	0	1500	0	62	64	-1	-1	-1	-1	1	20|30|40	75	240	0
64	小辣椒	1061	4	3	1	1	61	380	147	14	10000	0	1500	0	63	65	-1	-1	-1	-1	1	20|30|40	75	240	0
65	小辣椒	1061	5	3	1	1	61	380	147	14	10000	0	1500	0	64	66	-1	-1	-1	-1	1	20|30|40	75	240	0
66	小辣椒	1061	6	3	1	1	61	380	147	14	10000	0	1500	0	65	67	-1	-1	-1	-1	1	20|30|40	75	240	0
67	小辣椒	1061	7	3	1	1	61	380	147	14	10000	0	1500	0	66	68	-1	-1	-1	-1	1	20|30|40	75	240	0
68	小辣椒	1061	8	3	1	1	61	380	147	14	10000	0	1500	0	67	69	-1	-1	-1	-1	2	20|30|40	75	240	0
69	小辣椒	1061	9	3	1	1	61	380	147	14	10000	0	1500	0	68	70	-1	-1	-1	-1	2	20|30|40	75	240	0
70	小辣椒	1061	10	3	1	1	61	380	147	14	10000	0	1500	0	69	71	-1	-1	-1	-1	2	20|30|40	75	240	0
71	小辣椒	1061	11	3	1	1	61	380	147	14	10000	0	1500	0	70	72	-1	-1	-1	-1	2	20|30|40	75	240	0
72	小辣椒	1061	12	3	1	1	61	380	147	14	10000	0	1500	0	71	-1	-1	-1	-1	-1	2	20|30|40	75	240	0
73	小喷菇	1073	1	3	2	1	73	370	142	23	10000	0	1500	0	-1	74	-1	-1	-1	-1	0	20|30|40	75	230	0
74	小喷菇	1073	2	3	2	1	73	370	142	23	10000	0	1500	0	73	75	-1	-1	-1	-1	0	20|30|40	75	230	0
75	小喷菇	1073	3	3	2	1	73	370	142	23	10000	0	1500	0	74	76	-1	-1	-1	-1	1	20|30|40	75	230	0
76	小喷菇	1073	4	3	2	1	73	370	142	23	10000	0	1500	0	75	77	-1	-1	-1	-1	1	20|30|40	75	230	0
77	小喷菇	1073	5	3	2	1	73	370	142	23	10000	0	1500	0	76	78	-1	-1	-1	-1	1	20|30|40	75	230	0
78	小喷菇	1073	6	3	2	1	73	370	142	23	10000	0	1500	0	77	79	-1	-1	-1	-1	1	20|30|40	75	230	0
79	小喷菇	1073	7	3	2	1	73	370	142	23	10000	0	1500	0	78	80	-1	-1	-1	-1	1	20|30|40	75	230	0
80	小喷菇	1073	8	3	2	1	73	370	142	23	10000	0	1500	0	79	81	-1	-1	-1	-1	2	20|30|40	75	230	0
81	小喷菇	1073	9	3	2	1	73	370	142	23	10000	0	1500	0	80	82	-1	-1	-1	-1	2	20|30|40	75	230	0
82	小喷菇	1073	10	3	2	1	73	370	142	23	10000	0	1500	0	81	83	-1	-1	-1	-1	2	20|30|40	75	230	0
83	小喷菇	1073	11	3	2	1	73	370	142	23	10000	0	1500	0	82	84	-1	-1	-1	-1	2	20|30|40	75	230	0
84	小喷菇	1073	12	3	2	1	73	370	142	23	10000	0	1500	0	83	-1	-1	-1	-1	-1	2	20|30|40	75	230	0
85	开心果	1085	1	3	0	2	85	380	93	17	8800	200	800	200	-1	86	-1	-1	-1	-1	0	20|30|40	100	280	0
86	开心果	1085	2	3	0	2	85	380	93	17	8800	200	800	200	85	87	-1	-1	-1	-1	0	20|30|40	100	280	0
87	开心果	1085	3	3	0	2	85	380	93	17	8800	200	800	200	86	88	-1	-1	-1	-1	1	20|30|40	100	280	0
88	开心果	1085	4	3	0	2	85	380	93	17	8800	200	800	200	87	89	-1	-1	-1	-1	1	20|30|40	100	280	0
89	开心果	1085	5	3	0	2	85	380	93	17	8800	200	800	200	88	90	-1	-1	-1	-1	1	20|30|40	100	280	0
90	开心果	1085	6	3	0	2	85	380	93	17	8800	200	800	200	89	91	-1	-1	-1	-1	1	20|30|40	100	280	0
91	开心果	1085	7	3	0	2	85	380	93	17	8800	200	800	200	90	92	-1	-1	-1	-1	1	20|30|40	100	280	0
92	开心果	1085	8	3	0	2	85	380	93	17	8800	200	800	200	91	93	-1	-1	-1	-1	2	20|30|40	100	280	0
93	开心果	1085	9	3	0	2	85	380	93	17	8800	200	800	200	92	94	-1	-1	-1	-1	2	20|30|40	100	280	0
94	开心果	1085	10	3	0	2	85	380	93	17	8800	200	800	200	93	95	-1	-1	-1	-1	2	20|30|40	100	280	0
95	开心果	1085	11	3	0	2	85	380	93	17	8800	200	800	200	94	96	-1	-1	-1	-1	2	20|30|40	100	280	0
96	开心果	1085	12	3	0	2	85	380	93	17	8800	200	800	200	95	-1	-1	-1	-1	-1	2	20|30|40	100	280	0
97	地刺	1097	1	3	0	0	97	610	46	60	8500	500	200	500	-1	98	-1	-1	-1	-1	0	20|30|40	150	240	0
98	地刺	1097	2	3	0	0	97	610	46	60	8500	500	200	500	97	99	-1	-1	-1	-1	0	20|30|40	150	240	0
99	地刺	1097	3	3	0	0	97	610	46	60	8500	500	200	500	98	100	-1	-1	-1	-1	1	20|30|40	150	240	0
100	地刺	1097	4	3	0	0	97	610	46	60	8500	500	200	500	99	101	-1	-1	-1	-1	1	20|30|40	150	240	0
101	地刺	1097	5	3	0	0	97	610	46	60	8500	500	200	500	100	102	-1	-1	-1	-1	1	20|30|40	150	240	0
102	地刺	1097	6	3	0	0	97	610	46	60	8500	500	200	500	101	103	-1	-1	-1	-1	1	20|30|40	150	240	0
103	地刺	1097	7	3	0	0	97	610	46	60	8500	500	200	500	102	104	-1	-1	-1	-1	1	20|30|40	150	240	0
104	地刺	1097	8	3	0	0	97	610	46	60	8500	500	200	500	103	105	-1	-1	-1	-1	2	20|30|40	150	240	0
105	地刺	1097	9	3	0	0	97	610	46	60	8500	500	200	500	104	106	-1	-1	-1	-1	2	20|30|40	150	240	0
106	地刺	1097	10	3	0	0	97	610	46	60	8500	500	200	500	105	107	-1	-1	-1	-1	2	20|30|40	150	240	0
107	地刺	1097	11	3	0	0	97	610	46	60	8500	500	200	500	106	108	-1	-1	-1	-1	2	20|30|40	150	240	0
108	地刺	1097	12	3	0	0	97	610	46	60	8500	500	200	500	107	-1	-1	-1	-1	-1	2	20|30|40	150	240	0
109	仙人球	1109	1	3	0	1	109	400	165	17	10000	0	1500	0	-1	110	-1	-1	-1	-1	0	20|30|40	75	255	0
110	仙人球	1109	2	3	0	1	109	400	165	17	10000	0	1500	0	109	111	-1	-1	-1	-1	0	20|30|40	75	255	0
111	仙人球	1109	3	3	0	1	109	400	165	17	10000	0	1500	0	110	112	-1	-1	-1	-1	1	20|30|40	75	255	0
112	仙人球	1109	4	3	0	1	109	400	165	17	10000	0	1500	0	111	113	-1	-1	-1	-1	1	20|30|40	75	255	0
113	仙人球	1109	5	3	0	1	109	400	165	17	10000	0	1500	0	112	114	-1	-1	-1	-1	1	20|30|40	75	255	0
114	仙人球	1109	6	3	0	1	109	400	165	17	10000	0	1500	0	113	115	-1	-1	-1	-1	1	20|30|40	75	255	0
115	仙人球	1109	7	3	0	1	109	400	165	17	10000	0	1500	0	114	116	-1	-1	-1	-1	1	20|30|40	75	255	0
116	仙人球	1109	8	3	0	1	109	400	165	17	10000	0	1500	0	115	117	-1	-1	-1	-1	2	20|30|40	75	255	0
117	仙人球	1109	9	3	0	1	109	400	165	17	10000	0	1500	0	116	118	-1	-1	-1	-1	2	20|30|40	75	255	0
118	仙人球	1109	10	3	0	1	109	400	165	17	10000	0	1500	0	117	119	-1	-1	-1	-1	2	20|30|40	75	255	0
119	仙人球	1109	11	3	0	1	109	400	165	17	10000	0	1500	0	118	120	-1	-1	-1	-1	2	20|30|40	75	255	0
120	仙人球	1109	12	3	0	1	109	400	165	17	10000	0	1500	0	119	-1	-1	-1	-1	-1	2	20|30|40	75	255	0
121	坚果	1121	1	3	0	0	121	650	44	52	8500	500	200	500	-1	122	-1	-1	-1	-1	0	20|30|40	150	235	0
122	坚果	1121	2	3	0	0	121	650	44	52	8500	500	200	500	121	123	-1	-1	-1	-1	0	20|30|40	150	235	0
123	坚果	1121	3	3	0	0	121	650	44	52	8500	500	200	500	122	124	-1	-1	-1	-1	1	20|30|40	150	235	0
124	坚果	1121	4	3	0	0	121	650	44	52	8500	500	200	500	123	125	-1	-1	-1	-1	1	20|30|40	150	235	0
125	坚果	1121	5	3	0	0	121	650	44	52	8500	500	200	500	124	126	-1	-1	-1	-1	1	20|30|40	150	235	0
126	坚果	1121	6	3	0	0	121	650	44	52	8500	500	200	500	125	127	-1	-1	-1	-1	1	20|30|40	150	235	0
127	坚果	1121	7	3	0	0	121	650	44	52	8500	500	200	500	126	128	-1	-1	-1	-1	1	20|30|40	150	235	0
128	坚果	1121	8	3	0	0	121	650	44	52	8500	500	200	500	127	129	-1	-1	-1	-1	2	20|30|40	150	235	0
129	坚果	1121	9	3	0	0	121	650	44	52	8500	500	200	500	128	130	-1	-1	-1	-1	2	20|30|40	150	235	0
130	坚果	1121	10	3	0	0	121	650	44	52	8500	500	200	500	129	131	-1	-1	-1	-1	2	20|30|40	150	235	0
131	坚果	1121	11	3	0	0	121	650	44	52	8500	500	200	500	130	132	-1	-1	-1	-1	2	20|30|40	150	235	0
132	坚果	1121	12	3	0	0	121	650	44	52	8500	500	200	500	131	-1	-1	-1	-1	-1	2	20|30|40	150	235	0
133	樱桃炸弹	1133	1	3	1	0	133	680	46	69	8500	500	200	500	-1	134	-1	-1	-1	-1	0	20|30|40	150	225	0
134	樱桃炸弹	1133	2	3	1	0	133	680	46	69	8500	500	200	500	133	135	-1	-1	-1	-1	0	20|30|40	150	225	0
135	樱桃炸弹	1133	3	3	1	0	133	680	46	69	8500	500	200	500	134	136	-1	-1	-1	-1	1	20|30|40	150	225	0
136	樱桃炸弹	1133	4	3	1	0	133	680	46	69	8500	500	200	500	135	137	-1	-1	-1	-1	1	20|30|40	150	225	0
137	樱桃炸弹	1133	5	3	1	0	133	680	46	69	8500	500	200	500	136	138	-1	-1	-1	-1	1	20|30|40	150	225	0
138	樱桃炸弹	1133	6	3	1	0	133	680	46	69	8500	500	200	500	137	139	-1	-1	-1	-1	1	20|30|40	150	225	0
139	樱桃炸弹	1133	7	3	1	0	133	680	46	69	8500	500	200	500	138	140	-1	-1	-1	-1	1	20|30|40	150	225	0
140	樱桃炸弹	1133	8	3	1	0	133	680	46	69	8500	500	200	500	139	141	-1	-1	-1	-1	2	20|30|40	150	225	0
141	樱桃炸弹	1133	9	3	1	0	133	680	46	69	8500	500	200	500	140	142	-1	-1	-1	-1	2	20|30|40	150	225	0
142	樱桃炸弹	1133	10	3	1	0	133	680	46	69	8500	500	200	500	141	143	-1	-1	-1	-1	2	20|30|40	150	225	0
143	樱桃炸弹	1133	11	3	1	0	133	680	46	69	8500	500	200	500	142	144	-1	-1	-1	-1	2	20|30|40	150	225	0
144	樱桃炸弹	1133	12	3	1	0	133	680	46	69	8500	500	200	500	143	-1	-1	-1	-1	-1	2	20|30|40	150	225	0
145	水滴射手	1145	1	3	2	1	145	390	137	23	10000	0	1500	0	-1	146	-1	-1	-1	-1	0	20|30|40	75	245	0
146	水滴射手	1145	2	3	2	1	145	390	137	23	10000	0	1500	0	145	147	-1	-1	-1	-1	0	20|30|40	75	245	0
147	水滴射手	1145	3	3	2	1	145	390	137	23	10000	0	1500	0	146	148	-1	-1	-1	-1	1	20|30|40	75	245	0
148	水滴射手	1145	4	3	2	1	145	390	137	23	10000	0	1500	0	147	149	-1	-1	-1	-1	1	20|30|40	75	245	0
149	水滴射手	1145	5	3	2	1	145	390	137	23	10000	0	1500	0	148	150	-1	-1	-1	-1	1	20|30|40	75	245	0
150	水滴射手	1145	6	3	2	1	145	390	137	23	10000	0	1500	0	149	151	-1	-1	-1	-1	1	20|30|40	75	245	0
151	水滴射手	1145	7	3	2	1	145	390	137	23	10000	0	1500	0	150	152	-1	-1	-1	-1	1	20|30|40	75	245	0
152	水滴射手	1145	8	3	2	1	145	390	137	23	10000	0	1500	0	151	153	-1	-1	-1	-1	2	20|30|40	75	245	0
153	水滴射手	1145	9	3	2	1	145	390	137	23	10000	0	1500	0	152	154	-1	-1	-1	-1	2	20|30|40	75	245	0
154	水滴射手	1145	10	3	2	1	145	390	137	23	10000	0	1500	0	153	155	-1	-1	-1	-1	2	20|30|40	75	245	0
155	水滴射手	1145	11	3	2	1	145	390	137	23	10000	0	1500	0	154	156	-1	-1	-1	-1	2	20|30|40	75	245	0
156	水滴射手	1145	12	3	2	1	145	390	137	23	10000	0	1500	0	155	-1	-1	-1	-1	-1	2	20|30|40	75	245	0
157	瓜瓣投手	1157	1	3	2	1	157	420	157	20	10000	0	1500	0	-1	158	-1	-1	-1	-1	0	20|30|40	75	220	0
158	瓜瓣投手	1157	2	3	2	1	157	420	157	20	10000	0	1500	0	157	159	-1	-1	-1	-1	0	20|30|40	75	220	0
159	瓜瓣投手	1157	3	3	2	1	157	420	157	20	10000	0	1500	0	158	160	-1	-1	-1	-1	1	20|30|40	75	220	0
160	瓜瓣投手	1157	4	3	2	1	157	420	157	20	10000	0	1500	0	159	161	-1	-1	-1	-1	1	20|30|40	75	220	0
161	瓜瓣投手	1157	5	3	2	1	157	420	157	20	10000	0	1500	0	160	162	-1	-1	-1	-1	1	20|30|40	75	220	0
162	瓜瓣投手	1157	6	3	2	1	157	420	157	20	10000	0	1500	0	161	163	-1	-1	-1	-1	1	20|30|40	75	220	0
163	瓜瓣投手	1157	7	3	2	1	157	420	157	20	10000	0	1500	0	162	164	-1	-1	-1	-1	1	20|30|40	75	220	0
164	瓜瓣投手	1157	8	3	2	1	157	420	157	20	10000	0	1500	0	163	165	-1	-1	-1	-1	2	20|30|40	75	220	0
165	瓜瓣投手	1157	9	3	2	1	157	420	157	20	10000	0	1500	0	164	166	-1	-1	-1	-1	2	20|30|40	75	220	0
166	瓜瓣投手	1157	10	3	2	1	157	420	157	20	10000	0	1500	0	165	167	-1	-1	-1	-1	2	20|30|40	75	220	0
167	瓜瓣投手	1157	11	3	2	1	157	420	157	20	10000	0	1500	0	166	168	-1	-1	-1	-1	2	20|30|40	75	220	0
168	瓜瓣投手	1157	12	3	2	1	157	420	157	20	10000	0	1500	0	167	-1	-1	-1	-1	-1	2	20|30|40	75	220	0
169	小萝卜	1169	1	3	2	2	169	420	124	29	8800	200	800	200	-1	170	-1	-1	-1	-1	0	20|30|40	100	280	0
170	小萝卜	1169	2	3	2	2	169	420	124	29	8800	200	800	200	169	171	-1	-1	-1	-1	0	20|30|40	100	280	0
171	小萝卜	1169	3	3	2	2	169	420	124	29	8800	200	800	200	170	172	-1	-1	-1	-1	1	20|30|40	100	280	0
172	小萝卜	1169	4	3	2	2	169	420	124	29	8800	200	800	200	171	173	-1	-1	-1	-1	1	20|30|40	100	280	0
173	小萝卜	1169	5	3	2	2	169	420	124	29	8800	200	800	200	172	174	-1	-1	-1	-1	1	20|30|40	100	280	0
174	小萝卜	1169	6	3	2	2	169	420	124	29	8800	200	800	200	173	175	-1	-1	-1	-1	1	20|30|40	100	280	0
175	小萝卜	1169	7	3	2	2	169	420	124	29	8800	200	800	200	174	176	-1	-1	-1	-1	1	20|30|40	100	280	0
176	小萝卜	1169	8	3	2	2	169	420	124	29	8800	200	800	200	175	177	-1	-1	-1	-1	2	20|30|40	100	280	0
177	小萝卜	1169	9	3	2	2	169	420	124	29	8800	200	800	200	176	178	-1	-1	-1	-1	2	20|30|40	100	280	0
178	小萝卜	1169	10	3	2	2	169	420	124	29	8800	200	800	200	177	179	-1	-1	-1	-1	2	20|30|40	100	280	0
179	小萝卜	1169	11	3	2	2	169	420	124	29	8800	200	800	200	178	180	-1	-1	-1	-1	2	20|30|40	100	280	0
180	小萝卜	1169	12	3	2	2	169	420	124	29	8800	200	800	200	179	-1	-1	-1	-1	-1	2	20|30|40	100	280	0
181	老树桩	1181	1	3	0	0	181	670	41	78	8500	500	200	500	-1	182	-1	-1	-1	-1	0	20|30|40	150	215	0
182	老树桩	1181	2	3	0	0	181	670	41	78	8500	500	200	500	181	183	-1	-1	-1	-1	0	20|30|40	150	215	0
183	老树桩	1181	3	3	0	0	181	670	41	78	8500	500	200	500	182	184	-1	-1	-1	-1	1	20|30|40	150	215	0
184	老树桩	1181	4	3	0	0	181	670	41	78	8500	500	200	500	183	185	-1	-1	-1	-1	1	20|30|40	150	215	0
185	老树桩	1181	5	3	0	0	181	670	41	78	8500	500	200	500	184	186	-1	-1	-1	-1	1	20|30|40	150	215	0
186	老树桩	1181	6	3	0	0	181	670	41	78	8500	500	200	500	185	187	-1	-1	-1	-1	1	20|30|40	150	215	0
187	老树桩	1181	7	3	0	0	181	670	41	78	8500	500	200	500	186	188	-1	-1	-1	-1	1	20|30|40	150	215	0
188	老树桩	1181	8	3	0	0	181	670	41	78	8500	500	200	500	187	189	-1	-1	-1	-1	2	20|30|40	150	215	0
189	老树桩	1181	9	3	0	0	181	670	41	78	8500	500	200	500	188	190	-1	-1	-1	-1	2	20|30|40	150	215	0
190	老树桩	1181	10	3	0	0	181	670	41	78	8500	500	200	500	189	191	-1	-1	-1	-1	2	20|30|40	150	215	0
191	老树桩	1181	11	3	0	0	181	670	41	78	8500	500	200	500	190	192	-1	-1	-1	-1	2	20|30|40	150	215	0
192	老树桩	1181	12	3	0	0	181	670	41	78	8500	500	200	500	191	-1	-1	-1	-1	-1	2	20|30|40	150	215	0
193	椰子狙击手	1193	1	3	3	1	193	400	168	14	10000	0	1500	0	-1	194	-1	-1	-1	-1	0	20|30|40	75	245	0
194	椰子狙击手	1193	2	3	3	1	193	400	168	14	10000	0	1500	0	193	195	-1	-1	-1	-1	0	20|30|40	75	245	0
195	椰子狙击手	1193	3	3	3	1	193	400	168	14	10000	0	1500	0	194	196	-1	-1	-1	-1	1	20|30|40	75	245	0
196	椰子狙击手	1193	4	3	3	1	193	400	168	14	10000	0	1500	0	195	197	-1	-1	-1	-1	1	20|30|40	75	245	0
197	椰子狙击手	1193	5	3	3	1	193	400	168	14	10000	0	1500	0	196	198	-1	-1	-1	-1	1	20|30|40	75	245	0
198	椰子狙击手	1193	6	3	3	1	193	400	168	14	10000	0	1500	0	197	199	-1	-1	-1	-1	1	20|30|40	75	245	0
199	椰子狙击手	1193	7	3	3	1	193	400	168	14	10000	0	1500	0	198	200	-1	-1	-1	-1	1	20|30|40	75	245	0
200	椰子狙击手	1193	8	3	3	1	193	400	168	14	10000	0	1500	0	199	201	-1	-1	-1	-1	2	20|30|40	75	245	0
201	椰子狙击手	1193	9	3	3	1	193	400	168	14	10000	0	1500	0	200	202	-1	-1	-1	-1	2	20|30|40	75	245	0
202	椰子狙击手	1193	10	3	3	1	193	400	168	14	10000	0	1500	0	201	203	-1	-1	-1	-1	2	20|30|40	75	245	0
203	椰子狙击手	1193	11	3	3	1	193	400	168	14	10000	0	1500	0	202	204	-1	-1	-1	-1	2	20|30|40	75	245	0
204	椰子狙击手	1193	12	3	3	1	193	400	168	14	10000	0	1500	0	203	-1	-1	-1	-1	-1	2	20|30|40	75	245	0
205	蜥蜴草	1205	1	3	1	1	205	420	157	20	10000	0	1500	0	-1	206	-1	-1	-1	-1	0	20|30|40	75	235	0
206	蜥蜴草	1205	2	3	1	1	205	420	157	20	10000	0	1500	0	205	207	-1	-1	-1	-1	0	20|30|40	75	235	0
207	蜥蜴草	1205	3	3	1	1	205	420	157	20	10000	0	1500	0	206	208	-1	-1	-1	-1	1	20|30|40	75	235	0
208	蜥蜴草	1205	4	3	1	1	205	420	157	20	10000	0	1500	0	207	209	-1	-1	-1	-1	1	20|30|40	75	235	0
209	蜥蜴草	1205	5	3	1	1	205	420	157	20	10000	0	1500	0	208	210	-1	-1	-1	-1	1	20|30|40	75	235	0
210	蜥蜴草	1205	6	3	1	1	205	420	157	20	10000	0	1500	0	209	211	-1	-1	-1	-1	1	20|30|40	75	235	0
211	蜥蜴草	1205	7	3	1	1	205	420	157	20	10000	0	1500	0	210	212	-1	-1	-1	-1	1	20|30|40	75	235	0
212	蜥蜴草	1205	8	3	1	1	205	420	157	20	10000	0	1500	0	211	213	-1	-1	-1	-1	2	20|30|40	75	235	0
213	蜥蜴草	1205	9	3	1	1	205	420	157	20	10000	0	1500	0	212	214	-1	-1	-1	-1	2	20|30|40	75	235	0
214	蜥蜴草	1205	10	3	1	1	205	420	157	20	10000	0	1500	0	213	215	-1	-1	-1	-1	2	20|30|40	75	235	0
215	蜥蜴草	1205	11	3	1	1	205	420	157	20	10000	0	1500	0	214	216	-1	-1	-1	-1	2	20|30|40	75	235	0
216	蜥蜴草	1205	12	3	1	1	205	420	157	20	10000	0	1500	0	215	-1	-1	-1	-1	-1	2	20|30|40	75	235	0
217	暴躁菇	1217	1	3	2	1	217	400	170	12	10000	0	1500	0	-1	218	-1	-1	-1	-1	0	20|30|40	75	225	0
218	暴躁菇	1217	2	3	2	1	217	400	170	12	10000	0	1500	0	217	219	-1	-1	-1	-1	0	20|30|40	75	225	0
219	暴躁菇	1217	3	3	2	1	217	400	170	12	10000	0	1500	0	218	220	-1	-1	-1	-1	1	20|30|40	75	225	0
220	暴躁菇	1217	4	3	2	1	217	400	170	12	10000	0	1500	0	219	221	-1	-1	-1	-1	1	20|30|40	75	225	0
221	暴躁菇	1217	5	3	2	1	217	400	170	12	10000	0	1500	0	220	222	-1	-1	-1	-1	1	20|30|40	75	225	0
222	暴躁菇	1217	6	3	2	1	217	400	170	12	10000	0	1500	0	221	223	-1	-1	-1	-1	1	20|30|40	75	225	0
223	暴躁菇	1217	7	3	2	1	217	400	170	12	10000	0	1500	0	222	224	-1	-1	-1	-1	1	20|30|40	75	225	0
224	暴躁菇	1217	8	3	2	1	217	400	170	12	10000	0	1500	0	223	225	-1	-1	-1	-1	2	20|30|40	75	225	0
225	暴躁菇	1217	9	3	2	1	217	400	170	12	10000	0	1500	0	224	226	-1	-1	-1	-1	2	20|30|40	75	225	0
226	暴躁菇	1217	10	3	2	1	217	400	170	12	10000	0	1500	0	225	227	-1	-1	-1	-1	2	20|30|40	75	225	0
227	暴躁菇	1217	11	3	2	1	217	400	170	12	10000	0	1500	0	226	228	-1	-1	-1	-1	2	20|30|40	75	225	0
228	暴躁菇	1217	12	3	2	1	217	400	170	12	10000	0	1500	0	227	-1	-1	-1	-1	-1	2	20|30|40	75	225	0
229	三叶草	1229	1	3	2	1	229	420	160	17	10000	0	1500	0	-1	230	-1	-1	-1	-1	0	20|30|40	75	265	0
230	三叶草	1229	2	3	2	1	229	420	160	17	10000	0	1500	0	229	231	-1	-1	-1	-1	0	20|30|40	75	265	0
231	三叶草	1229	3	3	2	1	229	420	160	17	10000	0	1500	0	230	232	-1	-1	-1	-1	1	20|30|40	75	265	0
232	三叶草	1229	4	3	2	1	229	420	160	17	10000	0	1500	0	231	233	-1	-1	-1	-1	1	20|30|40	75	265	0
233	三叶草	1229	5	3	2	1	229	420	160	17	10000	0	1500	0	232	234	-1	-1	-1	-1	1	20|30|40	75	265	0
234	三叶草	1229	6	3	2	1	229	420	160	17	10000	0	1500	0	233	235	-1	-1	-1	-1	1	20|30|40	75	265	0
235	三叶草	1229	7	3	2	1	229	420	160	17	10000	0	1500	0	234	236	-1	-1	-1	-1	1	20|30|40	75	265	0
236	三叶草	1229	8	3	2	1	229	420	160	17	10000	0	1500	0	235	237	-1	-1	-1	-1	2	20|30|40	75	265	0
237	三叶草	1229	9	3	2	1	229	420	160	17	10000	0	1500	0	236	238	-1	-1	-1	-1	2	20|30|40	75	265	0
238	三叶草	1229	10	3	2	1	229	420	160	17	10000	0	1500	0	237	239	-1	-1	-1	-1	2	20|30|40	75	265	0
239	三叶草	1229	11	3	2	1	229	420	160	17	10000	0	1500	0	238	240	-1	-1	-1	-1	2	20|30|40	75	265	0
240	三叶草	1229	12	3	2	1	229	420	160	17	10000	0	1500	0	239	-1	-1	-1	-1	-1	2	20|30|40	75	265	0
241	飞盘射手	1241	1	3	3	1	241	410	155	26	10000	0	1500	0	-1	242	-1	-1	-1	-1	0	20|30|40	75	220	0
242	飞盘射手	1241	2	3	3	1	241	410	155	26	10000	0	1500	0	241	243	-1	-1	-1	-1	0	20|30|40	75	220	0
243	飞盘射手	1241	3	3	3	1	241	410	155	26	10000	0	1500	0	242	244	-1	-1	-1	-1	1	20|30|40	75	220	0
244	飞盘射手	1241	4	3	3	1	241	410	155	26	10000	0	1500	0	243	245	-1	-1	-1	-1	1	20|30|40	75	220	0
245	飞盘射手	1241	5	3	3	1	241	410	155	26	10000	0	1500	0	244	246	-1	-1	-1	-1	1	20|30|40	75	220	0
246	飞盘射手	1241	6	3	3	1	241	410	155	26	10000	0	1500	0	245	247	-1	-1	-1	-1	1	20|30|40	75	220	0
247	飞盘射手	1241	7	3	3	1	241	410	155	26	10000	0	1500	0	246	248	-1	-1	-1	-1	1	20|30|40	75	220	0
248	飞盘射手	1241	8	3	3	1	241	410	155	26	10000	0	1500	0	247	249	-1	-1	-1	-1	2	20|30|40	75	220	0
249	飞盘射手	1241	9	3	3	1	241	410	155	26	10000	0	1500	0	248	250	-1	-1	-1	-1	2	20|30|40	75	220	0
250	飞盘射手	1241	10	3	3	1	241	410	155	26	10000	0	1500	0	249	251	-1	-1	-1	-1	2	20|30|40	75	220	0
251	飞盘射手	1241	11	3	3	1	241	410	155	26	10000	0	1500	0	250	252	-1	-1	-1	-1	2	20|30|40	75	220	0
252	飞盘射手	1241	12	3	3	1	241	410	155	26	10000	0	1500	0	251	-1	-1	-1	-1	-1	2	20|30|40	75	220	0
253	猫尾草	1253	1	3	0	1	253	360	152	14	10000	0	1500	0	-1	254	-1	-1	-1	-1	0	20|30|40	75	275	0
254	猫尾草	1253	2	3	0	1	253	360	152	14	10000	0	1500	0	253	255	-1	-1	-1	-1	0	20|30|40	75	275	0
255	猫尾草	1253	3	3	0	1	253	360	152	14	10000	0	1500	0	254	256	-1	-1	-1	-1	1	20|30|40	75	275	0
256	猫尾草	1253	4	3	0	1	253	360	152	14	10000	0	1500	0	255	257	-1	-1	-1	-1	1	20|30|40	75	275	0
257	猫尾草	1253	5	3	0	1	253	360	152	14	10000	0	1500	0	256	258	-1	-1	-1	-1	1	20|30|40	75	275	0
258	猫尾草	1253	6	3	0	1	253	360	152	14	10000	0	1500	0	257	259	-1	-1	-1	-1	1	20|30|40	75	275	0
259	猫尾草	1253	7	3	0	1	253	360	152	14	10000	0	1500	0	258	260	-1	-1	-1	-1	1	20|30|40	75	275	0
260	猫尾草	1253	8	3	0	1	253	360	152	14	10000	0	1500	0	259	261	-1	-1	-1	-1	2	20|30|40	75	275	0
261	猫尾草	1253	9	3	0	1	253	360	152	14	10000	0	1500	0	260	262	-1	-1	-1	-1	2	20|30|40	75	275	0
262	猫尾草	1253	10	3	0	1	253	360	152	14	10000	0	1500	0	261	263	-1	-1	-1	-1	2	20|30|40	75	275	0
263	猫尾草	1253	11	3	0	1	253	360	152	14	10000	0	1500	0	262	264	-1	-1	-1	-1	2	20|30|40	75	275	0
264	猫尾草	1253	12	3	0	1	253	360	152	14	10000	0	1500	0	263	-1	-1	-1	-1	-1	2	20|30|40	75	275	0
302	闪电芦苇	1302	1	3	3	1	302	420	193	23	10000	0	1500	0	-1	303	-1	-1	-1	-1	0	20|30|40	75	275	0
303	闪电芦苇	1302	2	3	3	1	302	420	193	23	10000	0	1500	0	302	304	-1	-1	-1	-1	0	20|30|40	75	275	0
304	闪电芦苇	1302	3	3	3	1	302	420	193	23	10000	0	1500	0	303	305	-1	-1	-1	-1	1	20|30|40	75	275	0
305	闪电芦苇	1302	4	3	3	1	302	420	193	23	10000	0	1500	0	304	306	-1	-1	-1	-1	1	20|30|40	75	275	0
306	闪电芦苇	1302	5	3	3	1	302	420	193	23	10000	0	1500	0	305	307	-1	-1	-1	-1	1	20|30|40	75	275	0
307	闪电芦苇	1302	6	3	3	1	302	420	193	23	10000	0	1500	0	306	308	-1	-1	-1	-1	1	20|30|40	75	275	0
308	闪电芦苇	1302	7	3	3	1	302	420	193	23	10000	0	1500	0	307	309	-1	-1	-1	-1	1	20|30|40	75	275	0
309	闪电芦苇	1302	8	3	3	1	302	420	193	23	10000	0	1500	0	308	310	-1	-1	-1	-1	2	20|30|40	75	275	0
310	闪电芦苇	1302	9	3	3	1	302	420	193	23	10000	0	1500	0	309	311	-1	-1	-1	-1	2	20|30|40	75	275	0
311	闪电芦苇	1302	10	3	3	1	302	420	193	23	10000	0	1500	0	310	312	-1	-1	-1	-1	2	20|30|40	75	275	0
312	闪电芦苇	1302	11	3	3	1	302	420	193	23	10000	0	1500	0	311	313	-1	-1	-1	-1	2	20|30|40	75	275	0
313	闪电芦苇	1302	12	3	3	1	302	420	193	23	10000	0	1500	0	312	-1	-1	-1	-1	-1	2	20|30|40	75	275	0
1001	豌豆射手		1	3	3	1	1	350	155	14	10000	0	1500	0	-1	1002	-1	-1	-1	-1	0	20|30|40	75	260	1
1002	豌豆射手	1001	2	3	3	1	1	350	155	14	10000	0	1500	0	1001	1003	-1	-1	-1	-1	0	20|30|40	75	260	1
1003	豌豆射手	1001	3	3	3	1	1	350	155	14	10000	0	1500	0	1002	1004	-1	-1	-1	-1	1	20|30|40	75	260	1
1004	豌豆射手	1001	4	3	3	1	1	350	155	14	10000	0	1500	0	1003	1005	-1	-1	-1	-1	1	20|30|40	75	260	1
1005	豌豆射手	1001	5	3	3	1	1	350	155	14	10000	0	1500	0	1004	1006	-1	-1	-1	-1	1	20|30|40	75	260	1
1006	豌豆射手	1001	6	3	3	1	1	350	155	14	10000	0	1500	0	1005	1007	-1	-1	-1	-1	1	20|30|40	75	260	1
1007	豌豆射手	1001	7	3	3	1	1	350	155	14	10000	0	1500	0	1006	1008	-1	-1	-1	-1	1	20|30|40	75	260	1
1008	豌豆射手	1001	8	3	3	1	1	350	155	14	10000	0	1500	0	1007	1009	-1	-1	-1	-1	2	20|30|40	75	260	1
1009	豌豆射手	1001	9	3	3	1	1	350	155	14	10000	0	1500	0	1008	1010	-1	-1	-1	-1	2	20|30|40	75	260	1
1010	豌豆射手	1001	10	3	3	1	1	350	155	14	10000	0	1500	0	1009	1011	-1	-1	-1	-1	2	20|30|40	75	260	1
1011	豌豆射手	1001	11	3	3	1	1	350	155	14	10000	0	1500	0	1010	1012	-1	-1	-1	-1	2	20|30|40	75	260	1
1012	豌豆射手	1001	12	3	3	1	1	350	155	14	10000	0	1500	0	1011	-1	-1	-1	-1	-1	2	20|30|40	75	260	1
1013	菜本		1	3	3	0	13	660	64	55	8500	500	200	500	-1	1014	-1	-1	-1	-1	0	20|30|40	150	245	1
1014	菜本	1013	2	3	3	0	13	660	64	55	8500	500	200	500	1013	1015	-1	-1	-1	-1	0	20|30|40	150	245	1
1015	菜本	1013	3	3	3	0	13	660	64	55	8500	500	200	500	1014	1016	-1	-1	-1	-1	1	20|30|40	150	245	1
1016	菜本	1013	4	3	3	0	13	660	64	55	8500	500	200	500	1015	1017	-1	-1	-1	-1	1	20|30|40	150	245	1
1017	菜本	1013	5	3	3	0	13	660	64	55	8500	500	200	500	1016	1018	-1	-1	-1	-1	1	20|30|40	150	245	1
1018	菜本	1013	6	3	3	0	13	660	64	55	8500	500	200	500	1017	1019	-1	-1	-1	-1	1	20|30|40	150	245	1
1019	菜本	1013	7	3	3	0	13	660	64	55	8500	500	200	500	1018	1020	-1	-1	-1	-1	1	20|30|40	150	245	1
1020	菜本	1013	8	3	3	0	13	660	64	55	8500	500	200	500	1019	1021	-1	-1	-1	-1	2	20|30|40	150	245	1
1021	菜本	1013	9	3	3	0	13	660	64	55	8500	500	200	500	1020	1022	-1	-1	-1	-1	2	20|30|40	150	245	1
1022	菜本	1013	10	3	3	0	13	660	64	55	8500	500	200	500	1021	1023	-1	-1	-1	-1	2	20|30|40	150	245	1
1023	菜本	1013	11	3	3	0	13	660	64	55	8500	500	200	500	1022	1024	-1	-1	-1	-1	2	20|30|40	150	245	1
1024	菜本	1013	12	3	3	0	13	660	64	55	8500	500	200	500	1023	-1	-1	-1	-1	-1	2	20|30|40	150	245	1
1025	拍拍草		1	3	3	0	25	590	49	63	8500	500	200	500	-1	1026	-1	-1	-1	-1	0	20|30|40	150	230	1
1026	拍拍草	1025	2	3	3	0	25	590	49	63	8500	500	200	500	1025	1027	-1	-1	-1	-1	0	20|30|40	150	230	1
1027	拍拍草	1025	3	3	3	0	25	590	49	63	8500	500	200	500	1026	1028	-1	-1	-1	-1	1	20|30|40	150	230	1
1028	拍拍草	1025	4	3	3	0	25	590	49	63	8500	500	200	500	1027	1029	-1	-1	-1	-1	1	20|30|40	150	230	1
1029	拍拍草	1025	5	3	3	0	25	590	49	63	8500	500	200	500	1028	1030	-1	-1	-1	-1	1	20|30|40	150	230	1
1030	拍拍草	1025	6	3	3	0	25	590	49	63	8500	500	200	500	1029	1031	-1	-1	-1	-1	1	20|30|40	150	230	1
1031	拍拍草	1025	7	3	3	0	25	590	49	63	8500	500	200	500	1030	1032	-1	-1	-1	-1	1	20|30|40	150	230	1
1032	拍拍草	1025	8	3	3	0	25	590	49	63	8500	500	200	500	1031	1033	-1	-1	-1	-1	2	20|30|40	150	230	1
1033	拍拍草	1025	9	3	3	0	25	590	49	63	8500	500	200	500	1032	1034	-1	-1	-1	-1	2	20|30|40	150	230	1
1034	拍拍草	1025	10	3	3	0	25	590	49	63	8500	500	200	500	1033	1035	-1	-1	-1	-1	2	20|30|40	150	230	1
1035	拍拍草	1025	11	3	3	0	25	590	49	63	8500	500	200	500	1034	1036	-1	-1	-1	-1	2	20|30|40	150	230	1
1036	拍拍草	1025	12	3	3	0	25	590	49	63	8500	500	200	500	1035	-1	-1	-1	-1	-1	2	20|30|40	150	230	1
1037	向日葵		1	3	1	2	37	390	80	29	8800	200	800	200	-1	1038	-1	-1	-1	-1	0	20|30|40	100	290	1
1038	向日葵	1037	2	3	1	2	37	390	80	29	8800	200	800	200	1037	1039	-1	-1	-1	-1	0	20|30|40	100	290	1
1039	向日葵	1037	3	3	1	2	37	390	80	29	8800	200	800	200	1038	1040	-1	-1	-1	-1	1	20|30|40	100	290	1
1040	向日葵	1037	4	3	1	2	37	390	80	29	8800	200	800	200	1039	1041	-1	-1	-1	-1	1	20|30|40	100	290	1
1041	向日葵	1037	5	3	1	2	37	390	80	29	8800	200	800	200	1040	1042	-1	-1	-1	-1	1	20|30|40	100	290	1
1042	向日葵	1037	6	3	1	2	37	390	80	29	8800	200	800	200	1041	1043	-1	-1	-1	-1	1	20|30|40	100	290	1
1043	向日葵	1037	7	3	1	2	37	390	80	29	8800	200	800	200	1042	1044	-1	-1	-1	-1	1	20|30|40	100	290	1
1044	向日葵	1037	8	3	1	2	37	390	80	29	8800	200	800	200	1043	1045	-1	-1	-1	-1	2	20|30|40	100	290	1
1045	向日葵	1037	9	3	1	2	37	390	80	29	8800	200	800	200	1044	1046	-1	-1	-1	-1	2	20|30|40	100	290	1
1046	向日葵	1037	10	3	1	2	37	390	80	29	8800	200	800	200	1045	1047	-1	-1	-1	-1	2	20|30|40	100	290	1
1047	向日葵	1037	11	3	1	2	37	390	80	29	8800	200	800	200	1046	1048	-1	-1	-1	-1	2	20|30|40	100	290	1
1048	向日葵	1037	12	3	1	2	37	390	80	29	8800	200	800	200	1047	-1	-1	-1	-1	-1	2	20|30|40	100	290	1
1049	玉米投手		1	3	1	1	49	400	163	20	10000	0	1500	0	-1	1050	-1	-1	-1	-1	0	20|30|40	75	215	1
1050	玉米投手	1049	2	3	1	1	49	400	163	20	10000	0	1500	0	1049	1051	-1	-1	-1	-1	0	20|30|40	75	215	1
1051	玉米投手	1049	3	3	1	1	49	400	163	20	10000	0	1500	0	1050	1052	-1	-1	-1	-1	1	20|30|40	75	215	1
1052	玉米投手	1049	4	3	1	1	49	400	163	20	10000	0	1500	0	1051	1053	-1	-1	-1	-1	1	20|30|40	75	215	1
1053	玉米投手	1049	5	3	1	1	49	400	163	20	10000	0	1500	0	1052	1054	-1	-1	-1	-1	1	20|30|40	75	215	1
1054	玉米投手	1049	6	3	1	1	49	400	163	20	10000	0	1500	0	1053	1055	-1	-1	-1	-1	1	20|30|40	75	215	1
1055	玉米投手	1049	7	3	1	1	49	400	163	20	10000	0	1500	0	1054	1056	-1	-1	-1	-1	1	20|30|40	75	215	1
1056	玉米投手	1049	8	3	1	1	49	400	163	20	10000	0	1500	0	1055	1057	-1	-1	-1	-1	2	20|30|40	75	215	1
1057	玉米投手	1049	9	3	1	1	49	400	163	20	10000	0	1500	0	1056	1058	-1	-1	-1	-1	2	20|30|40	75	215	1
1058	玉米投手	1049	10	3	1	1	49	400	163	20	10000	0	1500	0	1057	1059	-1	-1	-1	-1	2	20|30|40	75	215	1
1059	玉米投手	1049	11	3	1	1	49	400	163	20	10000	0	1500	0	1058	1060	-1	-1	-1	-1	2	20|30|40	75	215	1
1060	玉米投手	1049	12	3	1	1	49	400	163	20	10000	0	1500	0	1059	-1	-1	-1	-1	-1	2	20|30|40	75	215	1
1061	小辣椒		1	3	1	1	61	380	147	14	10000	0	1500	0	-1	1062	-1	-1	-1	-1	0	20|30|40	75	240	1
1062	小辣椒	1061	2	3	1	1	61	380	147	14	10000	0	1500	0	1061	1063	-1	-1	-1	-1	0	20|30|40	75	240	1
1063	小辣椒	1061	3	3	1	1	61	380	147	14	10000	0	1500	0	1062	1064	-1	-1	-1	-1	1	20|30|40	75	240	1
1064	小辣椒	1061	4	3	1	1	61	380	147	14	10000	0	1500	0	1063	1065	-1	-1	-1	-1	1	20|30|40	75	240	1
1065	小辣椒	1061	5	3	1	1	61	380	147	14	10000	0	1500	0	1064	1066	-1	-1	-1	-1	1	20|30|40	75	240	1
1066	小辣椒	1061	6	3	1	1	61	380	147	14	10000	0	1500	0	1065	1067	-1	-1	-1	-1	1	20|30|40	75	240	1
1067	小辣椒	1061	7	3	1	1	61	380	147	14	10000	0	1500	0	1066	1068	-1	-1	-1	-1	1	20|30|40	75	240	1
1068	小辣椒	1061	8	3	1	1	61	380	147	14	10000	0	1500	0	1067	1069	-1	-1	-1	-1	2	20|30|40	75	240	1
1069	小辣椒	1061	9	3	1	1	61	380	147	14	10000	0	1500	0	1068	1070	-1	-1	-1	-1	2	20|30|40	75	240	1
1070	小辣椒	1061	10	3	1	1	61	380	147	14	10000	0	1500	0	1069	1071	-1	-1	-1	-1	2	20|30|40	75	240	1
1071	小辣椒	1061	11	3	1	1	61	380	147	14	10000	0	1500	0	1070	1072	-1	-1	-1	-1	2	20|30|40	75	240	1
1072	小辣椒	1061	12	3	1	1	61	380	147	14	10000	0	1500	0	1071	-1	-1	-1	-1	-1	2	20|30|40	75	240	1
1073	小喷菇		1	3	2	1	73	370	142	23	10000	0	1500	0	-1	1074	-1	-1	-1	-1	0	20|30|40	75	230	1
1074	小喷菇	1073	2	3	2	1	73	370	142	23	10000	0	1500	0	1073	1075	-1	-1	-1	-1	0	20|30|40	75	230	1
1075	小喷菇	1073	3	3	2	1	73	370	142	23	10000	0	1500	0	1074	1076	-1	-1	-1	-1	1	20|30|40	75	230	1
1076	小喷菇	1073	4	3	2	1	73	370	142	23	10000	0	1500	0	1075	1077	-1	-1	-1	-1	1	20|30|40	75	230	1
1077	小喷菇	1073	5	3	2	1	73	370	142	23	10000	0	1500	0	1076	1078	-1	-1	-1	-1	1	20|30|40	75	230	1
1078	小喷菇	1073	6	3	2	1	73	370	142	23	10000	0	1500	0	1077	1079	-1	-1	-1	-1	1	20|30|40	75	230	1
1079	小喷菇	1073	7	3	2	1	73	370	142	23	10000	0	1500	0	1078	1080	-1	-1	-1	-1	1	20|30|40	75	230	1
1080	小喷菇	1073	8	3	2	1	73	370	142	23	10000	0	1500	0	1079	1081	-1	-1	-1	-1	2	20|30|40	75	230	1
1081	小喷菇	1073	9	3	2	1	73	370	142	23	10000	0	1500	0	1080	1082	-1	-1	-1	-1	2	20|30|40	75	230	1
1082	小喷菇	1073	10	3	2	1	73	370	142	23	10000	0	1500	0	1081	1083	-1	-1	-1	-1	2	20|30|40	75	230	1
1083	小喷菇	1073	11	3	2	1	73	370	142	23	10000	0	1500	0	1082	1084	-1	-1	-1	-1	2	20|30|40	75	230	1
1084	小喷菇	1073	12	3	2	1	73	370	142	23	10000	0	1500	0	1083	-1	-1	-1	-1	-1	2	20|30|40	75	230	1
1085	开心果		1	3	0	2	85	380	93	17	8800	200	800	200	-1	1086	-1	-1	-1	-1	0	20|30|40	100	280	1
1086	开心果	1085	2	3	0	2	85	380	93	17	8800	200	800	200	1085	1087	-1	-1	-1	-1	0	20|30|40	100	280	1
1087	开心果	1085	3	3	0	2	85	380	93	17	8800	200	800	200	1086	1088	-1	-1	-1	-1	1	20|30|40	100	280	1
1088	开心果	1085	4	3	0	2	85	380	93	17	8800	200	800	200	1087	1089	-1	-1	-1	-1	1	20|30|40	100	280	1
1089	开心果	1085	5	3	0	2	85	380	93	17	8800	200	800	200	1088	1090	-1	-1	-1	-1	1	20|30|40	100	280	1
1090	开心果	1085	6	3	0	2	85	380	93	17	8800	200	800	200	1089	1091	-1	-1	-1	-1	1	20|30|40	100	280	1
1091	开心果	1085	7	3	0	2	85	380	93	17	8800	200	800	200	1090	1092	-1	-1	-1	-1	1	20|30|40	100	280	1
1092	开心果	1085	8	3	0	2	85	380	93	17	8800	200	800	200	1091	1093	-1	-1	-1	-1	2	20|30|40	100	280	1
1093	开心果	1085	9	3	0	2	85	380	93	17	8800	200	800	200	1092	1094	-1	-1	-1	-1	2	20|30|40	100	280	1
1094	开心果	1085	10	3	0	2	85	380	93	17	8800	200	800	200	1093	1095	-1	-1	-1	-1	2	20|30|40	100	280	1
1095	开心果	1085	11	3	0	2	85	380	93	17	8800	200	800	200	1094	1096	-1	-1	-1	-1	2	20|30|40	100	280	1
1096	开心果	1085	12	3	0	2	85	380	93	17	8800	200	800	200	1095	-1	-1	-1	-1	-1	2	20|30|40	100	280	1
1097	地刺		1	3	0	0	97	610	46	60	8500	500	200	500	-1	1098	-1	-1	-1	-1	0	20|30|40	150	240	1
1098	地刺	1097	2	3	0	0	97	610	46	60	8500	500	200	500	1097	1099	-1	-1	-1	-1	0	20|30|40	150	240	1
1099	地刺	1097	3	3	0	0	97	610	46	60	8500	500	200	500	1098	1100	-1	-1	-1	-1	1	20|30|40	150	240	1
1100	地刺	1097	4	3	0	0	97	610	46	60	8500	500	200	500	1099	1101	-1	-1	-1	-1	1	20|30|40	150	240	1
1101	地刺	1097	5	3	0	0	97	610	46	60	8500	500	200	500	1100	1102	-1	-1	-1	-1	1	20|30|40	150	240	1
1102	地刺	1097	6	3	0	0	97	610	46	60	8500	500	200	500	1101	1103	-1	-1	-1	-1	1	20|30|40	150	240	1
1103	地刺	1097	7	3	0	0	97	610	46	60	8500	500	200	500	1102	1104	-1	-1	-1	-1	1	20|30|40	150	240	1
1104	地刺	1097	8	3	0	0	97	610	46	60	8500	500	200	500	1103	1105	-1	-1	-1	-1	2	20|30|40	150	240	1
1105	地刺	1097	9	3	0	0	97	610	46	60	8500	500	200	500	1104	1106	-1	-1	-1	-1	2	20|30|40	150	240	1
1106	地刺	1097	10	3	0	0	97	610	46	60	8500	500	200	500	1105	1107	-1	-1	-1	-1	2	20|30|40	150	240	1
1107	地刺	1097	11	3	0	0	97	610	46	60	8500	500	200	500	1106	1108	-1	-1	-1	-1	2	20|30|40	150	240	1
1108	地刺	1097	12	3	0	0	97	610	46	60	8500	500	200	500	1107	-1	-1	-1	-1	-1	2	20|30|40	150	240	1
1109	仙人球		1	3	0	1	109	400	165	17	10000	0	1500	0	-1	1110	-1	-1	-1	-1	0	20|30|40	75	255	1
1110	仙人球	1109	2	3	0	1	109	400	165	17	10000	0	1500	0	1109	1111	-1	-1	-1	-1	0	20|30|40	75	255	1
1111	仙人球	1109	3	3	0	1	109	400	165	17	10000	0	1500	0	1110	1112	-1	-1	-1	-1	1	20|30|40	75	255	1
1112	仙人球	1109	4	3	0	1	109	400	165	17	10000	0	1500	0	1111	1113	-1	-1	-1	-1	1	20|30|40	75	255	1
1113	仙人球	1109	5	3	0	1	109	400	165	17	10000	0	1500	0	1112	1114	-1	-1	-1	-1	1	20|30|40	75	255	1
1114	仙人球	1109	6	3	0	1	109	400	165	17	10000	0	1500	0	1113	1115	-1	-1	-1	-1	1	20|30|40	75	255	1
1115	仙人球	1109	7	3	0	1	109	400	165	17	10000	0	1500	0	1114	1116	-1	-1	-1	-1	1	20|30|40	75	255	1
1116	仙人球	1109	8	3	0	1	109	400	165	17	10000	0	1500	0	1115	1117	-1	-1	-1	-1	2	20|30|40	75	255	1
1117	仙人球	1109	9	3	0	1	109	400	165	17	10000	0	1500	0	1116	1118	-1	-1	-1	-1	2	20|30|40	75	255	1
1118	仙人球	1109	10	3	0	1	109	400	165	17	10000	0	1500	0	1117	1119	-1	-1	-1	-1	2	20|30|40	75	255	1
1119	仙人球	1109	11	3	0	1	109	400	165	17	10000	0	1500	0	1118	1120	-1	-1	-1	-1	2	20|30|40	75	255	1
1120	仙人球	1109	12	3	0	1	109	400	165	17	10000	0	1500	0	1119	-1	-1	-1	-1	-1	2	20|30|40	75	255	1
1121	坚果		1	3	0	0	121	650	44	52	8500	500	200	500	-1	1122	-1	-1	-1	-1	0	20|30|40	150	235	1
1122	坚果	1121	2	3	0	0	121	650	44	52	8500	500	200	500	1121	1123	-1	-1	-1	-1	0	20|30|40	150	235	1
1123	坚果	1121	3	3	0	0	121	650	44	52	8500	500	200	500	1122	1124	-1	-1	-1	-1	1	20|30|40	150	235	1
1124	坚果	1121	4	3	0	0	121	650	44	52	8500	500	200	500	1123	1125	-1	-1	-1	-1	1	20|30|40	150	235	1
1125	坚果	1121	5	3	0	0	121	650	44	52	8500	500	200	500	1124	1126	-1	-1	-1	-1	1	20|30|40	150	235	1
1126	坚果	1121	6	3	0	0	121	650	44	52	8500	500	200	500	1125	1127	-1	-1	-1	-1	1	20|30|40	150	235	1
1127	坚果	1121	7	3	0	0	121	650	44	52	8500	500	200	500	1126	1128	-1	-1	-1	-1	1	20|30|40	150	235	1
1128	坚果	1121	8	3	0	0	121	650	44	52	8500	500	200	500	1127	1129	-1	-1	-1	-1	2	20|30|40	150	235	1
1129	坚果	1121	9	3	0	0	121	650	44	52	8500	500	200	500	1128	1130	-1	-1	-1	-1	2	20|30|40	150	235	1
1130	坚果	1121	10	3	0	0	121	650	44	52	8500	500	200	500	1129	1131	-1	-1	-1	-1	2	20|30|40	150	235	1
1131	坚果	1121	11	3	0	0	121	650	44	52	8500	500	200	500	1130	1132	-1	-1	-1	-1	2	20|30|40	150	235	1
1132	坚果	1121	12	3	0	0	121	650	44	52	8500	500	200	500	1131	-1	-1	-1	-1	-1	2	20|30|40	150	235	1
11211	坚果分身		1	3	0	0	121	650	44	52	8500	500	200	500	-1	1122	-1	-1	-1	-1	0	20|30|40	150	235	1
11221	坚果分身		2	3	0	0	121	650	44	52	8500	500	200	500	1121	1123	-1	-1	-1	-1	0	20|30|40	150	235	1
11231	坚果分身		3	3	0	0	121	650	44	52	8500	500	200	500	1122	1124	-1	-1	-1	-1	1	20|30|40	150	235	1
11241	坚果分身		4	3	0	0	121	650	44	52	8500	500	200	500	1123	1125	-1	-1	-1	-1	1	20|30|40	150	235	1
11251	坚果分身		5	3	0	0	121	650	44	52	8500	500	200	500	1124	1126	-1	-1	-1	-1	1	20|30|40	150	235	1
11261	坚果分身		6	3	0	0	121	650	44	52	8500	500	200	500	1125	1127	-1	-1	-1	-1	1	20|30|40	150	235	1
11271	坚果分身		7	3	0	0	121	650	44	52	8500	500	200	500	1126	1128	-1	-1	-1	-1	1	20|30|40	150	235	1
11281	坚果分身		8	3	0	0	121	650	44	52	8500	500	200	500	1127	1129	-1	-1	-1	-1	2	20|30|40	150	235	1
11291	坚果分身		9	3	0	0	121	650	44	52	8500	500	200	500	1128	1130	-1	-1	-1	-1	2	20|30|40	150	235	1
11301	坚果分身		10	3	0	0	121	650	44	52	8500	500	200	500	1129	1131	-1	-1	-1	-1	2	20|30|40	150	235	1
11311	坚果分身		11	3	0	0	121	650	44	52	8500	500	200	500	1130	1132	-1	-1	-1	-1	2	20|30|40	150	235	1
11321	坚果分身		12	3	0	0	121	650	44	52	8500	500	200	500	1131	-1	-1	-1	-1	-1	2	20|30|40	150	235	1
1133	樱桃炸弹		1	3	1	0	133	680	46	69	8500	500	200	500	-1	1134	-1	-1	-1	-1	0	20|30|40	150	225	1
1134	樱桃炸弹	1133	2	3	1	0	133	680	46	69	8500	500	200	500	1133	1135	-1	-1	-1	-1	0	20|30|40	150	225	1
1135	樱桃炸弹	1133	3	3	1	0	133	680	46	69	8500	500	200	500	1134	1136	-1	-1	-1	-1	1	20|30|40	150	225	1
1136	樱桃炸弹	1133	4	3	1	0	133	680	46	69	8500	500	200	500	1135	1137	-1	-1	-1	-1	1	20|30|40	150	225	1
1137	樱桃炸弹	1133	5	3	1	0	133	680	46	69	8500	500	200	500	1136	1138	-1	-1	-1	-1	1	20|30|40	150	225	1
1138	樱桃炸弹	1133	6	3	1	0	133	680	46	69	8500	500	200	500	1137	1139	-1	-1	-1	-1	1	20|30|40	150	225	1
1139	樱桃炸弹	1133	7	3	1	0	133	680	46	69	8500	500	200	500	1138	1140	-1	-1	-1	-1	1	20|30|40	150	225	1
1140	樱桃炸弹	1133	8	3	1	0	133	680	46	69	8500	500	200	500	1139	1141	-1	-1	-1	-1	2	20|30|40	150	225	1
1141	樱桃炸弹	1133	9	3	1	0	133	680	46	69	8500	500	200	500	1140	1142	-1	-1	-1	-1	2	20|30|40	150	225	1
1142	樱桃炸弹	1133	10	3	1	0	133	680	46	69	8500	500	200	500	1141	1143	-1	-1	-1	-1	2	20|30|40	150	225	1
1143	樱桃炸弹	1133	11	3	1	0	133	680	46	69	8500	500	200	500	1142	1144	-1	-1	-1	-1	2	20|30|40	150	225	1
1144	樱桃炸弹	1133	12	3	1	0	133	680	46	69	8500	500	200	500	1143	-1	-1	-1	-1	-1	2	20|30|40	150	225	1
1145	水滴射手		1	3	2	1	145	390	137	23	10000	0	1500	0	-1	1146	-1	-1	-1	-1	0	20|30|40	75	245	1
1146	水滴射手	1145	2	3	2	1	145	390	137	23	10000	0	1500	0	1145	1147	-1	-1	-1	-1	0	20|30|40	75	245	1
1147	水滴射手	1145	3	3	2	1	145	390	137	23	10000	0	1500	0	1146	1148	-1	-1	-1	-1	1	20|30|40	75	245	1
1148	水滴射手	1145	4	3	2	1	145	390	137	23	10000	0	1500	0	1147	1149	-1	-1	-1	-1	1	20|30|40	75	245	1
1149	水滴射手	1145	5	3	2	1	145	390	137	23	10000	0	1500	0	1148	1150	-1	-1	-1	-1	1	20|30|40	75	245	1
1150	水滴射手	1145	6	3	2	1	145	390	137	23	10000	0	1500	0	1149	1151	-1	-1	-1	-1	1	20|30|40	75	245	1
1151	水滴射手	1145	7	3	2	1	145	390	137	23	10000	0	1500	0	1150	1152	-1	-1	-1	-1	1	20|30|40	75	245	1
1152	水滴射手	1145	8	3	2	1	145	390	137	23	10000	0	1500	0	1151	1153	-1	-1	-1	-1	2	20|30|40	75	245	1
1153	水滴射手	1145	9	3	2	1	145	390	137	23	10000	0	1500	0	1152	1154	-1	-1	-1	-1	2	20|30|40	75	245	1
1154	水滴射手	1145	10	3	2	1	145	390	137	23	10000	0	1500	0	1153	1155	-1	-1	-1	-1	2	20|30|40	75	245	1
1155	水滴射手	1145	11	3	2	1	145	390	137	23	10000	0	1500	0	1154	1156	-1	-1	-1	-1	2	20|30|40	75	245	1
1156	水滴射手	1145	12	3	2	1	145	390	137	23	10000	0	1500	0	1155	-1	-1	-1	-1	-1	2	20|30|40	75	245	1
1157	瓜瓣投手		1	3	2	1	157	420	157	20	10000	0	1500	0	-1	1158	-1	-1	-1	-1	0	20|30|40	75	220	1
1158	瓜瓣投手	1157	2	3	2	1	157	420	157	20	10000	0	1500	0	1157	1159	-1	-1	-1	-1	0	20|30|40	75	220	1
1159	瓜瓣投手	1157	3	3	2	1	157	420	157	20	10000	0	1500	0	1158	1160	-1	-1	-1	-1	1	20|30|40	75	220	1
1160	瓜瓣投手	1157	4	3	2	1	157	420	157	20	10000	0	1500	0	1159	1161	-1	-1	-1	-1	1	20|30|40	75	220	1
1161	瓜瓣投手	1157	5	3	2	1	157	420	157	20	10000	0	1500	0	1160	1162	-1	-1	-1	-1	1	20|30|40	75	220	1
1162	瓜瓣投手	1157	6	3	2	1	157	420	157	20	10000	0	1500	0	1161	1163	-1	-1	-1	-1	1	20|30|40	75	220	1
1163	瓜瓣投手	1157	7	3	2	1	157	420	157	20	10000	0	1500	0	1162	1164	-1	-1	-1	-1	1	20|30|40	75	220	1
1164	瓜瓣投手	1157	8	3	2	1	157	420	157	20	10000	0	1500	0	1163	1165	-1	-1	-1	-1	2	20|30|40	75	220	1
1165	瓜瓣投手	1157	9	3	2	1	157	420	157	20	10000	0	1500	0	1164	1166	-1	-1	-1	-1	2	20|30|40	75	220	1
1166	瓜瓣投手	1157	10	3	2	1	157	420	157	20	10000	0	1500	0	1165	1167	-1	-1	-1	-1	2	20|30|40	75	220	1
1167	瓜瓣投手	1157	11	3	2	1	157	420	157	20	10000	0	1500	0	1166	1168	-1	-1	-1	-1	2	20|30|40	75	220	1
1168	瓜瓣投手	1157	12	3	2	1	157	420	157	20	10000	0	1500	0	1167	-1	-1	-1	-1	-1	2	20|30|40	75	220	1
1169	小萝卜		1	3	2	2	169	420	124	29	8800	200	800	200	-1	1170	-1	-1	-1	-1	0	20|30|40	100	280	1
1170	小萝卜	1169	2	3	2	2	169	420	124	29	8800	200	800	200	1169	1171	-1	-1	-1	-1	0	20|30|40	100	280	1
1171	小萝卜	1169	3	3	2	2	169	420	124	29	8800	200	800	200	1170	1172	-1	-1	-1	-1	1	20|30|40	100	280	1
1172	小萝卜	1169	4	3	2	2	169	420	124	29	8800	200	800	200	1171	1173	-1	-1	-1	-1	1	20|30|40	100	280	1
1173	小萝卜	1169	5	3	2	2	169	420	124	29	8800	200	800	200	1172	1174	-1	-1	-1	-1	1	20|30|40	100	280	1
1174	小萝卜	1169	6	3	2	2	169	420	124	29	8800	200	800	200	1173	1175	-1	-1	-1	-1	1	20|30|40	100	280	1
1175	小萝卜	1169	7	3	2	2	169	420	124	29	8800	200	800	200	1174	1176	-1	-1	-1	-1	1	20|30|40	100	280	1
1176	小萝卜	1169	8	3	2	2	169	420	124	29	8800	200	800	200	1175	1177	-1	-1	-1	-1	2	20|30|40	100	280	1
1177	小萝卜	1169	9	3	2	2	169	420	124	29	8800	200	800	200	1176	1178	-1	-1	-1	-1	2	20|30|40	100	280	1
1178	小萝卜	1169	10	3	2	2	169	420	124	29	8800	200	800	200	1177	1179	-1	-1	-1	-1	2	20|30|40	100	280	1
1179	小萝卜	1169	11	3	2	2	169	420	124	29	8800	200	800	200	1178	1180	-1	-1	-1	-1	2	20|30|40	100	280	1
1180	小萝卜	1169	12	3	2	2	169	420	124	29	8800	200	800	200	1179	-1	-1	-1	-1	-1	2	20|30|40	100	280	1
1181	老树桩		1	3	0	0	181	670	41	78	8500	500	200	500	-1	1182	-1	-1	-1	-1	0	20|30|40	150	215	1
1182	老树桩	1181	2	3	0	0	181	670	41	78	8500	500	200	500	1181	1183	-1	-1	-1	-1	0	20|30|40	150	215	1
1183	老树桩	1181	3	3	0	0	181	670	41	78	8500	500	200	500	1182	1184	-1	-1	-1	-1	1	20|30|40	150	215	1
1184	老树桩	1181	4	3	0	0	181	670	41	78	8500	500	200	500	1183	1185	-1	-1	-1	-1	1	20|30|40	150	215	1
1185	老树桩	1181	5	3	0	0	181	670	41	78	8500	500	200	500	1184	1186	-1	-1	-1	-1	1	20|30|40	150	215	1
1186	老树桩	1181	6	3	0	0	181	670	41	78	8500	500	200	500	1185	1187	-1	-1	-1	-1	1	20|30|40	150	215	1
1187	老树桩	1181	7	3	0	0	181	670	41	78	8500	500	200	500	1186	1188	-1	-1	-1	-1	1	20|30|40	150	215	1
1188	老树桩	1181	8	3	0	0	181	670	41	78	8500	500	200	500	1187	1189	-1	-1	-1	-1	2	20|30|40	150	215	1
1189	老树桩	1181	9	3	0	0	181	670	41	78	8500	500	200	500	1188	1190	-1	-1	-1	-1	2	20|30|40	150	215	1
1190	老树桩	1181	10	3	0	0	181	670	41	78	8500	500	200	500	1189	1191	-1	-1	-1	-1	2	20|30|40	150	215	1
1191	老树桩	1181	11	3	0	0	181	670	41	78	8500	500	200	500	1190	1192	-1	-1	-1	-1	2	20|30|40	150	215	1
1192	老树桩	1181	12	3	0	0	181	670	41	78	8500	500	200	500	1191	-1	-1	-1	-1	-1	2	20|30|40	150	215	1
1193	椰子狙击手		1	3	3	1	193	400	168	14	10000	0	1500	0	-1	1194	-1	-1	-1	-1	0	20|30|40	75	245	1
1194	椰子狙击手	1193	2	3	3	1	193	400	168	14	10000	0	1500	0	1193	1195	-1	-1	-1	-1	0	20|30|40	75	245	1
1195	椰子狙击手	1193	3	3	3	1	193	400	168	14	10000	0	1500	0	1194	1196	-1	-1	-1	-1	1	20|30|40	75	245	1
1196	椰子狙击手	1193	4	3	3	1	193	400	168	14	10000	0	1500	0	1195	1197	-1	-1	-1	-1	1	20|30|40	75	245	1
1197	椰子狙击手	1193	5	3	3	1	193	400	168	14	10000	0	1500	0	1196	1198	-1	-1	-1	-1	1	20|30|40	75	245	1
1198	椰子狙击手	1193	6	3	3	1	193	400	168	14	10000	0	1500	0	1197	1199	-1	-1	-1	-1	1	20|30|40	75	245	1
1199	椰子狙击手	1193	7	3	3	1	193	400	168	14	10000	0	1500	0	1198	1200	-1	-1	-1	-1	1	20|30|40	75	245	1
1200	椰子狙击手	1193	8	3	3	1	193	400	168	14	10000	0	1500	0	1199	1201	-1	-1	-1	-1	2	20|30|40	75	245	1
1201	椰子狙击手	1193	9	3	3	1	193	400	168	14	10000	0	1500	0	1200	1202	-1	-1	-1	-1	2	20|30|40	75	245	1
1202	椰子狙击手	1193	10	3	3	1	193	400	168	14	10000	0	1500	0	1201	1203	-1	-1	-1	-1	2	20|30|40	75	245	1
1203	椰子狙击手	1193	11	3	3	1	193	400	168	14	10000	0	1500	0	1202	1204	-1	-1	-1	-1	2	20|30|40	75	245	1
1204	椰子狙击手	1193	12	3	3	1	193	400	168	14	10000	0	1500	0	1203	-1	-1	-1	-1	-1	2	20|30|40	75	245	1
1205	蜥蜴草		1	3	1	1	205	420	157	20	10000	0	1500	0	-1	1206	-1	-1	-1	-1	0	20|30|40	75	235	1
1206	蜥蜴草	1205	2	3	1	1	205	420	157	20	10000	0	1500	0	1205	1207	-1	-1	-1	-1	0	20|30|40	75	235	1
1207	蜥蜴草	1205	3	3	1	1	205	420	157	20	10000	0	1500	0	1206	1208	-1	-1	-1	-1	1	20|30|40	75	235	1
1208	蜥蜴草	1205	4	3	1	1	205	420	157	20	10000	0	1500	0	1207	1209	-1	-1	-1	-1	1	20|30|40	75	235	1
1209	蜥蜴草	1205	5	3	1	1	205	420	157	20	10000	0	1500	0	1208	1210	-1	-1	-1	-1	1	20|30|40	75	235	1
1210	蜥蜴草	1205	6	3	1	1	205	420	157	20	10000	0	1500	0	1209	1211	-1	-1	-1	-1	1	20|30|40	75	235	1
1211	蜥蜴草	1205	7	3	1	1	205	420	157	20	10000	0	1500	0	1210	1212	-1	-1	-1	-1	1	20|30|40	75	235	1
1212	蜥蜴草	1205	8	3	1	1	205	420	157	20	10000	0	1500	0	1211	1213	-1	-1	-1	-1	2	20|30|40	75	235	1
1213	蜥蜴草	1205	9	3	1	1	205	420	157	20	10000	0	1500	0	1212	1214	-1	-1	-1	-1	2	20|30|40	75	235	1
1214	蜥蜴草	1205	10	3	1	1	205	420	157	20	10000	0	1500	0	1213	1215	-1	-1	-1	-1	2	20|30|40	75	235	1
1215	蜥蜴草	1205	11	3	1	1	205	420	157	20	10000	0	1500	0	1214	1216	-1	-1	-1	-1	2	20|30|40	75	235	1
1216	蜥蜴草	1205	12	3	1	1	205	420	157	20	10000	0	1500	0	1215	-1	-1	-1	-1	-1	2	20|30|40	75	235	1
1217	暴躁菇		1	3	2	1	217	400	170	12	10000	0	1500	0	-1	1218	-1	-1	-1	-1	0	20|30|40	75	225	1
1218	暴躁菇	1217	2	3	2	1	217	400	170	12	10000	0	1500	0	1217	1219	-1	-1	-1	-1	0	20|30|40	75	225	1
1219	暴躁菇	1217	3	3	2	1	217	400	170	12	10000	0	1500	0	1218	1220	-1	-1	-1	-1	1	20|30|40	75	225	1
1220	暴躁菇	1217	4	3	2	1	217	400	170	12	10000	0	1500	0	1219	1221	-1	-1	-1	-1	1	20|30|40	75	225	1
1221	暴躁菇	1217	5	3	2	1	217	400	170	12	10000	0	1500	0	1220	1222	-1	-1	-1	-1	1	20|30|40	75	225	1
1222	暴躁菇	1217	6	3	2	1	217	400	170	12	10000	0	1500	0	1221	1223	-1	-1	-1	-1	1	20|30|40	75	225	1
1223	暴躁菇	1217	7	3	2	1	217	400	170	12	10000	0	1500	0	1222	1224	-1	-1	-1	-1	1	20|30|40	75	225	1
1224	暴躁菇	1217	8	3	2	1	217	400	170	12	10000	0	1500	0	1223	1225	-1	-1	-1	-1	2	20|30|40	75	225	1
1225	暴躁菇	1217	9	3	2	1	217	400	170	12	10000	0	1500	0	1224	1226	-1	-1	-1	-1	2	20|30|40	75	225	1
1226	暴躁菇	1217	10	3	2	1	217	400	170	12	10000	0	1500	0	1225	1227	-1	-1	-1	-1	2	20|30|40	75	225	1
1227	暴躁菇	1217	11	3	2	1	217	400	170	12	10000	0	1500	0	1226	1228	-1	-1	-1	-1	2	20|30|40	75	225	1
1228	暴躁菇	1217	12	3	2	1	217	400	170	12	10000	0	1500	0	1227	-1	-1	-1	-1	-1	2	20|30|40	75	225	1
1229	三叶草		1	3	2	1	229	420	160	17	10000	0	1500	0	-1	1230	-1	-1	-1	-1	0	20|30|40	75	265	1
1230	三叶草	1229	2	3	2	1	229	420	160	17	10000	0	1500	0	1229	1231	-1	-1	-1	-1	0	20|30|40	75	265	1
1231	三叶草	1229	3	3	2	1	229	420	160	17	10000	0	1500	0	1230	1232	-1	-1	-1	-1	1	20|30|40	75	265	1
1232	三叶草	1229	4	3	2	1	229	420	160	17	10000	0	1500	0	1231	1233	-1	-1	-1	-1	1	20|30|40	75	265	1
1233	三叶草	1229	5	3	2	1	229	420	160	17	10000	0	1500	0	1232	1234	-1	-1	-1	-1	1	20|30|40	75	265	1
1234	三叶草	1229	6	3	2	1	229	420	160	17	10000	0	1500	0	1233	1235	-1	-1	-1	-1	1	20|30|40	75	265	1
1235	三叶草	1229	7	3	2	1	229	420	160	17	10000	0	1500	0	1234	1236	-1	-1	-1	-1	1	20|30|40	75	265	1
1236	三叶草	1229	8	3	2	1	229	420	160	17	10000	0	1500	0	1235	1237	-1	-1	-1	-1	2	20|30|40	75	265	1
1237	三叶草	1229	9	3	2	1	229	420	160	17	10000	0	1500	0	1236	1238	-1	-1	-1	-1	2	20|30|40	75	265	1
1238	三叶草	1229	10	3	2	1	229	420	160	17	10000	0	1500	0	1237	1239	-1	-1	-1	-1	2	20|30|40	75	265	1
1239	三叶草	1229	11	3	2	1	229	420	160	17	10000	0	1500	0	1238	1240	-1	-1	-1	-1	2	20|30|40	75	265	1
1240	三叶草	1229	12	3	2	1	229	420	160	17	10000	0	1500	0	1239	-1	-1	-1	-1	-1	2	20|30|40	75	265	1
1241	飞盘射手		1	3	3	1	241	410	155	26	10000	0	1500	0	-1	1242	-1	-1	-1	-1	0	20|30|40	75	220	1
1242	飞盘射手	1241	2	3	3	1	241	410	155	26	10000	0	1500	0	1241	1243	-1	-1	-1	-1	0	20|30|40	75	220	1
1243	飞盘射手	1241	3	3	3	1	241	410	155	26	10000	0	1500	0	1242	1244	-1	-1	-1	-1	1	20|30|40	75	220	1
1244	飞盘射手	1241	4	3	3	1	241	410	155	26	10000	0	1500	0	1243	1245	-1	-1	-1	-1	1	20|30|40	75	220	1
1245	飞盘射手	1241	5	3	3	1	241	410	155	26	10000	0	1500	0	1244	1246	-1	-1	-1	-1	1	20|30|40	75	220	1
1246	飞盘射手	1241	6	3	3	1	241	410	155	26	10000	0	1500	0	1245	1247	-1	-1	-1	-1	1	20|30|40	75	220	1
1247	飞盘射手	1241	7	3	3	1	241	410	155	26	10000	0	1500	0	1246	1248	-1	-1	-1	-1	1	20|30|40	75	220	1
1248	飞盘射手	1241	8	3	3	1	241	410	155	26	10000	0	1500	0	1247	1249	-1	-1	-1	-1	2	20|30|40	75	220	1
1249	飞盘射手	1241	9	3	3	1	241	410	155	26	10000	0	1500	0	1248	1250	-1	-1	-1	-1	2	20|30|40	75	220	1
1250	飞盘射手	1241	10	3	3	1	241	410	155	26	10000	0	1500	0	1249	1251	-1	-1	-1	-1	2	20|30|40	75	220	1
1251	飞盘射手	1241	11	3	3	1	241	410	155	26	10000	0	1500	0	1250	1252	-1	-1	-1	-1	2	20|30|40	75	220	1
1252	飞盘射手	1241	12	3	3	1	241	410	155	26	10000	0	1500	0	1251	-1	-1	-1	-1	-1	2	20|30|40	75	220	1
1253	猫尾草		1	3	0	1	253	360	152	14	10000	0	1500	0	-1	1254	-1	-1	-1	-1	0	20|30|40	75	275	1
1254	猫尾草	1253	2	3	0	1	253	360	152	14	10000	0	1500	0	1253	1255	-1	-1	-1	-1	0	20|30|40	75	275	1
1255	猫尾草	1253	3	3	0	1	253	360	152	14	10000	0	1500	0	1254	1256	-1	-1	-1	-1	1	20|30|40	75	275	1
1256	猫尾草	1253	4	3	0	1	253	360	152	14	10000	0	1500	0	1255	1257	-1	-1	-1	-1	1	20|30|40	75	275	1
1257	猫尾草	1253	5	3	0	1	253	360	152	14	10000	0	1500	0	1256	1258	-1	-1	-1	-1	1	20|30|40	75	275	1
1258	猫尾草	1253	6	3	0	1	253	360	152	14	10000	0	1500	0	1257	1259	-1	-1	-1	-1	1	20|30|40	75	275	1
1259	猫尾草	1253	7	3	0	1	253	360	152	14	10000	0	1500	0	1258	1260	-1	-1	-1	-1	1	20|30|40	75	275	1
1260	猫尾草	1253	8	3	0	1	253	360	152	14	10000	0	1500	0	1259	1261	-1	-1	-1	-1	2	20|30|40	75	275	1
1261	猫尾草	1253	9	3	0	1	253	360	152	14	10000	0	1500	0	1260	1262	-1	-1	-1	-1	2	20|30|40	75	275	1
1262	猫尾草	1253	10	3	0	1	253	360	152	14	10000	0	1500	0	1261	1263	-1	-1	-1	-1	2	20|30|40	75	275	1
1263	猫尾草	1253	11	3	0	1	253	360	152	14	10000	0	1500	0	1262	1264	-1	-1	-1	-1	2	20|30|40	75	275	1
1264	猫尾草	1253	12	3	0	1	253	360	152	14	10000	0	1500	0	1263	-1	-1	-1	-1	-1	2	20|30|40	75	275	1
1265	小树丛		1	3	2	1	1265	420	157	20	10000	0	1500	0	-1	1266	-1	-1	-1	-1	0	20|30|40	75	275	1
1266	小树丛	1265	2	3	2	1	1265	420	157	20	10000	0	1500	0	1265	1267	-1	-1	-1	-1	0	20|30|40	75	275	1
1267	小树丛	1265	3	3	2	1	1265	420	157	20	10000	0	1500	0	1266	1268	-1	-1	-1	-1	1	20|30|40	75	275	1
1268	小树丛	1265	4	3	2	1	1265	420	157	20	10000	0	1500	0	1267	1269	-1	-1	-1	-1	1	20|30|40	75	275	1
1269	小树丛	1265	5	3	2	1	1265	420	157	20	10000	0	1500	0	1268	1270	-1	-1	-1	-1	1	20|30|40	75	275	1
1270	小树丛	1265	6	3	2	1	1265	420	157	20	10000	0	1500	0	1269	1271	-1	-1	-1	-1	1	20|30|40	75	275	1
1271	小树丛	1265	7	3	2	1	1265	420	157	20	10000	0	1500	0	1270	1272	-1	-1	-1	-1	1	20|30|40	75	275	1
1272	小树丛	1265	8	3	2	1	1265	420	157	20	10000	0	1500	0	1271	1273	-1	-1	-1	-1	2	20|30|40	75	275	1
1273	小树丛	1265	9	3	2	1	1265	420	157	20	10000	0	1500	0	1272	1274	-1	-1	-1	-1	2	20|30|40	75	275	1
1274	小树丛	1265	10	3	2	1	1265	420	157	20	10000	0	1500	0	1273	1275	-1	-1	-1	-1	2	20|30|40	75	275	1
1275	小树丛	1265	11	3	2	1	1265	420	157	20	10000	0	1500	0	1274	1276	-1	-1	-1	-1	2	20|30|40	75	275	1
1276	小树丛	1265	12	3	2	1	1265	420	157	20	10000	0	1500	0	1275	-1	-1	-1	-1	-1	2	20|30|40	75	275	1
1277	磁力菇		1	3	2	0	1277	630	36	66	8500	500	200	500	-1	1278	-1	-1	-1	-1	0	20|30|40	150	275	1
1278	磁力菇	1277	2	3	2	0	1277	630	36	66	8500	500	200	500	1277	1279	-1	-1	-1	-1	0	20|30|40	150	275	1
1279	磁力菇	1277	3	3	2	0	1277	630	36	66	8500	500	200	500	1278	1280	-1	-1	-1	-1	1	20|30|40	150	275	1
1280	磁力菇	1277	4	3	2	0	1277	630	36	66	8500	500	200	500	1279	1281	-1	-1	-1	-1	1	20|30|40	150	275	1
1281	磁力菇	1277	5	3	2	0	1277	630	36	66	8500	500	200	500	1280	1282	-1	-1	-1	-1	1	20|30|40	150	275	1
1282	磁力菇	1277	6	3	2	0	1277	630	36	66	8500	500	200	500	1281	1283	-1	-1	-1	-1	1	20|30|40	150	275	1
1283	磁力菇	1277	7	3	2	0	1277	630	36	66	8500	500	200	500	1282	1284	-1	-1	-1	-1	1	20|30|40	150	275	1
1284	磁力菇	1277	8	3	2	0	1277	630	36	66	8500	500	200	500	1283	1285	-1	-1	-1	-1	2	20|30|40	150	275	1
1285	磁力菇	1277	9	3	2	0	1277	630	36	66	8500	500	200	500	1284	1286	-1	-1	-1	-1	2	20|30|40	150	275	1
1286	磁力菇	1277	10	3	2	0	1277	630	36	66	8500	500	200	500	1285	1287	-1	-1	-1	-1	2	20|30|40	150	275	1
1287	磁力菇	1277	11	3	2	0	1277	630	36	66	8500	500	200	500	1286	1288	-1	-1	-1	-1	2	20|30|40	150	275	1
1288	磁力菇	1277	12	3	2	0	1277	630	36	66	8500	500	200	500	1287	-1	-1	-1	-1	-1	2	20|30|40	150	275	1
1302	闪电芦苇		1	3	3	1	302	420	193	23	10000	0	1500	0	-1	1303	-1	-1	-1	-1	0	20|30|40	75	275	1
1303	闪电芦苇	1302	2	3	3	1	302	420	193	23	10000	0	1500	0	1302	1304	-1	-1	-1	-1	0	20|30|40	75	275	1
1304	闪电芦苇	1302	3	3	3	1	302	420	193	23	10000	0	1500	0	1303	1305	-1	-1	-1	-1	1	20|30|40	75	275	1
1305	闪电芦苇	1302	4	3	3	1	302	420	193	23	10000	0	1500	0	1304	1306	-1	-1	-1	-1	1	20|30|40	75	275	1
1306	闪电芦苇	1302	5	3	3	1	302	420	193	23	10000	0	1500	0	1305	1307	-1	-1	-1	-1	1	20|30|40	75	275	1
1307	闪电芦苇	1302	6	3	3	1	302	420	193	23	10000	0	1500	0	1306	1308	-1	-1	-1	-1	1	20|30|40	75	275	1
1308	闪电芦苇	1302	7	3	3	1	302	420	193	23	10000	0	1500	0	1307	1309	-1	-1	-1	-1	1	20|30|40	75	275	1
1309	闪电芦苇	1302	8	3	3	1	302	420	193	23	10000	0	1500	0	1308	1310	-1	-1	-1	-1	2	20|30|40	75	275	1
1310	闪电芦苇	1302	9	3	3	1	302	420	193	23	10000	0	1500	0	1309	1311	-1	-1	-1	-1	2	20|30|40	75	275	1
1311	闪电芦苇	1302	10	3	3	1	302	420	193	23	10000	0	1500	0	1310	1312	-1	-1	-1	-1	2	20|30|40	75	275	1
1312	闪电芦苇	1302	11	3	3	1	302	420	193	23	10000	0	1500	0	1311	1313	-1	-1	-1	-1	2	20|30|40	75	275	1
1313	闪电芦苇	1302	12	3	3	1	302	420	193	23	10000	0	1500	0	1312	-1	-1	-1	-1	-1	2	20|30|40	75	275	1
1314	小雏菊		1	3	3	1	1314	430	188	26	10000	0	1500	0	-1	1315	-1	-1	-1	-1	0	20|30|40	75	275	1
1315	小雏菊	1314	2	3	3	1	1314	430	188	26	10000	0	1500	0	1314	1316	-1	-1	-1	-1	0	20|30|40	75	275	1
1316	小雏菊	1314	3	3	3	1	1314	430	188	26	10000	0	1500	0	1315	1317	-1	-1	-1	-1	1	20|30|40	75	275	1
1317	小雏菊	1314	4	3	3	1	1314	430	188	26	10000	0	1500	0	1316	1318	-1	-1	-1	-1	1	20|30|40	75	275	1
1318	小雏菊	1314	5	3	3	1	1314	430	188	26	10000	0	1500	0	1317	1319	-1	-1	-1	-1	1	20|30|40	75	275	1
1319	小雏菊	1314	6	3	3	1	1314	430	188	26	10000	0	1500	0	1318	1320	-1	-1	-1	-1	1	20|30|40	75	275	1
1320	小雏菊	1314	7	3	3	1	1314	430	188	26	10000	0	1500	0	1319	1321	-1	-1	-1	-1	1	20|30|40	75	275	1
1321	小雏菊	1314	8	3	3	1	1314	430	188	26	10000	0	1500	0	1320	1322	-1	-1	-1	-1	2	20|30|40	75	275	1
1322	小雏菊	1314	9	3	3	1	1314	430	188	26	10000	0	1500	0	1321	1323	-1	-1	-1	-1	2	20|30|40	75	275	1
1323	小雏菊	1314	10	3	3	1	1314	430	188	26	10000	0	1500	0	1322	1324	-1	-1	-1	-1	2	20|30|40	75	275	1
1324	小雏菊	1314	11	3	3	1	1314	430	188	26	10000	0	1500	0	1323	1325	-1	-1	-1	-1	2	20|30|40	75	275	1
1325	小雏菊	1314	12	3	3	1	1314	430	188	26	10000	0	1500	0	1324	-1	-1	-1	-1	-1	2	20|30|40	75	275	1
1326	咖啡豆		1	3	2	1	1326	420	186	32	10000	0	1500	0	-1	1327	-1	-1	-1	-1	0	20|30|40	75	245	1
1327	咖啡豆	1326	2	3	2	1	1326	420	186	32	10000	0	1500	0	1326	1328	-1	-1	-1	-1	0	20|30|40	75	245	1
1328	咖啡豆	1326	3	3	2	1	1326	420	186	32	10000	0	1500	0	1327	1329	-1	-1	-1	-1	1	20|30|40	75	245	1
1329	咖啡豆	1326	4	3	2	1	1326	420	186	32	10000	0	1500	0	1328	1330	-1	-1	-1	-1	1	20|30|40	75	245	1
1330	咖啡豆	1326	5	3	2	1	1326	420	186	32	10000	0	1500	0	1329	1331	-1	-1	-1	-1	1	20|30|40	75	245	1
1331	咖啡豆	1326	6	3	2	1	1326	420	186	32	10000	0	1500	0	1330	1332	-1	-1	-1	-1	1	20|30|40	75	245	1
1332	咖啡豆	1326	7	3	2	1	1326	420	186	32	10000	0	1500	0	1331	1333	-1	-1	-1	-1	1	20|30|40	75	245	1
1333	咖啡豆	1326	8	3	2	1	1326	420	186	32	10000	0	1500	0	1332	1334	-1	-1	-1	-1	2	20|30|40	75	245	1
1334	咖啡豆	1326	9	3	2	1	1326	420	186	32	10000	0	1500	0	1333	1335	-1	-1	-1	-1	2	20|30|40	75	245	1
1335	咖啡豆	1326	10	3	2	1	1326	420	186	32	10000	0	1500	0	1334	1336	-1	-1	-1	-1	2	20|30|40	75	245	1
1336	咖啡豆	1326	11	3	2	1	1326	420	186	32	10000	0	1500	0	1335	1337	-1	-1	-1	-1	2	20|30|40	75	245	1
1337	咖啡豆	1326	12	3	2	1	1326	420	186	32	10000	0	1500	0	1336	-1	-1	-1	-1	-1	2	20|30|40	75	245	1
1338	魅惑菇		1	3	2	1	1338	420	188	29	10000	0	1500	0	-1	1339	-1	-1	-1	-1	0	20|30|40	75	245	1
1339	魅惑菇	1338	2	3	2	1	1338	420	188	29	10000	0	1500	0	1338	1340	-1	-1	-1	-1	0	20|30|40	75	245	1
1340	魅惑菇	1338	3	3	2	1	1338	420	188	29	10000	0	1500	0	1339	1341	-1	-1	-1	-1	1	20|30|40	75	245	1
1341	魅惑菇	1338	4	3	2	1	1338	420	188	29	10000	0	1500	0	1340	1342	-1	-1	-1	-1	1	20|30|40	75	245	1
1342	魅惑菇	1338	5	3	2	1	1338	420	188	29	10000	0	1500	0	1341	1343	-1	-1	-1	-1	1	20|30|40	75	245	1
1343	魅惑菇	1338	6	3	2	1	1338	420	188	29	10000	0	1500	0	1342	1344	-1	-1	-1	-1	1	20|30|40	75	245	1
1344	魅惑菇	1338	7	3	2	1	1338	420	188	29	10000	0	1500	0	1343	1345	-1	-1	-1	-1	1	20|30|40	75	245	1
1345	魅惑菇	1338	8	3	2	1	1338	420	188	29	10000	0	1500	0	1344	1346	-1	-1	-1	-1	2	20|30|40	75	245	1
1346	魅惑菇	1338	9	3	2	1	1338	420	188	29	10000	0	1500	0	1345	1347	-1	-1	-1	-1	2	20|30|40	75	245	1
1347	魅惑菇	1338	10	3	2	1	1338	420	188	29	10000	0	1500	0	1346	1348	-1	-1	-1	-1	2	20|30|40	75	245	1
1348	魅惑菇	1338	11	3	2	1	1338	420	188	29	10000	0	1500	0	1347	1349	-1	-1	-1	-1	2	20|30|40	75	245	1
1349	魅惑菇	1338	12	3	2	1	1338	420	188	29	10000	0	1500	0	1348	-1	-1	-1	-1	-1	2	20|30|40	75	245	1
1350	能量豆		1	3	2	1	1350	420	193	23	10000	0	1500	0	-1	1351	-1	-1	-1	-1	0	20|30|40	75	245	1
1351	能量豆	1350	2	3	2	1	1350	420	193	23	10000	0	1500	0	1350	1352	-1	-1	-1	-1	0	20|30|40	75	245	1
1352	能量豆	1350	3	3	2	1	1350	420	193	23	10000	0	1500	0	1351	1353	-1	-1	-1	-1	1	20|30|40	75	245	1
1353	能量豆	1350	4	3	2	1	1350	420	193	23	10000	0	1500	0	1352	1354	-1	-1	-1	-1	1	20|30|40	75	245	1
1354	能量豆	1350	5	3	2	1	1350	420	193	23	10000	0	1500	0	1353	1355	-1	-1	-1	-1	1	20|30|40	75	245	1
1355	能量豆	1350	6	3	2	1	1350	420	193	23	10000	0	1500	0	1354	1356	-1	-1	-1	-1	1	20|30|40	75	245	1
1356	能量豆	1350	7	3	2	1	1350	420	193	23	10000	0	1500	0	1355	1357	-1	-1	-1	-1	1	20|30|40	75	245	1
1357	能量豆	1350	8	3	2	1	1350	420	193	23	10000	0	1500	0	1356	1358	-1	-1	-1	-1	2	20|30|40	75	245	1
1358	能量豆	1350	9	3	2	1	1350	420	193	23	10000	0	1500	0	1357	1359	-1	-1	-1	-1	2	20|30|40	75	245	1
1359	能量豆	1350	10	3	2	1	1350	420	193	23	10000	0	1500	0	1358	1360	-1	-1	-1	-1	2	20|30|40	75	245	1
1360	能量豆	1350	11	3	2	1	1350	420	193	23	10000	0	1500	0	1359	1361	-1	-1	-1	-1	2	20|30|40	75	245	1
1361	能量豆	1350	12	3	2	1	1350	420	193	23	10000	0	1500	0	1360	-1	-1	-1	-1	-1	2	20|30|40	75	245	1
1362	脉冲黄桃		1	3	2	1	1362	430	193	20	10000	0	1500	0	-1	1363	-1	-1	-1	-1	0	20|30|40	75	245	1
1363	脉冲黄桃	1362	2	3	2	1	1362	430	193	20	10000	0	1500	0	1362	1364	-1	-1	-1	-1	0	20|30|40	75	245	1
1364	脉冲黄桃	1362	3	3	2	1	1362	430	193	20	10000	0	1500	0	1363	1365	-1	-1	-1	-1	1	20|30|40	75	245	1
1365	脉冲黄桃	1362	4	3	2	1	1362	430	193	20	10000	0	1500	0	1364	1366	-1	-1	-1	-1	1	20|30|40	75	245	1
1366	脉冲黄桃	1362	5	3	2	1	1362	430	193	20	10000	0	1500	0	1365	1367	-1	-1	-1	-1	1	20|30|40	75	245	1
1367	脉冲黄桃	1362	6	3	2	1	1362	430	193	20	10000	0	1500	0	1366	1368	-1	-1	-1	-1	1	20|30|40	75	245	1
1368	脉冲黄桃	1362	7	3	2	1	1362	430	193	20	10000	0	1500	0	1367	1369	-1	-1	-1	-1	1	20|30|40	75	245	1
1369	脉冲黄桃	1362	8	3	2	1	1362	430	193	20	10000	0	1500	0	1368	1370	-1	-1	-1	-1	2	20|30|40	75	245	1
1370	脉冲黄桃	1362	9	3	2	1	1362	430	193	20	10000	0	1500	0	1369	1371	-1	-1	-1	-1	2	20|30|40	75	245	1
1371	脉冲黄桃	1362	10	3	2	1	1362	430	193	20	10000	0	1500	0	1370	1372	-1	-1	-1	-1	2	20|30|40	75	245	1
1372	脉冲黄桃	1362	11	3	2	1	1362	430	193	20	10000	0	1500	0	1371	1373	-1	-1	-1	-1	2	20|30|40	75	245	1
1373	脉冲黄桃	1362	12	3	2	1	1362	430	193	20	10000	0	1500	0	1372	-1	-1	-1	-1	-1	2	20|30|40	75	245	1
1374	充能柚子		1	3	2	1	1374	440	188	23	10000	0	1500	0	-1	1375	-1	-1	-1	-1	0	20|30|40	75	245	1
1375	充能柚子	1374	2	3	2	1	1374	440	188	23	10000	0	1500	0	1374	1376	-1	-1	-1	-1	0	20|30|40	75	245	1
1376	充能柚子	1374	3	3	2	1	1374	440	188	23	10000	0	1500	0	1375	1377	-1	-1	-1	-1	1	20|30|40	75	245	1
1377	充能柚子	1374	4	3	2	1	1374	440	188	23	10000	0	1500	0	1376	1378	-1	-1	-1	-1	1	20|30|40	75	245	1
1378	充能柚子	1374	5	3	2	1	1374	440	188	23	10000	0	1500	0	1377	1379	-1	-1	-1	-1	1	20|30|40	75	245	1
1379	充能柚子	1374	6	3	2	1	1374	440	188	23	10000	0	1500	0	1378	1380	-1	-1	-1	-1	1	20|30|40	75	245	1
1380	充能柚子	1374	7	3	2	1	1374	440	188	23	10000	0	1500	0	1379	1381	-1	-1	-1	-1	1	20|30|40	75	245	1
1381	充能柚子	1374	8	3	2	1	1374	440	188	23	10000	0	1500	0	1380	1382	-1	-1	-1	-1	2	20|30|40	75	245	1
1382	充能柚子	1374	9	3	2	1	1374	440	188	23	10000	0	1500	0	1381	1383	-1	-1	-1	-1	2	20|30|40	75	245	1
1383	充能柚子	1374	10	3	2	1	1374	440	188	23	10000	0	1500	0	1382	1384	-1	-1	-1	-1	2	20|30|40	75	245	1
1384	充能柚子	1374	11	3	2	1	1374	440	188	23	10000	0	1500	0	1383	1385	-1	-1	-1	-1	2	20|30|40	75	245	1
1385	充能柚子	1374	12	3	2	1	1374	440	188	23	10000	0	1500	0	1384	-1	-1	-1	-1	-1	2	20|30|40	75	245	1
1386	路灯花		1	3	2	0	1386	750	52	86	8500	500	200	500	-1	1387	-1	-1	-1	-1	0	20|30|40	150	280	1
1387	路灯花	1386	2	3	2	0	1386	750	52	86	8500	500	200	500	1386	1388	-1	-1	-1	-1	0	20|30|40	150	280	1
1388	路灯花	1386	3	3	2	0	1386	750	52	86	8500	500	200	500	1387	1389	-1	-1	-1	-1	1	20|30|40	150	280	1
1389	路灯花	1386	4	3	2	0	1386	750	52	86	8500	500	200	500	1388	1390	-1	-1	-1	-1	1	20|30|40	150	280	1
1390	路灯花	1386	5	3	2	0	1386	750	52	86	8500	500	200	500	1389	1391	-1	-1	-1	-1	1	20|30|40	150	280	1
1391	路灯花	1386	6	3	2	0	1386	750	52	86	8500	500	200	500	1390	1392	-1	-1	-1	-1	1	20|30|40	150	280	1
1392	路灯花	1386	7	3	2	0	1386	750	52	86	8500	500	200	500	1391	1393	-1	-1	-1	-1	1	20|30|40	150	280	1
1393	路灯花	1386	8	3	2	0	1386	750	52	86	8500	500	200	500	1392	1394	-1	-1	-1	-1	2	20|30|40	150	280	1
1394	路灯花	1386	9	3	2	0	1386	750	52	86	8500	500	200	500	1393	1395	-1	-1	-1	-1	2	20|30|40	150	280	1
1395	路灯花	1386	10	3	2	0	1386	750	52	86	8500	500	200	500	1394	1396	-1	-1	-1	-1	2	20|30|40	150	280	1
1396	路灯花	1386	11	3	2	0	1386	750	52	86	8500	500	200	500	1395	1397	-1	-1	-1	-1	2	20|30|40	150	280	1
1397	路灯花	1386	12	3	2	0	1386	750	52	86	8500	500	200	500	1396	-1	-1	-1	-1	-1	2	20|30|40	150	280	1
1398	郁金香号手		1	3	3	1	1398	440	188	23	10000	0	1500	0	-1	1399	-1	-1	-1	-1	0	20|30|40	75	245	1
1399	郁金香号手	1398	2	3	3	1	1398	440	188	23	10000	0	1500	0	1398	1400	-1	-1	-1	-1	0	20|30|40	75	245	1
1400	郁金香号手	1398	3	3	3	1	1398	440	188	23	10000	0	1500	0	1399	1401	-1	-1	-1	-1	1	20|30|40	75	245	1
1401	郁金香号手	1398	4	3	3	1	1398	440	188	23	10000	0	1500	0	1400	1402	-1	-1	-1	-1	1	20|30|40	75	245	1
1402	郁金香号手	1398	5	3	3	1	1398	440	188	23	10000	0	1500	0	1401	1403	-1	-1	-1	-1	1	20|30|40	75	245	1
1403	郁金香号手	1398	6	3	3	1	1398	440	188	23	10000	0	1500	0	1402	1404	-1	-1	-1	-1	1	20|30|40	75	245	1
1404	郁金香号手	1398	7	3	3	1	1398	440	188	23	10000	0	1500	0	1403	1405	-1	-1	-1	-1	1	20|30|40	75	245	1
1405	郁金香号手	1398	8	3	3	1	1398	440	188	23	10000	0	1500	0	1404	1406	-1	-1	-1	-1	2	20|30|40	75	245	1
1406	郁金香号手	1398	9	3	3	1	1398	440	188	23	10000	0	1500	0	1405	1407	-1	-1	-1	-1	2	20|30|40	75	245	1
1407	郁金香号手	1398	10	3	3	1	1398	440	188	23	10000	0	1500	0	1406	1408	-1	-1	-1	-1	2	20|30|40	75	245	1
1408	郁金香号手	1398	11	3	3	1	1398	440	188	23	10000	0	1500	0	1407	1409	-1	-1	-1	-1	2	20|30|40	75	245	1
1409	郁金香号手	1398	12	3	3	1	1398	440	188	23	10000	0	1500	0	1408	-1	-1	-1	-1	-1	2	20|30|40	75	245	1
1410	针叶爆破手		1	3	3	1	1410	400	190	20	10000	0	1500	0	-1	1411	-1	-1	-1	-1	0	20|30|40	75	245	1
1411	针叶爆破手	1410	2	3	3	1	1410	400	190	20	10000	0	1500	0	1410	1412	-1	-1	-1	-1	0	20|30|40	75	245	1
1412	针叶爆破手	1410	3	3	3	1	1410	400	190	20	10000	0	1500	0	1411	1413	-1	-1	-1	-1	1	20|30|40	75	245	1
1413	针叶爆破手	1410	4	3	3	1	1410	400	190	20	10000	0	1500	0	1412	1414	-1	-1	-1	-1	1	20|30|40	75	245	1
1414	针叶爆破手	1410	5	3	3	1	1410	400	190	20	10000	0	1500	0	1413	1415	-1	-1	-1	-1	1	20|30|40	75	245	1
1415	针叶爆破手	1410	6	3	3	1	1410	400	190	20	10000	0	1500	0	1414	1416	-1	-1	-1	-1	1	20|30|40	75	245	1
1416	针叶爆破手	1410	7	3	3	1	1410	400	190	20	10000	0	1500	0	1415	1417	-1	-1	-1	-1	1	20|30|40	75	245	1
1417	针叶爆破手	1410	8	3	3	1	1410	400	190	20	10000	0	1500	0	1416	1418	-1	-1	-1	-1	2	20|30|40	75	245	1
1418	针叶爆破手	1410	9	3	3	1	1410	400	190	20	10000	0	1500	0	1417	1419	-1	-1	-1	-1	2	20|30|40	75	245	1
1419	针叶爆破手	1410	10	3	3	1	1410	400	190	20	10000	0	1500	0	1418	1420	-1	-1	-1	-1	2	20|30|40	75	245	1
1420	针叶爆破手	1410	11	3	3	1	1410	400	190	20	10000	0	1500	0	1419	1421	-1	-1	-1	-1	2	20|30|40	75	245	1
1421	针叶爆破手	1410	12	3	3	1	1410	400	190	20	10000	0	1500	0	1420	-1	-1	-1	-1	-1	2	20|30|40	75	245	1
1422	魔术菇		1	3	3	1	1422	450	185	20	10000	0	1500	0	-1	1423	-1	-1	-1	-1	0	20|30|40	150	295	1
1423	魔术菇	1422	2	3	3	1	1422	450	185	20	10000	0	1500	0	1422	1424	-1	-1	-1	-1	0	20|30|40	150	295	1
1424	魔术菇	1422	3	3	3	1	1422	450	185	20	10000	0	1500	0	1423	1425	-1	-1	-1	-1	1	20|30|40	150	295	1
1425	魔术菇	1422	4	3	3	1	1422	450	185	20	10000	0	1500	0	1424	1426	-1	-1	-1	-1	1	20|30|40	150	295	1
1426	魔术菇	1422	5	3	3	1	1422	450	185	20	10000	0	1500	0	1425	1427	-1	-1	-1	-1	1	20|30|40	150	295	1
1427	魔术菇	1422	6	3	3	1	1422	450	185	20	10000	0	1500	0	1426	1428	-1	-1	-1	-1	1	20|30|40	150	295	1
1428	魔术菇	1422	7	3	3	1	1422	450	185	20	10000	0	1500	0	1427	1429	-1	-1	-1	-1	1	20|30|40	150	295	1
1429	魔术菇	1422	8	3	3	1	1422	450	185	20	10000	0	1500	0	1428	1430	-1	-1	-1	-1	2	20|30|40	150	295	1
1430	魔术菇	1422	9	3	3	1	1422	450	185	20	10000	0	1500	0	1429	1431	-1	-1	-1	-1	2	20|30|40	150	295	1
1431	魔术菇	1422	10	3	3	1	1422	450	185	20	10000	0	1500	0	1430	1432	-1	-1	-1	-1	2	20|30|40	150	295	1
1432	魔术菇	1422	11	3	3	1	1422	450	185	20	10000	0	1500	0	1431	1433	-1	-1	-1	-1	2	20|30|40	150	295	1
1433	魔术菇	1422	12	3	3	1	1422	450	190	20	10000	0	1500	0	1432	-1	-1	-1	-1	-1	2	20|30|40	150	295	1
1434	月光花		1	3	3	1	1434	450	190	20	10000	0	1500	0	-1	1435	-1	-1	-1	-1	0	20|30|40	210	260	1
1435	月光花	1434	2	3	3	1	1434	450	190	20	10000	0	1500	0	1434	1436	-1	-1	-1	-1	0	20|30|40	210	260	1
1436	月光花	1434	3	3	3	1	1434	450	190	20	10000	0	1500	0	1435	1437	-1	-1	-1	-1	1	20|30|40	210	260	1
1437	月光花	1434	4	3	3	1	1434	450	190	20	10000	0	1500	0	1436	1438	-1	-1	-1	-1	1	20|30|40	210	260	1
1438	月光花	1434	5	3	3	1	1434	450	190	20	10000	0	1500	0	1437	1439	-1	-1	-1	-1	1	20|30|40	210	260	1
1439	月光花	1434	6	3	3	1	1434	450	190	20	10000	0	1500	0	1438	1440	-1	-1	-1	-1	1	20|30|40	210	260	1
1440	月光花	1434	7	3	3	1	1434	450	190	20	10000	0	1500	0	1439	1441	-1	-1	-1	-1	1	20|30|40	210	260	1
1441	月光花	1434	8	3	3	1	1434	450	190	20	10000	0	1500	0	1440	1442	-1	-1	-1	-1	2	20|30|40	210	260	1
1442	月光花	1434	9	3	3	1	1434	450	190	20	10000	0	1500	0	1441	1443	-1	-1	-1	-1	2	20|30|40	210	260	1
1443	月光花	1434	10	3	3	1	1434	450	190	20	10000	0	1500	0	1442	1444	-1	-1	-1	-1	2	20|30|40	210	260	1
1444	月光花	1434	11	3	3	1	1434	450	190	20	10000	0	1500	0	1443	1445	-1	-1	-1	-1	2	20|30|40	210	260	1
1445	月光花	1434	12	3	3	1	1434	450	190	20	10000	0	1500	0	1444	-1	-1	-1	-1	-1	2	20|30|40	210	260	1
1446	旋转菠萝		1	3	2	0	1446	750	52	86	8500	500	200	500	-1	1447	-1	-1	-1	-1	0	20|30|40	150	280	1
1447	旋转菠萝	1446	2	3	2	0	1446	750	52	86	8500	500	200	500	1446	1448	-1	-1	-1	-1	0	20|30|40	150	280	1
1448	旋转菠萝	1446	3	3	2	0	1446	750	52	86	8500	500	200	500	1447	1449	-1	-1	-1	-1	1	20|30|40	150	280	1
1449	旋转菠萝	1446	4	3	2	0	1446	750	52	86	8500	500	200	500	1448	1450	-1	-1	-1	-1	1	20|30|40	150	280	1
1450	旋转菠萝	1446	5	3	2	0	1446	750	52	86	8500	500	200	500	1449	1451	-1	-1	-1	-1	1	20|30|40	150	280	1
1451	旋转菠萝	1446	6	3	2	0	1446	750	52	86	8500	500	200	500	1450	1452	-1	-1	-1	-1	1	20|30|40	150	280	1
1452	旋转菠萝	1446	7	3	2	0	1446	750	52	86	8500	500	200	500	1451	1453	-1	-1	-1	-1	1	20|30|40	150	280	1
1453	旋转菠萝	1446	8	3	2	0	1446	750	52	86	8500	500	200	500	1452	1454	-1	-1	-1	-1	2	20|30|40	150	280	1
1454	旋转菠萝	1446	9	3	2	0	1446	750	52	86	8500	500	200	500	1453	1455	-1	-1	-1	-1	2	20|30|40	150	280	1
1455	旋转菠萝	1446	10	3	2	0	1446	750	52	86	8500	500	200	500	1454	1456	-1	-1	-1	-1	2	20|30|40	150	280	1
1456	旋转菠萝	1446	11	3	2	0	1446	750	52	86	8500	500	200	500	1455	1457	-1	-1	-1	-1	2	20|30|40	150	280	1
1457	旋转菠萝	1446	12	3	2	0	1446	750	52	86	8500	500	200	500	1456	-1	-1	-1	-1	-1	2	20|30|40	150	280	1
1458	苹果掷弹手		1	3	2	1	1458	420	157	20	10000	0	1500	0	-1	1459	-1	-1	-1	-1	0	20|30|40	75	220	1
1459	苹果掷弹手	1458	2	3	2	1	1458	420	157	20	10000	0	1500	0	1458	1460	-1	-1	-1	-1	0	20|30|40	75	220	1
1460	苹果掷弹手	1458	3	3	2	1	1458	420	157	20	10000	0	1500	0	1459	1461	-1	-1	-1	-1	1	20|30|40	75	220	1
1461	苹果掷弹手	1458	4	3	2	1	1458	420	157	20	10000	0	1500	0	1460	1462	-1	-1	-1	-1	1	20|30|40	75	220	1
1462	苹果掷弹手	1458	5	3	2	1	1458	420	157	20	10000	0	1500	0	1461	1463	-1	-1	-1	-1	1	20|30|40	75	220	1
1463	苹果掷弹手	1458	6	3	2	1	1458	420	157	20	10000	0	1500	0	1462	1464	-1	-1	-1	-1	1	20|30|40	75	220	1
1464	苹果掷弹手	1458	7	3	2	1	1458	420	157	20	10000	0	1500	0	1463	1465	-1	-1	-1	-1	1	20|30|40	75	220	1
1465	苹果掷弹手	1458	8	3	2	1	1458	420	157	20	10000	0	1500	0	1464	1466	-1	-1	-1	-1	2	20|30|40	75	220	1
1466	苹果掷弹手	1458	9	3	2	1	1458	420	157	20	10000	0	1500	0	1465	1467	-1	-1	-1	-1	2	20|30|40	75	220	1
1467	苹果掷弹手	1458	10	3	2	1	1458	420	157	20	10000	0	1500	0	1466	1468	-1	-1	-1	-1	2	20|30|40	75	220	1
1468	苹果掷弹手	1458	11	3	2	1	1458	420	157	20	10000	0	1500	0	1467	1469	-1	-1	-1	-1	2	20|30|40	75	220	1
1469	苹果掷弹手	1458	12	3	2	1	1458	420	157	20	10000	0	1500	0	1468	-1	-1	-1	-1	-1	2	20|30|40	75	220	1
1470	噬毒花		1	3	2	1	1470	420	157	20	10000	0	1500	0	-1	1471	-1	-1	-1	-1	0	20|30|40	75	220	1
1471	噬毒花	1470	2	3	2	1	1470	420	157	20	10000	0	1500	0	1470	1472	-1	-1	-1	-1	0	20|30|40	75	220	1
1472	噬毒花	1471	3	3	2	1	1470	420	157	20	10000	0	1500	0	1471	1473	-1	-1	-1	-1	1	20|30|40	75	220	1
1473	噬毒花	1472	4	3	2	1	1470	420	157	20	10000	0	1500	0	1472	1474	-1	-1	-1	-1	1	20|30|40	75	220	1
1474	噬毒花	1473	5	3	2	1	1470	420	157	20	10000	0	1500	0	1473	1475	-1	-1	-1	-1	1	20|30|40	75	220	1
1475	噬毒花	1474	6	3	2	1	1470	420	157	20	10000	0	1500	0	1474	1476	-1	-1	-1	-1	1	20|30|40	75	220	1
1476	噬毒花	1475	7	3	2	1	1470	420	157	20	10000	0	1500	0	1475	1477	-1	-1	-1	-1	1	20|30|40	75	220	1
1477	噬毒花	1476	8	3	2	1	1470	420	157	20	10000	0	1500	0	1476	1478	-1	-1	-1	-1	2	20|30|40	75	220	1
1478	噬毒花	1477	9	3	2	1	1470	420	157	20	10000	0	1500	0	1477	1479	-1	-1	-1	-1	2	20|30|40	75	220	1
1479	噬毒花	1478	10	3	2	1	1470	420	157	20	10000	0	1500	0	1478	1480	-1	-1	-1	-1	2	20|30|40	75	220	1
1480	噬毒花	1479	11	3	2	1	1470	420	157	20	10000	0	1500	0	1479	1481	-1	-1	-1	-1	2	20|30|40	75	220	1
1481	噬毒花	1480	12	3	2	1	1470	420	157	20	10000	0	1500	0	1480	-1	-1	-1	-1	-1	2	20|30|40	75	220	1
1482	毒舌菇		1	3	0	1	1482	360	152	14	10000	0	1500	0	-1	1483	-1	-1	-1	-1	0	20|30|40	75	275	1
1483	毒舌菇	1482	2	3	0	1	1482	360	152	14	10000	0	1500	0	1482	1484	-1	-1	-1	-1	0	20|30|40	75	275	1
1484	毒舌菇	1483	3	3	0	1	1482	360	152	14	10000	0	1500	0	1483	1485	-1	-1	-1	-1	1	20|30|40	75	275	1
1485	毒舌菇	1484	4	3	0	1	1482	360	152	14	10000	0	1500	0	1484	1486	-1	-1	-1	-1	1	20|30|40	75	275	1
1486	毒舌菇	1485	5	3	0	1	1482	360	152	14	10000	0	1500	0	1485	1487	-1	-1	-1	-1	1	20|30|40	75	275	1
1487	毒舌菇	1486	6	3	0	1	1482	360	152	14	10000	0	1500	0	1486	1488	-1	-1	-1	-1	1	20|30|40	75	275	1
1488	毒舌菇	1487	7	3	0	1	1482	360	152	14	10000	0	1500	0	1487	1489	-1	-1	-1	-1	1	20|30|40	75	275	1
1489	毒舌菇	1488	8	3	0	1	1482	360	152	14	10000	0	1500	0	1488	1490	-1	-1	-1	-1	2	20|30|40	75	275	1
1490	毒舌菇	1489	9	3	0	1	1482	360	152	14	10000	0	1500	0	1489	1491	-1	-1	-1	-1	2	20|30|40	75	275	1
1491	毒舌菇	1490	10	3	0	1	1482	360	152	14	10000	0	1500	0	1490	1492	-1	-1	-1	-1	2	20|30|40	75	275	1
1492	毒舌菇	1491	11	3	0	1	1482	360	152	14	10000	0	1500	0	1491	1493	-1	-1	-1	-1	2	20|30|40	75	275	1
1493	毒舌菇	1492	12	3	0	1	1482	360	152	14	10000	0	1500	0	1492	-1	-1	-1	-1	-1	2	20|30|40	75	275	1
1494	剑术门徒		1	3	2	0	1494	700	52	86	8500	500	750	500	-1	1495	-1	-1	-1	-1	0	20|30|40	75	280	1
1495	剑术门徒	1494	2	3	2	0	1494	700	52	86	8500	500	750	500	1494	1496	-1	-1	-1	-1	0	20|30|40	75	280	1
1496	剑术门徒	1495	3	3	2	0	1494	700	52	86	8500	500	750	500	1495	1497	-1	-1	-1	-1	1	20|30|40	75	280	1
1497	剑术门徒	1496	4	3	2	0	1494	700	52	86	8500	500	750	500	1496	1498	-1	-1	-1	-1	1	20|30|40	75	280	1
1498	剑术门徒	1497	5	3	2	0	1494	700	52	86	8500	500	750	500	1497	1499	-1	-1	-1	-1	1	20|30|40	75	280	1
1499	剑术门徒	1498	6	3	2	0	1494	700	52	86	8500	500	750	500	1498	1500	-1	-1	-1	-1	1	20|30|40	75	280	1
1500	剑术门徒	1499	7	3	2	0	1494	700	52	86	8500	500	750	500	1499	1501	-1	-1	-1	-1	1	20|30|40	75	280	1
1501	剑术门徒	1500	8	3	2	0	1494	700	52	86	8500	500	750	500	1500	1502	-1	-1	-1	-1	2	20|30|40	75	280	1
1502	剑术门徒	1501	9	3	2	0	1494	700	52	86	8500	500	750	500	1501	1503	-1	-1	-1	-1	2	20|30|40	75	280	1
1503	剑术门徒	1502	10	3	2	0	1494	700	52	86	8500	500	750	500	1502	1504	-1	-1	-1	-1	2	20|30|40	75	280	1
1504	剑术门徒	1503	11	3	2	0	1494	700	52	86	8500	500	750	500	1503	1505	-1	-1	-1	-1	2	20|30|40	75	280	1
1505	剑术门徒	1504	12	3	2	0	1494	700	52	86	8500	500	750	500	1504	-1	-1	-1	-1	-1	2	20|30|40	75	280	1
1506	番莲工程师		1	3	2	1	1506	420	160	17	10000	0	1500	0	-1	1230	-1	-1	-1	-1	0	20|30|40	75	265	1
1507	番莲工程师	1506	2	3	2	1	1506	420	160	17	10000	0	1500	0	1229	1231	-1	-1	-1	-1	0	20|30|40	75	265	1
1508	番莲工程师	1507	3	3	2	1	1506	420	160	17	10000	0	1500	0	1230	1232	-1	-1	-1	-1	1	20|30|40	75	265	1
1509	番莲工程师	1508	4	3	2	1	1506	420	160	17	10000	0	1500	0	1231	1233	-1	-1	-1	-1	1	20|30|40	75	265	1
1510	番莲工程师	1509	5	3	2	1	1506	420	160	17	10000	0	1500	0	1232	1234	-1	-1	-1	-1	1	20|30|40	75	265	1
1511	番莲工程师	1510	6	3	2	1	1506	420	160	17	10000	0	1500	0	1233	1235	-1	-1	-1	-1	1	20|30|40	75	265	1
1512	番莲工程师	1511	7	3	2	1	1506	420	160	17	10000	0	1500	0	1234	1236	-1	-1	-1	-1	1	20|30|40	75	265	1
1513	番莲工程师	1512	8	3	2	1	1506	420	160	17	10000	0	1500	0	1235	1237	-1	-1	-1	-1	2	20|30|40	75	265	1
1514	番莲工程师	1513	9	3	2	1	1506	420	160	17	10000	0	1500	0	1236	1238	-1	-1	-1	-1	2	20|30|40	75	265	1
1515	番莲工程师	1514	10	3	2	1	1506	420	160	17	10000	0	1500	0	1237	1239	-1	-1	-1	-1	2	20|30|40	75	265	1
1516	番莲工程师	1515	11	3	2	1	1506	420	160	17	10000	0	1500	0	1238	1240	-1	-1	-1	-1	2	20|30|40	75	265	1
1517	番莲工程师	1516	12	3	2	1	1506	420	160	17	10000	0	1500	0	1239	-1	-1	-1	-1	-1	2	20|30|40	75	265	1
																									
5001	绿色金盏花		4	3	1	2	5001				8500	120	500	0	-1		-1	-1	-1	-1		20|20|20			1
5002	蓝色金盏花		7	3	1	2	5002				8500	210	500	0	-1		-1	-1	-1	-1		23|23|23			1
5003	紫色金盏花		11	3	1	2	5003				8500	330	500	0	-1		-1	-1	-1	-1		26|26|26			1
5004	大型金盏花		14	3	1	2	5004				8500	420	500	0	-1		-1	-1	-1	-1		26|26|27			1
5005	巨型金盏花		17	3	1	2	5005				8500	510	500	0	-1		-1	-1	-1	-1		26|26|28			1
5006	BOSS金盏花		20	3	1	2	5006				8500	600	500	0	-1		-1	-1	-1	-1		26|26|28			1
20001	普通僵尸				3	1	20001																		1
20002	旗帜僵尸				3	1	20002																		1
20003	路障僵尸				3	1	20003																		1
20004	铁桶僵尸				3	1	20004																		1
20005	橄榄球僵尸				3	1	20005																		1
20006	扶梯僵尸				3	1	20006																		1
20007	伽刚特尔				1	1	20007																		1
20008	雪人僵尸				0	1	20008																		1
20009	撑杆僵尸				3	1	20009																		1
20010	卡车司机				3	1	20010																		1
20101	木乃伊僵尸				2	1	20101																		1
20102	路障木乃伊				2	1	20102																		1
20103	旗子木乃伊				2	1	20103																		1
20104	铁桶木乃伊				2	1	20104																		1
20105	骆驼僵尸				2	1	20105																		1
20106	探险家僵尸				2	1	20106																		1
20107	死神僵尸				2	1	20107																		1
20108	太阳神僵尸				2	1	20108																		1
20109	法老僵尸				2	1	20109																		1
20110	埃及艳后僵尸				2	1	20110																		1
20111	太阳神僵尸无				2	1	20111																		1
20201	海盗僵尸				0	1	20201																		1
20202	路障海盗				0	1	20202																		1
20203	旗子海盗				0	1	20203																		1
20204	铁桶僵尸				0	1	20204																		1
20205	飞索海盗				0	1	20205																		1
20206	海鸥海盗				0	1	20206																		1
20207	滚桶海盗				0	1	20207																		1
20208	海盗小鬼僵尸				0	1	20208																		1
20209	小鬼僵尸炮				0	1	20209																		1
20210	僵尸鹦鹉				0	1	20210																		1
20211	海盗船长僵尸				0	1	20211																		1
20301	牛仔僵尸				1	1	20301																		1
20302	路障牛仔				1	1	20302																		1
20303	铁桶牛仔				1	1	20303																		1
20304	旗子牛仔				1	1	20304																		1
20305	淘金僵尸				1	1	20305																		1
20306	钢琴僵尸				1	1	20306																		1
20307	斗篷僵尸				1	1	20307																		1
20308	鸡贼僵尸				1	1	20308																		1
20309	僵尸鸡				1	1	20309																		1
20310	骑牛小鬼僵尸				1	1	20310																		1
20311	机器牛				1	1	20311																		1
20312	僵尸警长（废）				1	1	20312																		1
20313	僵尸酋长				1	1	20313																		1
22222	雪人僵尸				0	1	22222																		1
22223	卡车司机				3	1	22223																		1
20401	长城旗帜				1	1	20401																		1
20402	长城路障				1	1	20402																		1
20403	长城铁桶				1	1	20403																		1
20404	灵符僵尸				1	1	20404																		1
20405	长城大刀				1	1	20405																		1
20406	长城长矛				1	1	20406																		1
20407	长城铁盔				1	1	20407																		1
20408	长城投石车				1	1	20408																		1
20409	长城圆锤				1	1	20409																		1
20410	长城战车				1	1	20410																		1
20411	皇帝僵尸				1	1	20411																		1
20501	普通原始人				2	1	20501																		1
20502	路障原始人				2	1	20502																		1
20503	铁桶原始人				2	1	20503																		1
20504	面具原始人				2	1	20504																		1
20505	木棍原始人				2	1	20505																		1
20506	弹弓原始人				2	1	20506																		1
20507	骑鸟僵尸				3	1	20507																		1
20508	蜗牛僵尸				0	1	20508																		1
20509	猛犸僵尸				2	1	20509																		1
20510	蜂窝僵尸				2	1	20510																		1
20511	力士僵尸				2	1	20511																		1
20512	僵尸博士				2	1	20512																		1
20513	僵尸警长				2	1	20513																		1
20514	蜗牛僵尸				2	1	20514																		1
6001	阳光菇		11	4	1	2	6001				8500	0	500	0	-1		1000	1	2	3		26|26|26			1
6002	大型阳光菇		14	4	1	2	6002				8500	0	500	0	-1		1000	1	2	3		26|26|26			1
20515	模拟战僵尸博士				3	1	20515																		1
20516	精英美国路障				3	1	20516																		1
20517	精英美国旗帜				3	1	20517																		1
20518	精英美国铁桶				3	1	20518																		1
20519	精英美国橄榄				3	1	20519																		1
20520	精英美国撑杆				3	1	20520																		1
20521	精英美国路障				3	1	20521																		1
20522	精英美国撑杆				3	1	20522																		1
20011	路障boss				3	1	20011																		1
20012	撑杆boss				3	1	20012																		1
20013	铁桶boss				3	1	20013																		1
20014	旗子boss				3	1	20014																		1
20015	橄榄球boss				3	1	20015																		1
20111	路障木乃伊boss				2	1	20111																		1
20112	旗帜木乃伊boss				2	1	20112																		1
20113	铁桶木乃伊boss				2	1	20113																		1
20114	探险家boss				2	1	20114																		1
20115	死神boss				2	1	20115																		1
20116	太阳神boss				2	1	20116																		1
20117	法老boss				1	1	20117																		1
20118	埃及艳后boss				2	1	20118																		1
20212	路障海盗boss				0	1	20212																		1
20213	铁桶海盗boss				0	1	20213																		1
20214	旗帜海盗boss				0	1	20214																		1
20215	飞索海盗boss				0	1	20215																		1
20216	海鸥海盗boss				3	1	20216																		1
20217	滚筒boss				0	1	20217																		1
20218	船长boss				0	1	20218																		1
20314	路障牛仔boss				1	1	20314																		1
20315	铁桶牛仔boss				1	1	20315																		1
20316	旗子牛仔boss				1	1	20316																		1
20317	淘金boss				2	1	20317																		1
20318	钢琴boss				1	1	20318																		1
20319	鸡贼boss				1	1	20319																		1
20320	机器牛boss				1	1	20320																		1
20412	长城路障boss				1	1	20412																		1
20413	长城铁桶boss				1	1	20413																		1
20414	长城旗帜boss				1	1	20414																		1
20415	灵符僵尸boss				1	1	20415																		1
20416	长城大刀boss				3	1	20416																		1
20417	长城投石车boss				1	1	20417																		1
30512	木棍原始人boss				2	1	30512																		1
30513	铁桶原始人boss				2	1	30513																		1
30514	弹弓原始人boss				2	1	30514																		1
30515	面具原始人boss				2	1	30515																		1
30516	蜂窝僵尸boss				2	1	30516																		1
20613	火炬武师boss				2	1	20613																		1
20614	铜锣僵尸boss				3	1	20614																		1
20615	炸弹僵尸boss				2	1	20615																		1
20616	酒鬼武师boss				3	1	20616																		1
20617	大锤武师boss				3	1	20617																		1
20618	气功师boss				3	1	20618																		1
20619	刀客boss				3	1	20619																		1
20601	普通武师				3	1	20601																		1
20602	路障武师				3	1	20602																		1
20603	铁桶武师				3	1	20603																		1
20604	炸弹僵尸				3	1	20604																		1
20605	禅杖武僧				3	1	20605																		1
20606	刺客				3	1	20606																		1
20607	大锤武师				3	1	20607																		1
20608	刀客				3	1	20608																		1
20609	酒鬼武师				3	1	20609																		1
20610	火炬武师				3	1	20610																		1
20611	气功师				3	1	20611																		1
20612	铜锣僵尸				3	1	20612																		1
20620	旗帜武师				3	1	20620																		1
20621	火箭僵尸				3	1	20621																		1
95006	BOSS金盏花				3	1	95006																		1
20622	大墓地BOSS				3	1	20622																		1
20623	路障武师boss				3	1	20623																		1
20624	长城普僵				3	1	20624																		1
20701	普通小鬼				0	1	20701																		1
20702	旗子小鬼				0	1	20702																		1
20703	铁锅小鬼				0	1	20703																		1
20704	铁盘小鬼				0	1	20704																		1
20705	叉子小鬼				0	1	20705																		1
20706	土地爷爷				0	1	20706																		1
20707	红孩儿				0	1	20707																		1
20708	黑熊精				0	1	20708																		1
20709	黄梅大王				0	1	20709																		1
20710	白骨精				0	1	20710																		1
20711	蜘蛛精				0	1	20711																		1
20712	牛魔王				0	1	20712																		1
20713	红孩儿BOSS				0	1	20713																		1
20714	土地爷爷BOSS				0	1	20714																		1
20715	黄梅大王BOSS				0	1	20715																		1
20716	黑熊精BOSS				0	1	20716																		1
20717	叉子小鬼BOSS				0	1	20717																		1
20718	铁锅小鬼BOSS				0	1	20718																		1
20719	维京普通僵尸				0	1	20719																		1
20720	维京路障僵尸				0	1	20720																		1
20721	维京路障僵尸boss				0	1	20721																		1
20722	维京铁桶僵尸				0	1	20722																		1
20723	维京铁桶僵尸boss				0	1	20723																		1
20724	号角僵尸				0	1	20724																		1
20725	号角僵尸BOSS				0	1	20725																		1
20726	飞龙饲养员				0	1	20726																		1
20727	飞龙饲养员Boss				0	1	20727																		1
20728	维京龙骑兵				0	1	20728																		1
20729	伽刚特尔(无小鬼）				1	1	20729																		1
20730	埃及探险（无火）				2	1	20730																		1
20731	boss埃及探险（无火）				2	1	20731																		1
20732	海盗非推桶				0	1	20732																		1
20733	非推桶boss				0	1	20733																		1
20734	推桶小鬼				0	1	20734																		1
20735	推桶小鬼Boss				0	1	20735																		1
20736	淘金僵尸（熄火）				1	1	20736																		1
20737	淘金BOSS（熄火）				2	1	20737																		1
20738	无铜锣僵尸				3	1	20738																		1
20739	无铜锣僵尸Boss				3	1	20739																		1
20740	炮弹小鬼				0	1	20740																		1
20741	伽刚小鬼				0	1	20741																		1
20742	绵羊僵尸（年兽）					1	20742																		1
20743	飞龙饲养员（带金币）				0	1	20743																		1
20744	飞龙饲养员Boss（带金币）				0	1	20744																		1
20745	维京龙骑兵（吞金币）				0	1	20745																		1
20746	歌王僵尸BOSS					1	20746																		1
20747	歌王僵尸世界BOSS					1	20747																		1
1010501	普通僵尸				3	1	1010501																		1
1010502	撑杆僵尸				3	1	1010502																		1
1010503	路障僵尸				3	1	1010503																		1
1010504	伽刚特尔				1	1	1010504																		1
1011001	路障僵尸				3	1	1011001																		1
1011002	橄榄球僵尸				3	1	1011002																		1
1011003	铁桶僵尸				3	1	1011003																		1
1011004	雪人僵尸				0	1	1011004																		1
1020501	路障原始人				2	1	1020501																		1
1020502	弹弓原始人				2	1	1020502																		1
1020503	面具原始人				2	1	1020503																		1
1020504	骑鸟僵尸				3	1	1020504																		1
1021001	弹弓原始人				2	1	1021001																		1
1021002	面具原始人				2	1	1021002																		1
1021003	路障原始人				2	1	1021003																		1
1021004	蜗牛僵尸				2	1	1021004																		1
1021501	木棍原始人				2	1	1021501																		1
1021502	弹弓原始人				2	1	1021502																		1
1021503	铁桶原始人				2	1	1021503																		1
1021504	力士僵尸				2	1	1021504																		1
1030501	长城路障				1	1	1030501																		1
1030502	长城长矛				1	1	1030502																		1
1030503	长城铁桶				1	1	1030503																		1
1030504	长城大刀boss				3	1	1030504																		1
1031001	长城路障				1	1	1031001																		1
1031002	长城投石车				1	1	1031002																		1
1031003	长城铁桶				1	1	1031003																		1
1031004	长城投石车boss				1	1	1031004																		1
1031501	长城路障				1	1	1031501																		1
1031502	长城投石车				1	1	1031502																		1
1031503	长城铁桶				1	1	1031503																		1
1031504	长城圆锤				1	1	1031504																		1
1032001	长城路障				1	1	1032001																		1
1032002	长城投石车				1	1	1032002																		1
1032003	长城大刀				1	1	1032003																		1
1032004	长城战车				1	1	1032004																		1
1040501	路障木乃伊				2	1	1040501																		1
1040502	探险家僵尸				2	1	1040502																		1
1040503	旗子木乃伊				2	1	1040503																		1
1040504	太阳神boss				2	1	1040504																		1
1041001	路障木乃伊				2	1	1041001																		1
1041002	探险家僵尸				2	1	1041002																		1
1041003	旗子木乃伊				2	1	1041003																		1
1041004	死神boss				2	1	1041004																		1
1041501	铁桶木乃伊				2	1	1041501																		1
1041502	太阳神僵尸				2	1	1041502																		1
1041503	旗子木乃伊				2	1	1041503																		1
1041504	太阳神boss				2	1	1041504																		1
1042001	铁桶木乃伊				2	1	1042001																		1
1042002	旗子木乃伊				2	1	1042002																		1
1042003	探险家僵尸				2	1	1042003																		1
1042004	埃及艳后boss				2	1	1042004																		1
1042501	铁桶木乃伊				2	1	1042501																		1
1042502	旗子木乃伊				2	1	1042502																		1
1042503	死神僵尸				2	1	1042503																		1
1042504	法老boss				1	1	1042504																		1
1050501	路障海盗				0	1	1050501																		1
1050502	海盗僵尸				0	1	1050502																		1
1050503	飞索海盗				0	1	1050503																		1
1050504	飞索海盗boss				0	1	1050504																		1
1051001	路障海盗				0	1	1051001																		1
1051002	旗子海盗				0	1	1051002																		1
1051003	飞索海盗				0	1	1051003																		1
1051004	滚筒boss				0	1	1051004																		1
1051501	路障海盗				0	1	1051501																		1
1051502	铁桶僵尸				0	1	1051502																		1
1051503	飞索海盗				0	1	1051503																		1
1051504	海鸥海盗boss				3	1	1051504																		1
1052001	铁桶僵尸				0	1	1052001																		1
1052002	飞索海盗				0	1	1052002																		1
1052003	旗子海盗				0	1	1052003																		1
1052004	小鬼僵尸炮				0	1	1052004																		1
1052501	铁桶僵尸				0	1	1052501																		1
1052502	飞索海盗				0	1	1052502																		1
1052503	旗子海盗				0	1	1052503																		1
1052504	船长boss				0	1	1052504																		1
1060501	路障牛仔				1	1	1060501																		1
1060502	淘金僵尸				1	1	1060502																		1
1060503	铁桶牛仔				1	1	1060503																		1
1060504	鸡贼boss				1	1	1060504																		1
1061001	路障牛仔				1	1	1061001																		1
1061002	淘金僵尸				1	1	1061002																		1
1061003	铁桶牛仔				1	1	1061003																		1
1061004	淘金boss				2	1	1061004																		1
1061501	路障牛仔				1	1	1061501																		1
1061502	淘金僵尸				1	1	1061502																		1
1061503	铁桶牛仔				1	1	1061503																		1
1061504	钢琴boss				1	1	1061504																		1
1062001	淘金僵尸				1	1	1062001																		1
1062002	铁桶牛仔				1	1	1062002																		1
1062003	钢琴僵尸				1	1	1062003																		1
1062004	机器牛boss				1	1	1062004																		1
1062501	淘金僵尸				1	1	1062501																		1
1062502	铁桶牛仔				1	1	1062502																		1
1062503	钢琴僵尸				1	1	1062503																		1
1062504	僵尸警长				2	1	1062504																		1
1070501	路障武师				3	1	1070501																		1
1070502	炸弹僵尸				3	1	1070502																		1
1070503	铁桶武师				3	1	1070503																		1
1070504	酒鬼武师boss				3	1	1070504																		1
1071001	路障武师				3	1	1071001																		1
1071002	炸弹僵尸				3	1	1071002																		1
1071003	铁桶武师				3	1	1071003																		1
1071004	大锤武师boss				3	1	1071004																		1
1071501	铁桶武师				3	1	1071501																		1
1071502	路障武师				3	1	1071502																		1
1071503	气功师				3	1	1071503																		1
1071504	气功师boss				3	1	1071504																		1
1072001	铁桶武师				3	1	1072001																		1
1072002	气功师				3	1	1072002																		1
1072003	火炬武师				3	1	1072003																		1
1072004	刀客boss				3	1	1072004																		1
1072501	铁桶武师				3	1	1072501																		1
1072502	气功师				3	1	1072502																		1
1072503	火炬武师				3	1	1072503																		1
1072504	刺客				2	1	1072504																		1
1080501	铁锅小鬼				0	1	1080501																		1
1080502	叉子小鬼				0	1	1080502																		1
1080503	红孩儿				0	1	1080503																		1
1080504	红孩儿BOSS				0	1	1080504																		1
1081001	铁锅小鬼				0	1	1081001																		1
1081002	黑熊精				0	1	1081002																		1
1081003	叉子小鬼				0	1	1081003																		1
1081004	黑熊精BOSS				0	1	1081004																		1
1081501	铁盘小鬼				0	1	1081501																		1
1081502	叉子小鬼				0	1	1081502																		1
1081503	黑熊精				0	1	1081503																		1
1081504	黄梅大王BOSS				0	1	1081504																		1
1082001	铁盘小鬼				0	1	1082001																		1
1082002	叉子小鬼				0	1	1082002																		1
1082003	黑熊精				0	1	1082003																		1
1082004	白骨精				0	1	1082004																		1
1082501	黑熊精				0	1	1082501																		1
1082502	红孩儿				0	1	1082502																		1
1082503	叉子小鬼				0	1	1082503																		1
1082504	蜘蛛精				0	1	1082504																		1
1090001	未来普通僵尸（普通）				0	1	1090001																		1
1090002	未来铁桶僵尸（技能）				0	1	1090002																		1
1090003	未来路障僵尸（技能）				0	1	1090003																		1
1090004	未来旗子僵尸（技能）				0	1	1090004																		1
1090005	未来喷射器僵尸（技能）				0	1	1090005																		1
1090006	未来电磁盾僵尸（BOSS）				0	1	1090006																		1
1090007	未来舞者3000僵尸（BOSS）				0	1	1090007																		1
1090008	未来僵尸博士(BOSS)				0	1	1090008																		1
1090009	未来橄榄球僵尸(BOSS)				0	1	1090009																		1
1090010	未来机甲蝗虫小鬼(技能)				0	1	1090010																		1
1090011	未来僵尸统领(BOSS)				0	1	1090011																		1
1090012	未来铁桶僵尸（普通）				0	1	1090012																		1
1090013	未来路障僵尸（普通）				0	1	1090013																		1
1090014	未来旗子僵尸（普通）				0	1	1090014																		1
1090015	未来喷射器僵尸（普通）				0	1	1090015																		1
1096001	黑暗蓝袍法师（普通）				0	1	1096001																		1
1096101	黑暗僧侣小鬼（普通）				0	1	1096101																		1
1096201	黑暗小龙小鬼（普通）				0	1	1096201																		1
1096301	黑暗盗贼僵尸（普通）				0	1	1096301																		1
1096401	黑暗旗帜僵尸（技能）				0	1	1096401																		1
1096501	黑暗小丑僵尸（技能）				0	1	1096501																		1
1096601	黑暗小狼僵尸（技能）				0	1	1096601																		1
1096701	黑暗盔甲僵尸（技能）				0	1	1096701																		1
																									
21000	歌王僵尸大格				0	1	21000																		1
21008	雪人僵尸大格				0	1	21008																		1
21010	卡车司机大格				0	1	21010																		1
21020	骑鸟僵尸大格				0	1	21020																		1
21030	蜗牛僵尸大格				0	1	21030																		1
21040	力士僵尸大格				0	1	21040																		1
21050	猛犸僵尸大格				0	1	21050																		1
21060	长城大刀boss大格				0	1	21060																		1
21070	长城投石车boss大格				0	1	21070																		1
21080	长城圆锤大格				0	1	21080																		1
21090	长城战车大格				0	1	21090																		1
21100	皇帝僵尸大格				0	1	21100																		1
21110	死神boss大格				0	1	21110																		1
21120	太阳神boss大格				0	1	21120																		1
21130	大锤武师boss大格				0	1	21130																		1
21140	埃及艳后boss大格				0	1	21140																		1
21150	死神boss大格				0	1	21150																		1
21170	飞索海盗boss大格				0	1	21170																		1
21180	海鸥海盗boss大格				0	1	21180																		1
21190	船长boss大格				0	1	21190																		1
21210	鸡贼boss大格				0	1	21210																		1
21220	淘金boss大格				0	1	21220																		1
21230	钢琴boss大格				0	1	21230																		1
21240	机器牛boss大格				0	1	21240																		1
21250	僵尸警长大格				0	1	21250																		1
21260	僵尸酋长大格				0	1	21260																		1
21270	酒鬼武师大格				0	1	21270																		1
21280	大锤武师boss大格				0	1	21280																		1
21290	气功师boss大格				0	1	21290																		1
21300	刀客boss大格				0	1	21300																		1
21310	刺客大格				0	1	21310																		1
21320	禅杖武僧大格				0	1	21320																		1
21330	土地爷爷BOSS大格				0	1	21330																		1
21340	黑熊精BOSS大格				0	1	21340																		1
21350	黄梅大王BOSS大格				0	1	21350																		1
21360	白骨精大格				0	1	21360																		1
21370	蜘蛛精大格				0	1	21370																		1
21380	牛魔王大格				0	1	21380																		1
21390	维京路障僵尸boss大格				0	1	21390																		1
21400	飞龙饲养员Boss大格				0	1	21400																		1
21410	号角僵尸BOSS大格				0	1	21410																		1
21430	维京龙骑兵大格				0	1	21430																		1
21431	维京龙骑兵大格吞金币				0	1	21431																		1
21450	滚筒boss大格				0	1	21450																		1
21510	未来电磁盾大格				0	1	21510																		1
21511	未来电磁盾大格极限挑战				0	1	21511																		1
21520	未来舞者3000僵尸大格				0	1	21520																		1
21530	未来僵尸博士大格				0	1	21530																		1
21540	未来橄榄球僵尸大格				0	1	21540																		1
21550	未来僵尸统领大格				0	1	21550																		1
21610	黑暗狼人大格				0	1	21610																		1
21620	黑暗骑士大格				0	1	21620																		1
21630	黑暗黑袍巫师大格				0	1	21630																		1
21640	黑暗国王僵尸大格				0	1	21640																		1
21650	黑暗加刚特尔				0	1	21650																		1
21660	黑暗巨龙大格				0	1	21660																		1
21009	雪人僵尸大格				0	1	21009																		1
22000	摇滚僵尸				0	1	22000																		1
22001	摇滚路障僵尸				0	1	22001																		1
22002	摇滚铁桶僵尸				0	1	22002																		1
22003	摇滚旗子				0	1	22003																		1
22004	摇滚小鬼				0	1	22004																		1
22005	摇滚录音机				0	1	22005																		1
22006	霹雳舞僵尸				0	1	22006																		1
22007	说唱boss僵尸				0	1	22007																		1
22008	朋克boss				0	1	22008																		1
22009	街机boss				0	1	22009																		1
22010	贝斯手boss				0	1	22010																		1
22011	重金属boss				0	1	22011																		1
22012	摇滚僵尸博士boss				0	1	22012																		1
22013	摇滚路障僵尸				0	1	22013																		1
22014	摇滚铁桶僵尸				0	1	22014																		1
22015	摇滚旗子				0	1	22015																		1
