关卡id	"植物不可摆放的地图块（没有填-1；0,1,2是传送带位置不要填；27、28、29必须填否则会出现僵尸无法进场的问题）"												
INT	STRING												
subadvid	unset_tiles												
5	22|24|25|26|27|28|29												
10	24|25|26|27|28|29												
20	24|25|26|27|28|29												
25	24|25|26|27|28|29												
30	24|25|26|27|28|29												
40	12|14|16|24|25|26|27|28|29												
45	13|15|17|24|25|26|27|28|29												
50	14|16|18|24|25|26|27|28|29												
55	15|18|20|24|25|26|27|28|29												
65	12|14|16|24|25|26|27|28|29												
70	13|15|17|24|25|26|27|28|29												
75	14|16|18|24|25|26|27|28|29												
80	12|14|16|24|25|26|27|28|29												
85	13|15|17|24|25|26|27|28|29												
95	14|16|18|24|25|26|27|28|29												
100	15|18|20|24|25|26|27|28|29												
105	12|14|16|24|25|26|27|28|29												
110	13|15|17|24|25|26|27|28|29												
115	14|16|18|24|25|26|27|28|29												
125	12|14|16|24|25|26|27|28|29												
130	13|15|17|24|25|26|27|28|29												
135	14|16|18|24|25|26|27|28|29												
140	15|18|20|24|25|26|27|28|29												
145	12|14|16|24|25|26|27|28|29												
155	13|15|17|24|25|26|27|28|29												
160	14|16|18|24|25|26|27|28|29												
165	12|14|16|24|25|26|27|28|29												
170	13|15|17|24|25|26|27|28|29												
175	14|16|18|24|25|26|27|28|29												
185	15|18|20|24|25|26|27|28|29												
190	12|14|16|24|25|26|27|28|29												
195	13|15|17|24|25|26|27|28|29												
200	14|16|18|24|25|26|27|28|29												
205	12|14|16|24|25|26|27|28|29												
215	14|16|18|24|25|26|27|28|29												
220	12|14|16|24|25|26|27|28|29												
225	13|15|17|24|25|26|27|28|29												
230	14|16|18|24|25|26|27|28|29												
235	15|18|20|24|25|26|27|28|29												
													
													
													
													
													
													
													
													
													
													
													
													
													
													
													
													
													
													
													
													
													
													
													
													
													
													
													
													
													
													
													
													
													
													
													
													
													
													
													
													
													
													
													
													
													
													
													
													
													
													
													
													
													
													
													
													
													
													
													
													
													
													
													
													
													
													
													
													
													
													
													
													
													
													
													
													
													
													
													
													
													
													
													
													
													
													
													
													
													
													
													
													
													
													
													
													
													
													
													
													
													
													
													
													
													
													
													
													
													
													
													
													
													
													
													
													
													
													
													
													
													
													
													
													
													
													
													
													
													
													
													
													
													
													
													
													
													
													
													
													
													
													
													
subadvid	unset_tiles												
