充值ID	充值面额名	商品名称	充值类型（30月卡，0普通充值）	是否首冲双倍	充值RMB金额	废	获得钻石	图标标号	EA链接途径	充值记录	短代id	显示位置
INT	STRING	STRING	INT	INT	INT	INT	INT	INT	STRING	INT	INT	INT
id	name	productname	type	isDouble	currprice	oldprice	gold	icon	apple_product_id	chargeType	sms_id	position
1	月卡	1月卡	30	0	30	30	120	30	com.ea.mtx.869127	-1	21	1
2	60钻	60钻石	0	0	6	6	60	1	com.ea.mtx.868962	-1	10	0
3	300钻	300钻石	0	1	30	30	315	1	com.ea.mtx.868963	-1	22	0
4	980钻	980钻石	0	0	98	98	1060	3	com.ea.mtx.869004	0	-1	0
5	1980钻	1980钻石	0	1	198	198	2200	3	com.ea.mtx.869005	0	-1	2
6	3280钻	3280钻石	0	0	328	328	3880	6	com.ea.mtx.868990	0	-1	0
7	6480钻	6480钻石	1	1	648	648	8000	6	com.ea.mtx.869006	0	-1	3
10	60钻	60钻石	0	0	6	6	60	1	com.ea.mtx.869009	1	2	0
12	万能能量豆	万能能量豆	0	0	2	0	0	2	com.ea.mtx.869011	2	-1	0
13	超级小推车	超级小推车	0	0	2	0	0	2	com.ea.mtx.869012	2	-1	0
21	月卡	月卡	30	0	30	30	120	30	com.ea.mtx.869127	1	1	1
22	300钻	300钻石	0	1	30	30	315	2	com.ea.mtx.868963	1	3	0
30	特惠礼包1	特惠礼包1	40	0	6	12	0	2		3	-1	0
31	特惠礼包2	特惠礼包2	40	0	30	75	0	2		3	-1	0
32	特惠礼包3	特惠礼包3	40	0	69	199	0	2		3	-1	0
40	提升1级	提升1级	40	0	18	18	0	2		3	-1	0
41	提升2级	提升2级	40	0	36	36	0	2		3	-1	0
42	提升5级	提升5级	40	0	90	90	0	2		3	-1	0
43	提升10级	提升10级	40	0	180	180	0	2		3	-1	0
44	升级为领队	升级为领队	40	0	68	68	0	2		3	-1	0
50	超值礼包	超值礼包	40	0	68	68	0	2		3	-1	0
51	狂欢礼包	狂欢礼包	40	0	138	138	0	2		3	-1	0
52	终极礼包	终极礼包	40	0	338	338	0	2		3	-1	0
53	新春福袋	新春福袋	40	0	66	66	0	2		3	-1	0
