id	描述	消耗货币类型	货币单位	货币单位	货币单位	货币单位	货币单位	货币单位	货币单位	货币单位	货币单位	货币单位	货币单位	货币单位	货币单位	货币单位	货币单位	货币单位	货币单位	货币单位	货币单位	货币单位	货币单位	货币单位	货币单位	货币单位	货币单位	货币单位	货币单位	货币单位	货币单位	货币单位	货币单位	货币单位	货币单位	货币单位	货币单位	货币单位	货币单位	货币单位	货币单位	货币单位	货币单位	货币单位	货币单位	货币单位	货币单位	货币单位	货币单位	货币单位	货币单位	货币单位
INT	STRING	INT	INT	INT	INT	INT	INT	INT	INT	INT	INT	INT	INT	INT	INT	INT	INT	INT	INT	INT	INT	INT	INT	INT	INT	INT	INT	INT	INT	INT	INT	INT	INT	INT	INT	INT	INT	INT	INT	INT	INT	INT	INT	INT	INT	INT	INT	INT	INT	INT	INT	INT
id	desc	currency_type	price1	price2	price3	price4	price5	price6	price7	price8	price9	price10	price11	price12	price13	price14	price15	price16	price17	price18	price19	price20	price21	price22	price23	price24	price25	price26	price27	price28	price29	price30	price31	price32	price33	price34	price35	price36	price37	price38	price39	price40	price41	price42	price43	price44	price45	price46	price47	price48	price49	price50
1001	竞技场购买次数	5	50	50	100	100	100	100	200	200	200	400	400	400	400	400	400	400	400	800	400	400																														
1002	关卡重置次数	5	20	50	50	100	100	200	200	200	200	400	400	400	400	400	400	400	400	400	400	400																														
1003	传送带关卡重置次数	5	20	50	50	100	100	200	200	200	200	400	400	400	400	400	400	400	400	400	400	400																														
1004	金盏花购买次数	5	50	50	50	200	200	200	200	200	200	200	200	400	400	400	400	400	400	400	400	400																														
1005	阳光菇购买次数	5	50	50	50	200	200	200	200	200	200	200	200	400	400	400	400	400	400	400	400	400																														
1006	元素试炼购买次数	5	50	100	100	200	200	200	200	200	200	200	200	400	400	400	400	400	400	400	400	400																														
1007	大幕地购买次数	5	50	50	50	200	200	200	200	200	200	200	200	400	400	400	400	400	400	400	400	400																														
1008	无尽购买次数	5	100	100	100	100	100	100	100	100	100	100	100	100	100	100	100	100	100	100	100	100																														
1009	购买戴夫杯重置次数	5	10	10	30	30	50	50	100	100	200	200	200	200	400	400	400	400	400	400	400	400	0	0	0	0	0	0	0	0	0	0	0	0	0	0	0	0	0	0	0	0	0	0	0	0	0	0	0	0	0	0
1010	极限挑战购买次数	5	50	50	50	200	200	200	200	200	200	200	200	400	400	400	400	400	400	400	400	400																														
2001	挑战重置次数	5	20	50	50	50	50	50	100	100	200	200	200	200	400	400	400	400	400	400	400	400																														
3001	荣誉商店刷新次数	19	100	100	150	150	200	200	250	250	300	300	350	350	400	400	400	400	400	400	400	400																														
3002	无尽商店刷新次数	20	100	100	150	150	200	200	250	250	300	300	350	350	400	400	400	400	400	400	400	400																														
3003	神秘商店刷新次数	5	50	50	100	100	100	200	200	200	200	400	400	400	400	400	400	400	400	800	800	800																														
3004	商店刷新次数	5	50	50	100	100	100	200	200	200	200	400	400	400	400	400	400	400	400	800	800	800																														
3005	戴夫商店刷新次数	21	100	100	150	150	200	200	250	250	300	300	350	350	400	400	400	400	400	400	400	400																														
6001	节日活动用钻石刷新次数	5	50	50	100	100	100	100	200	200	200	200	200	200	200	200	400	400	400	400	400	400																														
7001	世界boss复活次数	5	50	50	50	50	50	50	50	50	50	50	50	50	50	50	50	50	50	50	50	50																														
7002	幸运转盘重置奖励	5	20	20	50	50	100	100	150	150	200	200	200	200	200	200	200	200	200	200	200	200																														
7003	钻石购买能量豆次数	5	20	40	60	80	100	100	100	100	100	100	100	100	100	100	100	100	100	100	100	100																														
8001	vip商店刷新价格	5	100	200	300	400	500	600	700	800	900	900	900	900	900	900	900	900	900	900	900	900																														
