奖励ID	最高排位	最低排位	奖励物品							
INT	INT	INT	STRING							
ID	min	max	reward							
1	10001	15000	"16,200,2,0|4,91,20,0|19,100,300,0|16,5000,3,0"							
2	7001	10000	"16,200,2,0|4,91,20,0|19,100,330,0|16,5000,3,0"							
3	5001	7000	"16,200,2,0|4,91,20,0|19,100,330,0|16,5001,1,0"							
4	4001	5000	"16,200,2,0|4,91,20,0|19,100,370,0|16,5001,1,0"							
5	3501	4000	"16,200,2,0|4,91,20,0|19,100,370,0|16,5001,1,0"							
6	3001	3500	"16,200,2,0|4,91,20,0|19,100,410,0|16,5001,2,0"							
7	2501	3000	"16,200,2,0|4,91,20,0|19,100,410,0|16,5001,2,0"							
8	2001	2500	"16,200,2,0|4,91,20,0|19,100,450,0|16,5001,2,0"							
9	1501	2000	"16,200,2,0|4,91,20,0|19,100,450,0|16,5002,1,0"							
10	1001	1500	"16,200,2,0|4,91,20,0|19,100,480,0|16,5002,1,0"							
11	701	1000	"16,200,2,0|4,91,20,0|19,100,520,0|16,5002,1,0"							
12	501	700	"16,200,2,0|4,91,20,0|19,100,560,0|16,5002,2,0"							
13	401	500	"16,200,3,0|4,91,20,0|19,100,600,0|16,5002,2,0"							
14	301	400	"16,200,3,0|4,91,20,0|19,100,630,0|16,5002,2,0"							
15	201	300	"16,200,3,0|4,91,20,0|19,100,670,0|16,5002,2,0"							
16	101	200	"16,200,3,0|4,91,20,0|19,100,710,0|16,5002,3,0"							
17	51	100	"16,200,3,0|4,91,40,0|19,100,750,0|16,5002,3,0"							
18	31	50	"16,200,3,0|4,91,60,0|19,100,780,0|16,5002,3,0"							
19	21	30	"16,200,3,0|4,91,80,0|19,100,820,0|16,5002,3,0"							
20	10	20	"16,200,4,0|4,91,100,0|19,100,860,0|16,5002,3,0"							
21	9	9	"16,200,4,0|4,91,100,0|19,100,900,0|16,5002,4,0"							
22	8	8	"16,200,5,0|4,91,100,0|19,100,970,0|16,5002,4,0"							
23	7	7	"16,200,5,0|4,91,100,0|19,100,1050,0|16,5002,5,0"							
24	6	6	"16,200,6,0|4,91,120,0|19,100,1120,0|16,5002,6,0"							
25	5	5	"16,200,6,0|4,91,140,0|19,100,1200,0|16,5002,7,0"							
26	4	4	"16,200,7,0|4,91,160,0|19,100,1270,0|16,5002,8,0"							
27	3	3	"16,200,8,0|4,91,180,0|19,100,1350,0|16,5002,9,0"							
28	2	2	"16,200,9,0|4,91,200,0|19,100,1420,0|16,5002,10,0"							
29	1	1	"16,200,10,0|4,91,300,0|19,100,1500,0|16,5002,12,0"							
30	15001	999999	"16,5000,3,0|5,90,5000,0"							
