技能ID	技能名称	技能等级	技能类型	技能描述	属性加成类型	技能效果值（如果是分数则为千分位）	属性加成类型	技能效果值（如果是分数则为千分位）
INT	STRING	INT	INT	STRING	INT	FLOAT	INT	FLOAT
skill_id	name	skill_lv	skill_type	skill_des	value_type1	skill_value1	value_type2	skill_value2
16000	初级防御1级	1	16000	额外提升1%防御	1	1		
16001	初级防御2级	2	16000	额外提升2%防御	1	2		
16002	初级防御3级	3	16000	额外提升3%防御	1	3		
16003	初级防御4级	4	16000	额外提升4%防御	1	4		
16004	初级防御5级	5	16000	额外提升5%防御	1	5		
16005	初级防御6级	6	16000	额外提升6%防御	1	6		
16006	初级防御7级	7	16000	额外提升7%防御	1	7		
16007	初级防御8级	8	16000	额外提升8%防御	1	8		
16008	初级防御9级	9	16000	额外提升9%防御	1	9		
16009	初级防御10级	10	16000	额外提升10%防御	1	10		
16010	初级生命1级	1	16010	额外提升1%生命	2	1		
16011	初级生命2级	2	16010	额外提升2%生命	2	2		
16012	初级生命3级	3	16010	额外提升3%生命	2	3		
16013	初级生命4级	4	16010	额外提升4%生命	2	4		
16014	初级生命5级	5	16010	额外提升5%生命	2	5		
16015	初级生命6级	6	16010	额外提升6%生命	2	6		
16016	初级生命7级	7	16010	额外提升7%生命	2	7		
16017	初级生命8级	8	16010	额外提升8%生命	2	8		
16018	初级生命9级	9	16010	额外提升9%生命	2	9		
16019	初级生命10级	10	16010	额外提升10%生命	2	10		
16020	初级速度1级	1	16020	额外提升1%速度	3	1		
16021	初级速度2级	2	16020	额外提升2%速度	3	2		
16022	初级速度3级	3	16020	额外提升3%速度	3	3		
16023	初级速度4级	4	16020	额外提升4%速度	3	4		
16024	初级速度5级	5	16020	额外提升5%速度	3	5		
16025	初级速度6级	6	16020	额外提升6%速度	3	6		
16026	初级速度7级	7	16020	额外提升7%速度	3	7		
16027	初级速度8级	8	16020	额外提升8%速度	3	8		
16028	初级速度9级	9	16020	额外提升9%速度	3	9		
16029	初级速度10级	10	16020	额外提升10%速度	3	10		
16030	初级能量1级	1	16030	额外提升1%能量回复	4	1		
16031	初级能量2级	2	16030	额外提升2%能量回复	4	2		
16032	初级能量3级	3	16030	额外提升3%能量回复	4	3		
16033	初级能量4级	4	16030	额外提升4%能量回复	4	4		
16034	初级能量5级	5	16030	额外提升5%能量回复	4	5		
16035	初级能量6级	6	16030	额外提升6%能量回复	4	6		
16036	初级能量7级	7	16030	额外提升7%能量回复	4	7		
16037	初级能量8级	8	16030	额外提升8%能量回复	4	8		
16038	初级能量9级	9	16030	额外提升9%能量回复	4	9		
16039	初级能量10级	10	16030	额外提升10%能量回复	4	10		
16040	初级恢复1级	1	16040	额外提升1%生命恢复	5	1		
16041	初级恢复2级	2	16040	额外提升2%生命恢复	5	2		
16042	初级恢复3级	3	16040	额外提升3%生命恢复	5	3		
16043	初级恢复4级	4	16040	额外提升4%生命恢复	5	4		
16044	初级恢复5级	5	16040	额外提升5%生命恢复	5	5		
16045	初级恢复6级	6	16040	额外提升6%生命恢复	5	6		
16046	初级恢复7级	7	16040	额外提升7%生命恢复	5	7		
16047	初级恢复8级	8	16040	额外提升8%生命恢复	5	8		
16048	初级恢复9级	9	16040	额外提升9%生命恢复	5	9		
16049	初级恢复10级	10	16040	额外提升10%生命恢复	5	10		
16050	初级攻击1级	1	16050	额外提升1%攻击	6	1		
16051	初级攻击2级	2	16050	额外提升2%攻击	6	2		
16052	初级攻击3级	3	16050	额外提升3%攻击	6	3		
16053	初级攻击4级	4	16050	额外提升4%攻击	6	4		
16054	初级攻击5级	5	16050	额外提升5%攻击	6	5		
16055	初级攻击6级	6	16050	额外提升6%攻击	6	6		
16056	初级攻击7级	7	16050	额外提升7%攻击	6	7		
16057	初级攻击8级	8	16050	额外提升8%攻击	6	8		
16058	初级攻击9级	9	16050	额外提升9%攻击	6	9		
16059	初级攻击10级	10	16050	额外提升10%攻击	6	10		
16060	中级防御1级	1	16060	额外提升2%防御	1	2		
16061	中级防御2级	2	16060	额外提升4%防御	1	4		
16062	中级防御3级	3	16060	额外提升6%防御	1	6		
16063	中级防御4级	4	16060	额外提升8%防御	1	8		
16064	中级防御5级	5	16060	额外提升10%防御	1	10		
16065	中级防御6级	6	16060	额外提升12%防御	1	12		
16066	中级防御7级	7	16060	额外提升14%防御	1	14		
16067	中级防御8级	8	16060	额外提升16%防御	1	16		
16068	中级防御9级	9	16060	额外提升18%防御	1	18		
16069	中级防御10级	10	16060	额外提升20%防御	1	20		
16070	中级生命1级	1	16070	额外提升2%生命	2	2		
16071	中级生命2级	2	16070	额外提升4%生命	2	4		
16072	中级生命3级	3	16070	额外提升6%生命	2	6		
16073	中级生命4级	4	16070	额外提升8%生命	2	8		
16074	中级生命5级	5	16070	额外提升10%生命	2	10		
16075	中级生命6级	6	16070	额外提升12%生命	2	12		
16076	中级生命7级	7	16070	额外提升14%生命	2	14		
16077	中级生命8级	8	16070	额外提升16%生命	2	16		
16078	中级生命9级	9	16070	额外提升18%生命	2	18		
16079	中级生命10级	10	16070	额外提升20%生命	2	20		
16080	中级速度1级	1	16080	额外提升2%速度	3	2		
16081	中级速度2级	2	16080	额外提升4%速度	3	4		
16082	中级速度3级	3	16080	额外提升6%速度	3	6		
16083	中级速度4级	4	16080	额外提升8%速度	3	8		
16084	中级速度5级	5	16080	额外提升10%速度	3	10		
16085	中级速度6级	6	16080	额外提升12%速度	3	12		
16086	中级速度7级	7	16080	额外提升14%速度	3	14		
16087	中级速度8级	8	16080	额外提升16%速度	3	16		
16088	中级速度9级	9	16080	额外提升18%速度	3	18		
16089	中级速度10级	10	16080	额外提升20%速度	3	20		
16090	中级能量1级	1	16090	额外提升2%能量回复	4	2		
16091	中级能量2级	2	16090	额外提升4%能量回复	4	4		
16092	中级能量3级	3	16090	额外提升6%能量回复	4	6		
16093	中级能量4级	4	16090	额外提升8%能量回复	4	8		
16094	中级能量5级	5	16090	额外提升10%能量回复	4	10		
16095	中级能量6级	6	16090	额外提升12%能量回复	4	12		
16096	中级能量7级	7	16090	额外提升14%能量回复	4	14		
16097	中级能量8级	8	16090	额外提升16%能量回复	4	16		
16098	中级能量9级	9	16090	额外提升18%能量回复	4	18		
16099	中级能量10级	10	16090	额外提升20%能量回复	4	20		
16100	中级恢复1级	1	16100	额外提升2%生命恢复	5	2		
16101	中级恢复2级	2	16100	额外提升4%生命恢复	5	4		
16102	中级恢复3级	3	16100	额外提升6%生命恢复	5	6		
16103	中级恢复4级	4	16100	额外提升8%生命恢复	5	8		
16104	中级恢复5级	5	16100	额外提升10%生命恢复	5	10		
16105	中级恢复6级	6	16100	额外提升12%生命恢复	5	12		
16106	中级恢复7级	7	16100	额外提升14%生命恢复	5	14		
16107	中级恢复8级	8	16100	额外提升16%生命恢复	5	16		
16108	中级恢复9级	9	16100	额外提升18%生命恢复	5	18		
16109	中级恢复10级	10	16100	额外提升20%生命恢复	5	20		
16110	中级攻击1级	1	16110	额外提升2%攻击	6	2		
16111	中级攻击2级	2	16110	额外提升4%攻击	6	4		
16112	中级攻击3级	3	16110	额外提升6%攻击	6	6		
16113	中级攻击4级	4	16110	额外提升8%攻击	6	8		
16114	中级攻击5级	5	16110	额外提升10%攻击	6	10		
16115	中级攻击6级	6	16110	额外提升12%攻击	6	12		
16116	中级攻击7级	7	16110	额外提升14%攻击	6	14		
16117	中级攻击8级	8	16110	额外提升16%攻击	6	16		
16118	中级攻击9级	9	16110	额外提升18%攻击	6	18		
16119	中级攻击10级	10	16110	额外提升20%攻击	6	20		
16120	高级防御1级	1	16120	额外提升3%防御	1	3		
16121	高级防御2级	2	16120	额外提升6%防御	1	6		
16122	高级防御3级	3	16120	额外提升9%防御	1	9		
16123	高级防御4级	4	16120	额外提升12%防御	1	12		
16124	高级防御5级	5	16120	额外提升15%防御	1	15		
16125	高级防御6级	6	16120	额外提升18%防御	1	18		
16126	高级防御7级	7	16120	额外提升21%防御	1	21		
16127	高级防御8级	8	16120	额外提升24%防御	1	24		
16128	高级防御9级	9	16120	额外提升27%防御	1	27		
16129	高级防御10级	10	16120	额外提升30%防御	1	30		
16130	高级生命1级	1	16130	额外提升3%生命	2	3		
16131	高级生命2级	2	16130	额外提升6%生命	2	6		
16132	高级生命3级	3	16130	额外提升9%生命	2	9		
16133	高级生命4级	4	16130	额外提升12%生命	2	12		
16134	高级生命5级	5	16130	额外提升15%生命	2	15		
16135	高级生命6级	6	16130	额外提升18%生命	2	18		
16136	高级生命7级	7	16130	额外提升21%生命	2	21		
16137	高级生命8级	8	16130	额外提升24%生命	2	24		
16138	高级生命9级	9	16130	额外提升27%生命	2	27		
16139	高级生命10级	10	16130	额外提升30%生命	2	30		
16140	高级速度1级	1	16140	额外提升3%速度	3	3		
16141	高级速度2级	2	16140	额外提升6%速度	3	6		
16142	高级速度3级	3	16140	额外提升9%速度	3	9		
16143	高级速度4级	4	16140	额外提升12%速度	3	12		
16144	高级速度5级	5	16140	额外提升15%速度	3	15		
16145	高级速度6级	6	16140	额外提升18%速度	3	18		
16146	高级速度7级	7	16140	额外提升21%速度	3	21		
16147	高级速度8级	8	16140	额外提升24%速度	3	24		
16148	高级速度9级	9	16140	额外提升27%速度	3	27		
16149	高级速度10级	10	16140	额外提升30%速度	3	30		
16150	高级能量1级	1	16150	额外提升3%能量回复	4	3		
16151	高级能量2级	2	16150	额外提升6%能量回复	4	6		
16152	高级能量3级	3	16150	额外提升9%能量回复	4	9		
16153	高级能量4级	4	16150	额外提升12%能量回复	4	12		
16154	高级能量5级	5	16150	额外提升15%能量回复	4	15		
16155	高级能量6级	6	16150	额外提升18%能量回复	4	18		
16156	高级能量7级	7	16150	额外提升21%能量回复	4	21		
16157	高级能量8级	8	16150	额外提升24%能量回复	4	24		
16158	高级能量9级	9	16150	额外提升27%能量回复	4	27		
16159	高级能量10级	10	16150	额外提升30%能量回复	4	30		
16160	高级恢复1级	1	16160	额外提升3%生命恢复	5	3		
16161	高级恢复2级	2	16160	额外提升6%生命恢复	5	6		
16162	高级恢复3级	3	16160	额外提升9%生命恢复	5	9		
16163	高级恢复4级	4	16160	额外提升12%生命恢复	5	12		
16164	高级恢复5级	5	16160	额外提升15%生命恢复	5	15		
16165	高级恢复6级	6	16160	额外提升18%生命恢复	5	18		
16166	高级恢复7级	7	16160	额外提升21%生命恢复	5	21		
16167	高级恢复8级	8	16160	额外提升24%生命恢复	5	24		
16168	高级恢复9级	9	16160	额外提升27%生命恢复	5	27		
16169	高级恢复10级	10	16160	额外提升30%生命恢复	5	30		
16170	高级攻击1级	1	16170	额外提升3%攻击	6	3		
16171	高级攻击2级	2	16170	额外提升6%攻击	6	6		
16172	高级攻击3级	3	16170	额外提升9%攻击	6	9		
16173	高级攻击4级	4	16170	额外提升12%攻击	6	12		
16174	高级攻击5级	5	16170	额外提升15%攻击	6	15		
16175	高级攻击6级	6	16170	额外提升18%攻击	6	18		
16176	高级攻击7级	7	16170	额外提升21%攻击	6	21		
16177	高级攻击8级	8	16170	额外提升24%攻击	6	24		
16178	高级攻击9级	9	16170	额外提升27%攻击	6	27		
16179	高级攻击10级	10	16170	额外提升30%攻击	6	30		
16180	小小太阳1级	1	16180	增加阳光菇活动1%产出	7	1		
16181	小小太阳2级	2	16180	增加阳光菇活动2%产出	7	2		
16182	小小太阳3级	3	16180	增加阳光菇活动3%产出	7	3		
16183	小小太阳4级	4	16180	增加阳光菇活动4%产出	7	4		
16184	小小太阳5级	5	16180	增加阳光菇活动5%产出	7	5		
16185	小小太阳6级	6	16180	增加阳光菇活动6%产出	7	6		
16186	小小太阳7级	7	16180	增加阳光菇活动7%产出	7	7		
16187	小小太阳8级	8	16180	增加阳光菇活动8%产出	7	8		
16188	小小太阳9级	9	16180	增加阳光菇活动9%产出	7	9		
16189	小小太阳10级	10	16180	增加阳光菇活动10%产出	7	10		
16190	吸金小精灵1级	1	16190	增加金盏花活动1%产出	8	1		
16191	吸金小精灵2级	2	16190	增加金盏花活动2%产出	8	2		
16192	吸金小精灵3级	3	16190	增加金盏花活动3%产出	8	3		
16193	吸金小精灵4级	4	16190	增加金盏花活动4%产出	8	4		
16194	吸金小精灵5级	5	16190	增加金盏花活动5%产出	8	5		
16195	吸金小精灵6级	6	16190	增加金盏花活动6%产出	8	6		
16196	吸金小精灵7级	7	16190	增加金盏花活动7%产出	8	7		
16197	吸金小精灵8级	8	16190	增加金盏花活动8%产出	8	8		
16198	吸金小精灵9级	9	16190	增加金盏花活动9%产出	8	9		
16199	吸金小精灵10级	10	16190	增加金盏花活动10%产出	8	10		
16200	玉米卷伙伴1级	1	16200	增加1%体力恢复速度	9	1		
16201	玉米卷伙伴2级	2	16200	增加2%体力恢复速度	9	2		
16202	玉米卷伙伴3级	3	16200	增加3%体力恢复速度	9	3		
16203	玉米卷伙伴4级	4	16200	增加4%体力恢复速度	9	4		
16204	玉米卷伙伴5级	5	16200	增加5%体力恢复速度	9	5		
16205	玉米卷伙伴6级	6	16200	增加6%体力恢复速度	9	6		
16206	玉米卷伙伴7级	7	16200	增加7%体力恢复速度	9	7		
16207	玉米卷伙伴8级	8	16200	增加8%体力恢复速度	9	8		
16208	玉米卷伙伴9级	9	16200	增加9%体力恢复速度	9	9		
16209	玉米卷伙伴10级	10	16200	增加10%体力恢复速度	9	10		
16210	升级伙伴1级	1	16210	关卡获得植物经验提高1%	10	1		
16211	升级伙伴2级	2	16210	关卡获得植物经验提高2%	10	2		
16212	升级伙伴3级	3	16210	关卡获得植物经验提高3%	10	3		
16213	升级伙伴4级	4	16210	关卡获得植物经验提高4%	10	4		
16214	升级伙伴5级	5	16210	关卡获得植物经验提高5%	10	5		
16215	升级伙伴6级	6	16210	关卡获得植物经验提高6%	10	6		
16216	升级伙伴7级	7	16210	关卡获得植物经验提高7%	10	7		
16217	升级伙伴8级	8	16210	关卡获得植物经验提高8%	10	8		
16218	升级伙伴9级	9	16210	关卡获得植物经验提高9%	10	9		
16219	升级伙伴10级	10	16210	关卡获得植物经验提高10%	10	10		
16220	吸金精灵1级	1	16220	增加金盏花活动2%产出	8	2		
16221	吸金精灵2级	2	16220	增加金盏花活动4%产出	8	4		
16222	吸金精灵3级	3	16220	增加金盏花活动6%产出	8	6		
16223	吸金精灵4级	4	16220	增加金盏花活动8%产出	8	8		
16224	吸金精灵5级	5	16220	增加金盏花活动10%产出	8	10		
16225	吸金精灵6级	6	16220	增加金盏花活动12%产出	8	12		
16226	吸金精灵7级	7	16220	增加金盏花活动14%产出	8	14		
16227	吸金精灵8级	8	16220	增加金盏花活动16%产出	8	16		
16228	吸金精灵9级	9	16220	增加金盏花活动18%产出	8	18		
16229	吸金精灵10级	10	16220	增加金盏花活动20%产出	8	20		
16230	金杯天使1级	1	16230	戴夫杯金币产出提高1%	11	1		
16231	金杯天使2级	2	16230	戴夫杯金币产出提高2%	11	2		
16232	金杯天使3级	3	16230	戴夫杯金币产出提高3%	11	3		
16233	金杯天使4级	4	16230	戴夫杯金币产出提高4%	11	4		
16234	金杯天使5级	5	16230	戴夫杯金币产出提高5%	11	5		
16235	金杯天使6级	6	16230	戴夫杯金币产出提高6%	11	6		
16236	金杯天使7级	7	16230	戴夫杯金币产出提高7%	11	7		
16237	金杯天使8级	8	16230	戴夫杯金币产出提高8%	11	8		
16238	金杯天使9级	9	16230	戴夫杯金币产出提高9%	11	9		
16239	金杯天使10级	10	16230	戴夫杯金币产出提高10%	11	10		
16240	小太阳1级	1	16240	增加阳光菇活动2%产出	7	2		
16241	小太阳2级	2	16240	增加阳光菇活动4%产出	7	4		
16242	小太阳3级	3	16240	增加阳光菇活动6%产出	7	6		
16243	小太阳4级	4	16240	增加阳光菇活动8%产出	7	8		
16244	小太阳5级	5	16240	增加阳光菇活动10%产出	7	10		
16245	小太阳6级	6	16240	增加阳光菇活动12%产出	7	12		
16246	小太阳7级	7	16240	增加阳光菇活动14%产出	7	14		
16247	小太阳8级	8	16240	增加阳光菇活动16%产出	7	16		
16248	小太阳9级	9	16240	增加阳光菇活动18%产出	7	18		
16249	小太阳10级	10	16240	增加阳光菇活动20%产出	7	20		
16250	剧透小鬼1级	1	16250	普通关卡装备掉落概率提高1%	12	1		
16251	剧透小鬼2级	2	16250	普通关卡装备掉落概率提高2%	12	2		
16252	剧透小鬼3级	3	16250	普通关卡装备掉落概率提高3%	12	3		
16253	剧透小鬼4级	4	16250	普通关卡装备掉落概率提高4%	12	4		
16254	剧透小鬼5级	5	16250	普通关卡装备掉落概率提高5%	12	5		
16255	剧透小鬼6级	6	16250	普通关卡装备掉落概率提高6%	12	6		
16256	剧透小鬼7级	7	16250	普通关卡装备掉落概率提高7%	12	7		
16257	剧透小鬼8级	8	16250	普通关卡装备掉落概率提高8%	12	8		
16258	剧透小鬼9级	9	16250	普通关卡装备掉落概率提高9%	12	9		
16259	剧透小鬼10级	10	16250	普通关卡装备掉落概率提高10%	12	10		
16260	杯赛小恶魔1级	1	16260	戴夫杯植物掉落概率提高1%	13	1		
16261	杯赛小恶魔2级	2	16260	戴夫杯植物掉落概率提高2%	13	2		
16262	杯赛小恶魔3级	3	16260	戴夫杯植物掉落概率提高3%	13	3		
16263	杯赛小恶魔4级	4	16260	戴夫杯植物掉落概率提高4%	13	4		
16264	杯赛小恶魔5级	5	16260	戴夫杯植物掉落概率提高5%	13	5		
16265	杯赛小恶魔6级	6	16260	戴夫杯植物掉落概率提高6%	13	6		
16266	杯赛小恶魔7级	7	16260	戴夫杯植物掉落概率提高7%	13	7		
16267	杯赛小恶魔8级	8	16260	戴夫杯植物掉落概率提高8%	13	8		
16268	杯赛小恶魔9级	9	16260	戴夫杯植物掉落概率提高9%	13	9		
16269	杯赛小恶魔10级	10	16260	戴夫杯植物掉落概率提高10%	13	10		
16270	钻石精灵1级	1	16270	击杀僵尸时有1%概率获得钻石	14	1		
16271	钻石精灵2级	2	16270	击杀僵尸时有2%概率获得钻石	14	2		
16272	钻石精灵3级	3	16270	击杀僵尸时有3%概率获得钻石	14	3		
16273	钻石精灵4级	4	16270	击杀僵尸时有4%概率获得钻石	14	4		
16274	钻石精灵5级	5	16270	击杀僵尸时有5%概率获得钻石	14	5		
16275	钻石精灵6级	6	16270	击杀僵尸时有6%概率获得钻石	14	6		
16276	钻石精灵7级	7	16270	击杀僵尸时有7%概率获得钻石	14	7		
16277	钻石精灵8级	8	16270	击杀僵尸时有8%概率获得钻石	14	8		
16278	钻石精灵9级	9	16270	击杀僵尸时有9%概率获得钻石	14	9		
16279	钻石精灵10级	10	16270	击杀僵尸时有10%概率获得钻石	14	10		
16280	玉米卷精灵1级	1	16280	增加2%体力恢复速度	9	2		
16281	玉米卷精灵2级	2	16280	增加4%体力恢复速度	9	4		
16282	玉米卷精灵3级	3	16280	增加6%体力恢复速度	9	6		
16283	玉米卷精灵4级	4	16280	增加8%体力恢复速度	9	8		
16284	玉米卷精灵5级	5	16280	增加10%体力恢复速度	9	10		
16285	玉米卷精灵6级	6	16280	增加12%体力恢复速度	9	12		
16286	玉米卷精灵7级	7	16280	增加14%体力恢复速度	9	14		
16287	玉米卷精灵8级	8	16280	增加16%体力恢复速度	9	16		
16288	玉米卷精灵9级	9	16280	增加18%体力恢复速度	9	18		
16289	玉米卷精灵10级	10	16280	增加20%体力恢复速度	9	20		
16290	超级防御1级	1	16290	额外提升4%防御	1	4		
16291	超级防御2级	2	16290	额外提升8%防御	1	8		
16292	超级防御3级	3	16290	额外提升12%防御	1	12		
16293	超级防御4级	4	16290	额外提升16%防御	1	16		
16294	超级防御5级	5	16290	额外提升20%防御	1	20		
16295	超级防御6级	6	16290	额外提升24%防御	1	24		
16296	超级防御7级	7	16290	额外提升28%防御	1	28		
16297	超级防御8级	8	16290	额外提升32%防御	1	32		
16298	超级防御9级	9	16290	额外提升36%防御	1	36		
16299	超级防御10级	10	16290	额外提升40%防御	1	40		
16300	超级生命1级	1	16300	额外提升4%生命	2	4		
16301	超级生命2级	2	16300	额外提升8%生命	2	8		
16302	超级生命3级	3	16300	额外提升12%生命	2	12		
16303	超级生命4级	4	16300	额外提升16%生命	2	16		
16304	超级生命5级	5	16300	额外提升20%生命	2	20		
16305	超级生命6级	6	16300	额外提升24%生命	2	24		
16306	超级生命7级	7	16300	额外提升28%生命	2	28		
16307	超级生命8级	8	16300	额外提升32%生命	2	32		
16308	超级生命9级	9	16300	额外提升36%生命	2	36		
16309	超级生命10级	10	16300	额外提升40%生命	2	40		
16310	超级速度1级	1	16310	额外提升4%速度	3	4		
16311	超级速度2级	2	16310	额外提升8%速度	3	8		
16312	超级速度3级	3	16310	额外提升12%速度	3	12		
16313	超级速度4级	4	16310	额外提升16%速度	3	16		
16314	超级速度5级	5	16310	额外提升20%速度	3	20		
16315	超级速度6级	6	16310	额外提升24%速度	3	24		
16316	超级速度7级	7	16310	额外提升28%速度	3	28		
16317	超级速度8级	8	16310	额外提升32%速度	3	32		
16318	超级速度9级	9	16310	额外提升36%速度	3	36		
16319	超级速度10级	10	16310	额外提升40%速度	3	40		
16320	超级能量1级	1	16320	额外提升4%能量回复	4	4		
16321	超级能量2级	2	16320	额外提升8%能量回复	4	8		
16322	超级能量3级	3	16320	额外提升12%能量回复	4	12		
16323	超级能量4级	4	16320	额外提升16%能量回复	4	16		
16324	超级能量5级	5	16320	额外提升20%能量回复	4	20		
16325	超级能量6级	6	16320	额外提升24%能量回复	4	24		
16326	超级能量7级	7	16320	额外提升28%能量回复	4	28		
16327	超级能量8级	8	16320	额外提升32%能量回复	4	32		
16328	超级能量9级	9	16320	额外提升36%能量回复	4	36		
16329	超级能量10级	10	16320	额外提升40%能量回复	4	40		
16330	超级恢复1级	1	16330	额外提升4%生命恢复	5	4		
16331	超级恢复2级	2	16330	额外提升8%生命恢复	5	8		
16332	超级恢复3级	3	16330	额外提升12%生命恢复	5	12		
16333	超级恢复4级	4	16330	额外提升16%生命恢复	5	16		
16334	超级恢复5级	5	16330	额外提升20%生命恢复	5	20		
16335	超级恢复6级	6	16330	额外提升24%生命恢复	5	24		
16336	超级恢复7级	7	16330	额外提升28%生命恢复	5	28		
16337	超级恢复8级	8	16330	额外提升32%生命恢复	5	32		
16338	超级恢复9级	9	16330	额外提升36%生命恢复	5	36		
16339	超级恢复10级	10	16330	额外提升40%生命恢复	5	40		
16340	超级攻击1级	1	16340	额外提升4%攻击	6	4		
16341	超级攻击2级	2	16340	额外提升8%攻击	6	8		
16342	超级攻击3级	3	16340	额外提升12%攻击	6	12		
16343	超级攻击4级	4	16340	额外提升16%攻击	6	16		
16344	超级攻击5级	5	16340	额外提升20%攻击	6	20		
16345	超级攻击6级	6	16340	额外提升24%攻击	6	24		
16346	超级攻击7级	7	16340	额外提升28%攻击	6	28		
16347	超级攻击8级	8	16340	额外提升32%攻击	6	32		
16348	超级攻击9级	9	16340	额外提升36%攻击	6	36		
16349	超级攻击10级	10	16340	额外提升40%攻击	6	40		
16350	新春限定攻击精灵1级	1	16350	额外提升5%攻击和2%速度	6	5	3	2
16351	新春限定攻击精灵2级	2	16350	额外提升10%攻击和4%速度	6	10	3	4
16352	新春限定攻击精灵3级	3	16350	额外提升15%攻击和6%速度	6	15	3	6
16353	新春限定攻击精灵4级	4	16350	额外提升19%攻击和8%速度	6	19	3	8
16354	新春限定攻击精灵5级	5	16350	额外提升23%攻击和10%速度	6	23	3	10
16355	新春限定攻击精灵6级	6	16350	额外提升27%攻击和12%速度	6	27	3	12
16356	新春限定攻击精灵7级	7	16350	额外提升31%攻击和14%速度	6	31	3	14
16357	新春限定攻击精灵8级	8	16350	额外提升35%攻击和16%速度	6	35	3	16
16358	新春限定攻击精灵9级	9	16350	额外提升40%攻击和18%速度	6	40	3	18
16359	新春限定攻击精灵10级	10	16350	额外提升45%攻击和20%速度	6	45	3	20
16360	新春限定生命精灵1级	1	16360	额外提升5%生命和2%生命恢复	2	5	5	2
16361	新春限定生命精灵2级	2	16360	额外提升10%生命和4%生命恢复	2	10	5	4
16362	新春限定生命精灵3级	3	16360	额外提升15%生命和6%生命恢复	2	15	5	6
16363	新春限定生命精灵4级	4	16360	额外提升19%生命和8%生命恢复	2	19	5	8
16364	新春限定生命精灵5级	5	16360	额外提升23%生命和10%生命恢复	2	23	5	10
16365	新春限定生命精灵6级	6	16360	额外提升27%生命和12%生命恢复	2	27	5	12
16366	新春限定生命精灵7级	7	16360	额外提升31%生命和14%生命恢复	2	31	5	14
16367	新春限定生命精灵8级	8	16360	额外提升35%生命和16%生命恢复	2	35	5	16
16368	新春限定生命精灵9级	9	16360	额外提升40%生命和18%生命恢复	2	40	5	18
16369	新春限定生命精灵10级	10	16360	额外提升45%生命和20%生命恢复	2	45	5	20
