shopID	无需修改	花费	说明	获得数量
INT	INT	INT	STRING	INT
id	type	price	info	limit
200	1	280	钻石抽卡	1
300	2	280	勇气抽卡	1
400	200	1	道具抽卡	1
500	1	50	购买背包格子	5
601	1	20	金钥匙	2001
602	1	15	银钥匙	2003
603	1	10	铜钥匙	2006
604	1	5	木钥匙	2007
605	1	20	金宝箱	2002
606	1	15	银宝箱	2004
607	1	10	铜宝箱	2005
608	1	5	木宝箱	2007
700	1	50	购买体力	1
800	1	20	寻宝复活	1
900	1	10	找寻门或者僵尸BOSS	1
1000	1	10	购买行动力	1
1010	1	20	小推车钻石强化	200
1011	4	5000	小推车普通强化	100
1012	1	50	补回昨日次数	0
1013	5	10	肥料强化技能	1000
1014	1	20	昆虫开属性	1
1015	1	100	批量培养	1
1016	1	200	变异药水	1
201	1	2500	钻石抽卡(10连抽)	10
401	200	10	道具抽卡(10连抽)	10
2000	6	100	天运抽卡	1
3000	1	300	vip3基金	1
4000	1	10	金币重置橙卡	1
