技能等级	技能升级金钱	技能升级金钱	技能升级金钱
INT	INT	INT	INT
level	expende	expende1	expende2
1	100	100	100
2	200	200	200
3	300	300	300
4	400	400	400
5	500	500	500
6	600	600	600
7	700	700	700
8	800	800	800
9	900	900	900
10	1000	1000	1000
11	1100	1100	1100
12	1200	1200	1200
13	1300	1300	1300
14	1400	1400	1400
15	1500	1500	1500
16	1600	1600	1600
17	1800	1800	1800
18	2000	2000	2000
19	2500	2500	2500
20	3000	3000	3000
21	4000	4000	4000
22	5000	5000	5000
23	6000	6000	6000
24	7000	7000	7000
25	8000	8000	8000
26	9000	9000	9000
27	10000	10000	10000
28	12000	12000	12000
29	14000	14000	14000
30	16000	16000	16000
31	18000	18000	18000
32	20000	20000	20000
33	25000	25000	25000
34	30000	30000	30000
35	35000	35000	35000
36	40000	40000	40000
37	45000	45000	45000
38	50000	50000	50000
39	55000	55000	55000
40	60000	60000	60000
41	65000	65000	65000
42	70000	70000	70000
43	75000	75000	75000
44	80000	80000	80000
45	85000	85000	85000
46	90000	90000	90000
47	95000	95000	95000
48	100000	100000	100000
49	105000	105000	105000
50	110000	110000	110000
51	115000	115000	115000
52	120000	120000	120000
53	125000	125000	125000
54	130000	130000	130000
55	135000	135000	135000
56	140000	140000	140000
57	145000	145000	145000
58	150000	150000	150000
59	155000	155000	155000
60	160000	160000	160000
61	165000	165000	165000
62	170000	170000	170000
63	175000	175000	175000
64	180000	180000	180000
65	185000	185000	185000
66	190000	190000	190000
67	195000	195000	195000
68	200000	200000	200000
69	205000	205000	205000
70	210000	210000	210000
71	215000	215000	215000
72	220000	220000	220000
73	225000	225000	225000
74	230000	230000	230000
75	235000	235000	235000
76	240000	240000	240000
77	245000	245000	245000
78	250000	250000	250000
79	255000	255000	255000
80	260000	260000	260000
81	265000	265000	265000
82	270000	270000	270000
83	275000	275000	275000
84	280000	280000	280000
85	285000	285000	285000
86	290000	290000	290000
87	295000	295000	295000
88	300000	300000	300000
89	305000	305000	305000
90	310000	310000	310000
91	315000	315000	315000
92	320000	320000	320000
93	325000	325000	325000
94	330000	330000	330000
95	335000	335000	335000
96	340000	340000	340000
97	345000	345000	345000
98	350000	350000	350000
99	355000	355000	355000
100	360000	360000	360000
