小关卡id(唯一)	条件类别（1-等级，2-进阶，3-星级，4-品质（parent id对应4和5），5-技能（parent id对应技能ID））	条件数量	条件植物（parent id)	特殊奖励（道具ID）	特殊奖励数量	条件描述
INT	INT	INT	INT	INT	INT	STRING
subadvId	objType	objNum	parent_id	spAwd	spAwdNum	desc
-1	2	2	121	91	10	阵容中携带<COL=1|坚果+1>通关（在植物-培育界面穿齐装备进行进化）
-1	2	2	1	91	10	阵容中携带<COL=1|豌豆射手+1>通关（在植物-培育界面穿齐装备进行进化）
-1	6	15	1	45037	10	在美国小镇章节累积获得<COL=1|15颗星>
-1	2	2	73	91	10	阵容中携带<COL=1|小喷菇+1>通关（在植物-培育界面穿齐装备进行进化）
-1	2	2	145	91	10	阵容中携带<COL=1|水滴射手+1>通关（在植物-培育界面穿齐装备进行进化）
-1	2	2	37	91	10	阵容中携带<COL=1|向日葵+1>通关（在植物-培育界面穿齐装备进行进化）
-1	3	2	121	91	10	阵容中携带<COL=1|2星坚果>通关（在植物-培育界面使用拼图升星）
-1	2	3	121	91	10	阵容中携带<COL=1|坚果+2>通关（在植物-培育界面穿齐装备进行进化）
-1	2	3	1	91	10	阵容中携带<COL=1|豌豆射手+2>通关（在植物-培育界面穿齐装备进行进化）
-1	2	3	73	91	10	阵容中携带<COL=1|小喷菇+2>通关（在植物-培育界面穿齐装备进行进化）
-1	2	3	145	91	10	阵容中携带<COL=1|水滴射手+2>通关（在植物-培育界面穿齐装备进行进化）
-1	6	30	3	91	10	在万里长城章节累积获得<COL=1|30颗星>
-1	4	2	5	91	10	阵容中携带<COL=1|2个橙色植物>通关
-1	2	4	145	91	10	阵容中携带<COL=1|水滴射手+3>通关
-1	2	4	121	91	10	阵容中携带<COL=1|坚果+3>通关
-1	3	3	241	91	10	阵容中携带<COL=1|3星飞盘射手>通关
-1	3	3	193	91	10	阵容中携带<COL=1|3星椰子狙击手>通关
-1	6	60	4	91	10	在神秘埃及章节累积获得<COL=1|60颗星>
-1	3	5	145	91	10	阵容中携带<COL=1|5星水滴射手>通关
-1	4	3	5	91	10	阵容中携带<COL=1|3个橙色植物>通关
-1	2	4	49	91	10	阵容中携带<COL=1|玉米投手+3>通关
-1	2	4	37	91	10	阵容中携带<COL=1|向日葵+3>通关
-1	3	5	241	91	10	阵容中携带<COL=1|5星飞盘射手>通关
-1	6	60	5	91	10	在海盗湾章节累积获得<COL=1|60颗星>
-1	3	5	61	91	10	阵容中携带<COL=1|5星小辣椒>通关
-1	3	5	193	91	10	阵容中携带<COL=1|5星椰子狙击手>通关
-1	4	4	5	91	10	阵容中携带<COL=1|4个橙色植物>通关
-1	2	5	49	91	10	阵容中携带<COL=1|玉米投手+4>通关
-1	2	5	73	91	10	阵容中携带<COL=1|小喷菇+4>通关
-1	6	60	6	91	10	在狂野西部章节累积获得<COL=1|60颗星>
-1	3	5	193	91	10	阵容中携带<COL=1|5星椰子狙击手>通关
-1	3	8	49	91	10	阵容中携带<COL=1|8星玉米投手>通关
-1	3	8	37	91	10	阵容中携带<COL=1|8星向日葵>通关
-1	4	5	5	91	10	阵容中携带<COL=1|5个橙色植物>通关
-1	2	8	61	91	10	阵容中携带<COL=1|小辣椒+7>通关
-1	6	60	7	91	10	在功夫世界章节累积获得<COL=1|60颗星>
-1	2	8	121	91	10	阵容中携带<COL=1|坚果+7>通关
-1	3	8	193	91	10	阵容中携带<COL=1|8星椰子狙击手>通关
-1	3	8	61	91	10	阵容中携带<COL=1|8星小辣椒>通关
-1	3	10	37	91	10	阵容中携带<COL=1|10星向日葵>通关
-1	4	6	5	91	10	阵容中携带<COL=1|6个橙色植物>通关
-1	6	60	8	91	10	在西游章节累积获得<COL=1|60颗星>
-1	1	80	193	91	10	阵容中携带<COL=1|80级椰子狙击手>通关
-1	2	10	241	91	10	阵容中携带<COL=1|飞盘射手+9>通关
-1	5	70	133	91	10	阵容中携带<COL=1|技能70级的樱桃炸弹>通关
-1	3	12	49	91	10	阵容中携带<COL=1|12星玉米投手>通关
-1	3	14	49	91	10	阵容中携带<COL=1|14星玉米投手>通关
-1	4	7	5	91	10	阵容中携带<COL=1|7个橙色植物>通关
-1	4	7	5	91	10	阵容中携带<COL=1|7个橙色植物>通关
-1	1	70	1265	91	10	阵容中携带<COL=1|70级小树丛>通关
-1	2	10	61	91	10	阵容中携带<COL=1|小辣椒+9>通关
-1	5	80	133	91	10	阵容中携带<COL=1|技能80级的樱桃炸弹>通关
-1	3	12	193	91	10	阵容中携带<COL=1|12星椰子狙击手>通关
-1	3	15	193	91	10	阵容中携带<COL=1|15星椰子狙击手>通关
