特殊掉落ID	特殊掉落物品ID	最少获得次数	最大获得次数	特殊掉落物品ID	最少获得次数	最大获得次数	特殊掉落物品ID	最少获得次数	最大获得次数	特殊掉落物品ID	最少获得次数	最大获得次数
INT	INT	INT	INT	INT	INT	INT	INT	INT	INT	INT	INT	INT
id	item1	mincd1	maxcd1	item2	mincd2	maxcd2	item3	mincd3	maxcd3	item4	mincd4	maxcd4
1	14008	0	2									
2	12007	0	4	14001	0	4						
3	12019	0	4	14015	0	4						
4	12001	0	4	12013	0	4	14008	0	4			
5	10004	0	4	10002	0	4						
6	45145	1	3									
7	12007	0	4	14015	0	4						
8	12019	0	4	14001	0	4						
9	45001	1	3									
10	10003	0	4	10001	0	4						
11	12001	0	4	12013	0	4	14008	0	4			
12	12007	0	4	14015	0	4						
13	12019	0	4	14001	0	4						
14	45121	1	3									
15	10001	0	4	10002	0	4	10003	0	4	10004	0	4
16	12001	0	4	12013	0	4	15009	0	4			
17	12007	0	4	15016	0	6	10001	0	6			
18	12019	0	4	15002	0	6						
19	45073	1	3									
20	11005	0	6	11006	0	6	11007	0	6			
21	12001	0	4	12013	0	4	15009	0	4			
22	12007	0	4	15016	0	4	10002	0	6			
23	12019	0	4	15002	0	4						
24	45037	1	3									
25	11005	0	6	11008	0	6	11007	0	6			
26	12001	0	4	12013	0	4	15009	0	4			
27	12007	0	4	15016	0	4						
28	12019	0	4	15002	0	4	10003	0	6			
29	45277	1	3									
30	11005	0	6	11006	0	6	11008	0	6			
31	12001	0	4	12013	0	4	15009	0	4			
32	12007	0	4	15016	0	4						
33	12019	0	4	15002	0	4	10004	0	6			
34	45097	1	3									
35	11006	0	6	11007	0	6	11008	0	6			
36	13002	0	5	13014	0	5	15009	0	5			
37	13008	0	5	15016	0	5						
38	13020	0	5	15002	0	5						
39	45085	1	3									
40	11009	0	6	11010	0	6						
41	13002	0	5	13014	0	5	15009	0	5			
42	13008	0	5	15016	0	5						
43	13020	0	5	15002	0	5	11005	0	6			
44	45241	1	3									
45	11011	0	6	11012	0	6						
46	13002	0	5	13014	0	5	15009	0	5			
47	13008	0	5	15016	0	5						
48	13020	0	5	15002	0	5	11006	0	6			
49	45025	1	3									
50	11009	0	6	11010	0	6						
51	13002	0	5	13014	0	5	15009	0	5			
52	13008	0	5	15016	0	5						
53	13020	0	5	15002	0	5	11007	0	6			
54	45253	1	3									
55	11011	0	6	11012	0	6						
56	13002	0	5	13014	0	5	15009	0	5			
57	13008	0	5	15016	0	5						
58	13020	0	5	15002	0	5	11008	0	6			
59	45193	2	3									
60	11009	0	6	11010	0	6						
61	13002	0	5	13014	0	5	15010	0	5			
62	13008	0	5	15017	0	5						
63	13020	0	5	15003	0	5						
64	45145	1	3									
65	11013	0	8	11014	0	8						
66	13002	0	5	13014	0	5	15010	0	5			
67	13008	0	5	15017	0	5						
68	13020	0	5	15003	0	5						
69	45049	2	3									
70	11015	0	8	11016	0	8						
71	13002	0	5	13014	0	5	15010	0	5			
72	13008	0	5	15017	0	5						
73	13020	0	5	15003	0	5	11009	0	8			
74	45121	1	3									
75	11013	0	8	11014	0	8						
76	13002	0	5	13014	0	5	15010	0	5			
77	13008	0	5	15017	0	5						
78	13020	0	5	15003	0	5	11010	0	8			
79	45181	2	3									
80	11015	0	8	11016	0	8						
81	13002	0	5	13014	0	5	15010	0	5			
82	13008	0	5	15017	0	5						
83	13020	0	5	15003	0	5	11011	0	8			
84	45001	1	3									
85	11013	0	8	11014	0	8						
86	13002	0	5	13014	0	5	15010	0	5			
87	13008	0	5	15017	0	5						
88	13020	0	5	15003	0	5	11012	0	8			
89	45061	2	3									
90	11015	0	8	11016	0	8						
91	13003	0	6	13015	0	6	15010	0	6			
92	13009	0	6	15017	0	6						
93	13021	0	6	15003	0	6						
94	45073	1	3									
95	11017	0	8	11018	0	8						
96	13003	0	6	13015	0	6	15010	0	6			
97	13009	0	6	15017	0	6						
98	13021	0	6	15003	0	6						
99	45109	2	3									
100	11019	0	8	11020	0	8						
101	13003	0	6	13015	0	6	15010	0	6			
102	13009	0	6	15017	0	6						
103	13021	0	6	15003	0	6	11013	0	8			
104	45037	1	3									
105	11017	0	8	11018	0	8						
106	13003	0	6	13015	0	6	15010	0	6			
107	13009	0	6	15017	0	6						
108	13021	0	6	15003	0	6	11014	0	8			
109	45133	2	3									
110	11019	0	8	11020	0	8						
111	13003	0	6	13015	0	6	15010	0	6			
112	13009	0	6	15017	0	6						
113	13021	0	6	15003	0	6	11015	0	8			
114	45277	1	3									
115	11017	0	8	11018	0	8						
116	13003	0	6	13015	0	6	15010	0	6			
117	13009	0	6	15017	0	6						
118	13021	0	6	15003	0	6	11016	0	8			
119	45181	2	3									
120	11019	0	8	11020	0	8						
121	13003	0	6	13015	0	6	15011					
122	13009	0	6	15018	0	6						
123	13021	0	6	15004	0	6						
124	45097	1	3									
125	11021	0	10	11022	0	10						
126	13003	0	6	13015	0	6	15011	0	6			
127	13009	0	6	15018	0	6						
128	13021	0	6	15004	0	6						
129	45217	2	3									
130	11023	0	10	11024	0	10						
131	13003	0	6	13015	0	6	15011	0	6			
132	13009	0	6	15018	0	6						
133	13021	0	6	15004	0	6	11017	0	10			
134	45085	1	3									
135	11021	0	10	11022	0	10						
136	13003	0	6	13015	0	6	15011	0	6			
137	13009	0	6	15018	0	6						
138	13021	0	6	15004	0	6	11018	0	10			
139	45302	2	3									
140	11023	0	10	11024	0	10						
141	13003	0	6	13015	0	6	15011	0	6			
142	13009	0	6	15018	0	6						
143	13021	0	6	15004	0	6	11019	0	10			
144	45241	1	3									
145	11021	0	10	11022	0	10						
146	13003	0	6	13015	0	6	15011	0	6			
147	13009	0	6	15018	0	6						
148	13021	0	6	15004	0	6	11020	0	10			
149	45193	2	3									
150	11023	0	10	11024	0	10						
151	13004	0	8	13016	0	8	15011	0	8	15012	0	8
152	13010	0	8	15018	0	8	15019	0	8			
153	13022	0	8	15004	0	8	15005	0	8			
154	45025	1	3									
155	11025	0	12	11026	0	12	11029	0	12	11030	0	12
156	13004	0	8	13016	0	8	15011	0	8	15012	0	8
157	13010	0	8	15018	0	8	15019	0	8			
158	13022	0	8	15004	0	8	15005	0	8			
159	45229	2	3									
160	11027	0	12	11028	0	12	11031	0	12	11032	0	12
161	13004	0	8	13016	0	8	15011	0	8	15012	0	8
162	13010	0	8	15018	0	8	15019	0	8			
163	13022	0	8	15004	0	8	15005	0	8	11021	0	12
164	45253	1	3									
165	11025	0	12	11026	0	12	11029	0	12	11030	0	12
166	13004	0	8	13016	0	8	15011	0	8	15012	0	8
167	13010	0	8	15018	0	8	15019	0	8			
168	13022	0	8	15004	0	8	15005	0	8	11022	0	12
169	45109	2	3									
170	11027	0	12	11028	0	12	11031	0	12	11032	0	12
171	13004	0	8	13016	0	8	15011	0	8	15012	0	8
172	13010	0	8	15018	0	8	15019	0	8			
173	13022	0	8	15004	0	8	15005	0	8	11023	0	12
174	45061	2	3									
175	11025	0	12	11026	0	12	11029	0	12	11030	0	12
176	13004	0	8	13016	0	8	15011	0	8	15012	0	8
177	13010	0	8	15018	0	8	15019	0	8			
178	13022	0	8	15004	0	8	15005	0	8	11024	0	12
179	45181	2	3									
180	11027	0	12	11028	0	12	11031	0	12	11032	0	12
181	13005	0	8	13017	0	8	15012	0	8	15013	0	8
182	13011	0	8	15019	0	8	15020	0	8			
183	13023	0	8	15005	0	8	15006	0	8			
184	45302	2	3									
185	11033	0	14	11034	0	14	11037	0	14	11038	0	14
186	13005	0	8	13017	0	8	15012	0	8	15013	0	8
187	13011	0	8	15019	0	8	15020	0	8			
188	13023	0	8	15005	0	8	15006	0	8			
189	45061	2	3									
190	11035	0	14	11036	0	14	11039	0	14	11040	0	14
191	13005	0	8	13017	0	8	15012	0	8	15013	0	8
192	13011	0	8	15019	0	8	15020	0	8	11029	0	14
193	13023	0	8	15005	0	8	15006	0	8	11025	0	14
194	45133	2	3									
195	11033	0	14	11034	0	14	11037	0	14	11038	0	14
196	13005	0	8	13017	0	8	15012	0	8	15013	0	8
197	13011	0	8	15019	0	8	15020	0	8	11030	0	14
198	13023	0	8	15005	0	8	15006	0	8	11026	0	14
199	45109	2	3									
200	11035	0	14	11036	0	14	11039	0	14	11040	0	14
201	13005	0	8	13017	0	8	15012	0	8	15013	0	8
202	13011	0	8	15019	0	8	15020	0	8	11031	0	14
203	13023	0	8	15005	0	8	15006	0	8	11027	0	14
204	45049	2	3									
205	11033	0	14	11034	0	14	11037	0	14	11038	0	14
206	13005	0	8	13017	0	8	15012	0	8	15013	0	8
207	13011	0	8	15019	0	8	15020	0	8	11032	0	14
208	13023	0	8	15005	0	8	15006	0	8	11028	0	14
209	45133	2	3									
210	11035	0	14	11036	0	14	11039	0	14	11040	0	14
211	13006	0	10	13018	0	10	15013	0	10	15014	0	10
212	13012	0	10	15020	0	10	15021	0	10			
213	13024	0	10	15006	0	10	15007	0	10			
214	45193	2	3									
215	11037	0	16	11038	0	16	11041	0	16	11042	0	16
216	13006	0	10	13018	0	10	15013	0	10	15014	0	10
217	13012	0	10	15020	0	10	15021	0	10			
218	13024	0	10	15006	0	10	15007	0	10			
219	45049	2	3									
220	11039	0	16	11040	0	16	11043	0	16	11044	0	16
221	13006	0	10	13018	0	10	15013	0	10	15014	0	10
222	13012	0	10	15020	0	10	15021	0	10	11033	0	16
223	13024	0	10	15006	0	10	15007	0	10	11037	0	16
224	45229	2	3									
225	11037	0	16	11038	0	16	11041	0	16	11042	0	16
226	13006	0	10	13018	0	10	15013	0	10	15014	0	10
227	13012	0	10	15020	0	10	15021	0	10	11034	0	16
228	13024	0	10	15006	0	10	15007	0	10	11038	0	16
229	45314	2	3									
230	11039	0	16	11040	0	16	11043	0	16	11044	0	16
231	13006	0	10	13018	0	10	15013	0	10	15014	0	10
232	13012	0	10	15020	0	10	15021	0	10	11035	0	16
233	13024	0	10	15006	0	10	15007	0	10	11039	0	16
234	45265	2	3									
235	11037	0	16	11038	0	16	11041	0	16	11042	0	16
236	13006	0	10	13018	0	10	15013	0	10	15014	0	10
237	13012	0	10	15020	0	10	15021	0	10	11036	0	16
238	13024	0	10	15006	0	10	15007	0	10	11040	0	16
239	45217	2	3									
240	11039	0	16	11040	0	16	11043	0	16	11044	0	16
1001												
1002												
1003												
1004												
1005	11005	2	3	11006	2	3	15002	2	3			
1006												
1007												
1008												
1009												
1010	11007	2	3	11008	2	3	15009	2	3			
1011												
1012												
1013												
1014												
1015	11007	2	3	15002	2	3	15016	2	4			
1016												
1017												
1018												
1019												
1020	11013	2	3	11014	2	3	15003	2	4			
1021												
1022												
1023												
1024												
1025	11015	2	3	11016	2	3	15010	2	4			
1026												
1027												
1028												
1029												
1030	11013	2	3	11014	2	3	15017	2	4			
1031												
1032												
1033												
1034												
1035	11015	2	3	11016	2	3	15002	2	4			
1036												
1037												
1038												
1039												
1040	11013	2	4	11014	2	4	15003	2	4			
1041												
1042												
1043												
1044												
1045	11015	2	4	11016	2	4	15010	2	4			
1046												
1047												
1048												
1049												
1050	11013	2	4	11014	2	4	15017	2	4			
1051												
1052												
1053												
1054												
1055	11015	2	4	11016	2	4	15004	2	4			
1056												
1057												
1058												
1059												
1060	11017	2	4	11018	2	4	15011	2	4			
1061												
1062												
1063												
1064												
1065	11019	2	4	11020	2	4	15018	2	4			
1066												
1067												
1068												
1069												
1070	11021	2	4	11022	2	4	15004	2	4			
1071												
1072												
1073												
1074												
1075	11023	2	4	11024	2	4	15011	2	4			
1076												
1077												
1078												
1079												
1080	11025	2	4	11026	2	4	15018	2	4			
1081												
1082												
1083												
1084												
1085	11027	2	4	11028	2	4	15005	2	4			
1086												
1087												
1088												
1089												
1090	11029	2	4	11030	2	4	15012	2	4			
1091												
1092												
1093												
1094												
1095	11031	2	4	11032	2	4	15019	2	4			
1096												
1097												
1098												
1099												
1100	11029	2	4	11030	2	4	15005	2	4			
1101												
1102												
1103												
1104												
1105	11031	2	4	11032	2	4	15012	2	4			
1106												
1107												
1108												
1109												
1110	11029	2	4	11030	2	4	15019	2	4			
1111												
1112												
1113												
1114												
1115	11031	2	4	11032	2	4	15005	2	4			
1116												
1117												
1118												
1119												
1120	11029	2	4	11030	2	4	15012	2	4			
1121												
1122												
1123												
1124												
1125	11031	2	4	11032	2	4	15019	2	4			
1126												
1127												
1128												
1129												
1130	11033	2	4	11034	2	4	15005	2	4			
1131												
1132												
1133												
1134												
1135	11035	2	4	11036	2	4	15012	2	4			
1136												
1137												
1138												
1139												
1140	11033	2	4	11034	2	4	15019	2	4			
1141												
1142												
1143												
1144												
1145	11035	2	4	11036	2	4	15005	2	4			
1146												
1147												
1148												
1149												
1150	11033	2	4	11034	2	4	15012	2	4			
1151												
1152												
1153												
1154												
1155	11035	2	4	11036	2	4	15019	2	4			
1156												
1157												
1158												
1159												
1160	11033	2	4	11034	2	4	15005	2	4			
1161												
1162												
1163												
1164												
1165	11035	2	4	11036	2	4	15012	2	4			
1166												
1167												
1168												
1169												
1170	11033	2	4	11034	2	4	15006	2	4			
1171												
1172												
1173												
1174												
1175	11035	2	4	11036	2	4	15013	2	4			
1176												
1177												
1178												
1179												
1180	11037	2	4	11038	2	4	15020	2	4			
1181	11026	2	3	15012	2	3	5002	1	3			
1182	11032	2	3	13005	2	3	5002	1	3			
1183	11028	2	3	15011	2	3	5002	1	3			
1184	11035	2	3	15005	2	3	5002	1	3			
1185	11030	2	3	15018	2	3	5002	1	3			
1186	11027	2	3	15012	2	3	5002	1	3			
1187	11029	2	3	15011	2	3	5002	1	3			
1188	11036	2	3	13011	2	3	5002	1	3			
1189	11032	2	3	15005	2	3	5002	1	3			
1190	11031	2	3	15018	2	3	5002	1	3			
1191	11030	2	3	15012	2	3	5002	1	3			
1192	11027	2	3	15011	2	3	5002	1	3			
1193	11029	2	3	13011	2	3	5002	1	3			
1194	11036	2	3	15019	2	3	5002	1	3			
1195	11032	2	3	15011	2	3	5002	1	3			
1196	11031	2	3	15004	2	3	5002	1	3			
1197	11035	2	3	13011	2	3	5002	1	3			
1198	11031	2	3	15004	2	3	5002	1	3			
1199	11033	2	3	15012	2	3	5002	1	3			
1200	11035	2	3	15018	2	3	5002	1	3			
1201	11033	2	3	13011	2	3	5002	1	3			
1202	11036	2	3	15004	2	3	5002	1	3			
1203	11034	2	3	15012	2	3	5002	1	3			
1204	11035	2	3	15018	2	3	5002	1	3			
1205	11031	2	3	13011	2	3	5002	1	3			
1206	11033	2	3	15004	2	3	5002	1	3			
1207	11035	2	3	15018	2	3	5002	1	3			
1208	11033	2	3	15005	2	3	5002	1	3			
1209	11036	2	3	15018	2	3	5002	1	3			
1210	11034	2	3	15005	2	3	5002	1	3			
10101	500002	0	0									
10102	500002	0	0									
10103	500002	0	0									
10104	500002	0	0									
10105	500002	0	0	22001	0	0						
10106	500002	0	0									
10107	500002	0	0									
10108	500002	0	0									
10109	500002	0	0									
10110	500002	0	0	22003	0	0						
10111	500002	0	0									
10112	500002	0	0									
10113	500002	0	0									
10114	500002	0	0									
10115	500002	0	0									
10201	500003	0	0	6000	8	10						
10202	500003	0	0	6000	8	10						
10203	500003	0	0	6000	8	10	45001	1	3			
10204	500003	0	0	6000	8	10						
10205	500003	0	0	6000	8	10	22002	0	0			
10206	500003	0	0	6000	8	10						
10207	500003	0	0	6000	8	10						
10208	500003	0	0	6000	8	10	45121	1	3			
10209	500003	0	0	6000	8	10						
10210	500003	0	0	6000	8	10	22001	0	0			
10211	500003	0	0	6000	8	10						
10212	500003	0	0	6000	8	10						
10213	500003	0	0	6000	8	10	45073	1	3			
10214	500003	0	0	6000	8	10						
10215	500003	0	0	6000	8	10	22002	0	0	22003	0	0
10216	500003	0	0	6000	8	10						
10217	500003	0	0	6000	8	10						
10218	500003	0	0	6000	8	10	45145	1	3			
10219	500003	0	0	6000	8	10						
10220	500003	0	0	22001	0	0	22002	0	0	22003	0	0
10301	500003	0	0	6000	8	10						
10302	500003	0	0	6000	8	10						
10303	500003	0	0	6000	8	10	45025	1	3			
10304	500003	0	0	6000	8	10						
10305	500003	0	0	6000	8	10	33004	0	0			
10306	500003	0	0	6000	8	10						
10307	500003	0	0	6000	8	10						
10308	500003	0	0	6000	8	10	45097	1	3			
10309	500003	0	0	6000	8	10						
10310	500003	0	0	6000	8	10	33003	0	0			
10311	500003	0	0	6000	8	10						
10312	500003	0	0	6000	8	10						
10313	500003	0	0	6000	8	10	45037	1	3			
10314	500003	0	0	6000	8	10						
10315	500003	0	0	6000	8	10	33005	0	0			
10316	500003	0	0	6000	8	10						
10317	500003	0	0	6000	8	10						
10318	500003	0	0	6000	8	10	45277	1	3			
10319	500003	0	0	6000	8	10						
10320	500003	0	0	6000	8	10	33001	0	0			
10321	500003	0	0	6000	8	10						
10322	500003	0	0	6000	8	10						
10323	500003	0	0	6000	8	10	45253	1	3			
10324	500003	0	0	6000	8	10						
10325	500003	0	0	6000	8	10	33006	0	0			
10401	500003	0	0	6000	8	10	114	8	10			
10402	500003	0	0	6000	8	10	114	8	10			
10403	500003	0	0	6000	8	10	114	8	10	45085	1	3
10404	500003	0	0	6000	8	10	114	8	10			
10405	500003	0	0	6000	8	10	114	8	10	33002	0	0
10406	500003	0	0	6000	8	10	114	8	10			
10407	500003	0	0	6000	8	10	114	8	10			
10408	500003	0	0	6000	8	10	114	8	10	45061	1	3
10409	500003	0	0	6000	8	10	114	8	10			
10410	500003	0	0	6000	8	10	114	8	10	33004	0	0
10411	500003	0	0	6000	8	10	114	8	10			
10412	500003	0	0	6000	8	10	114	8	10			
10413	500003	0	0	6000	8	10	114	8	10	45205	1	3
10414	500003	0	0	6000	8	10	114	8	10			
10415	500003	0	0	6000	8	10	114	8	10	33001	0	0
10416	500003	0	0	6000	8	10	114	8	10			
10417	500003	0	0	6000	8	10	114	8	10			
10418	500003	0	0	6000	8	10	114	8	10	45013	1	3
10419	500003	0	0	6000	8	10	114	8	10			
10420	500003	0	0	6000	8	10	114	8	10	33005	0	0
10421	500003	0	0	6000	8	10	114	8	10			
10422	500003	0	0	6000	8	10	114	8	10			
10423	500003	0	0	6000	8	10	114	8	10	45001	1	3
10424	500003	0	0	6000	8	10	114	8	10			
10425	500003	0	0	6000	8	10	114	8	10	33003	0	0
10426	500003	0	0	6000	8	10	114	8	10			
10427	500003	0	0	6000	8	10	114	8	10			
10428	500003	0	0	6000	8	10	114	8	10	45121	1	3
10429	500003	0	0	6000	8	10	114	8	10			
10430	500003	0	0	6000	8	10	33002	0	1	33004	0	1
10501	500102	0	0	6000	8	10	114	8	10			
10502	500102	0	0	6000	8	10	114	8	10			
10503	500102	0	0	6000	8	10	114	8	10	45073	1	3
10504	500102	0	0	6000	8	10	114	8	10			
10505	500102	0	0	6000	8	10	114	8	10	33001	0	0
10506	500102	0	0	6000	8	10	114	8	10			
10507	500102	0	0	6000	8	10	114	8	10			
10508	500102	0	0	6000	8	10	114	8	10	45145	1	3
10509	500102	0	0	6000	8	10	114	8	10			
10510	500102	0	0	6000	8	10	114	8	10	33003	0	0
10511	500102	0	0	6000	8	10	114	8	10			
10512	500102	0	0	6000	8	10	114	8	10			
10513	500102	0	0	6000	8	10	114	8	10	45025	1	3
10514	500102	0	0	6000	8	10	114	8	10			
10515	500102	0	0	6000	8	10	114	8	10	33002	0	0
10516	500102	0	0	6000	8	10	114	8	10			
10517	500102	0	0	6000	8	10	114	8	10			
10518	500102	0	0	6000	8	10	114	8	10	45097	1	3
10519	500102	0	0	6000	8	10	114	8	10			
10520	500102	0	0	33004	0	1	33005	0	1	33006	0	1
10521	500102	0	0	6000	8	10	114	8	10			
10522	500102	0	0	6000	8	10	114	8	10			
10523	500102	0	0	6000	8	10	114	8	10	45037	1	3
10524	500102	0	0	6000	8	10	114	8	10			
10525	500102	0	0	33001	0	1	33002	0	1	33003	0	1
10526	500102	0	0	6000	8	10	114	8	10			
10527	500102	0	0	6000	8	10	114	8	10			
10528	500102	0	0	6000	8	10	114	8	10	45229	1	3
10529	500102	0	0	6000	8	10	114	8	10			
10530	500102	0	0	6000	8	10	114	8	10	34004	0	1
10601	500102	0	0	6000	8	10	114	8	10			
10602	500102	0	0	6000	8	10	114	8	10			
10603	500102	0	0	6000	8	10	114	8	10	45001	1	3
10604	500102	0	0	6000	8	10	114	8	10			
10605	500102	0	0	6000	8	10	114	8	10	34008	0	1
10606	500102	0	0	6000	8	10	114	8	10			
10607	500102	0	0	6000	8	10	114	8	10			
10608	500102	0	0	6000	8	10	114	8	10	45109	1	3
10609	500102	0	0	6000	8	10	114	8	10			
10610	500102	0	0	6000	8	10	114	8	10	34006	0	1
10611	500102	0	0	6000	8	10	114	8	10			
10612	500102	0	0	6000	8	10	114	8	10			
10613	500102	0	0	6000	8	10	114	8	10	45217	1	3
10614	500102	0	0	6000	8	10	114	8	10			
10615	500102	0	0	6000	8	10	114	8	10	34001	0	1
10616	500102	0	0	6000	8	10	114	8	10			
10617	500102	0	0	6000	8	10	114	8	10			
10618	500102	0	0	6000	8	10	114	8	10	45025	1	3
10619	500102	0	0	6000	8	10	114	8	10			
10620	500102	0	0	6000	8	10	114	8	10	34004	0	1
10621	500102	0	0	6000	8	10	114	8	10			
10622	500102	0	0	6000	8	10	114	8	10			
10623	500102	0	0	6000	8	10	114	8	10	45145	1	3
10624	500102	0	0	6000	8	10	114	8	10			
10625	500102	0	0	6000	8	10	114	8	10	34007	0	1
10626	500102	0	0	6000	8	10	114	8	10			
10627	500102	0	0	6000	8	10	114	8	10			
10628	500102	0	0	6000	8	10	114	8	10	45193	1	3
10629	500102	0	0	6000	8	10	114	8	10			
10630	500102	0	0	6000	8	10	114	8	10	34005	0	1
10701	500102	0	0	6000	8	10	114	8	10			
10702	500102	0	0	6000	8	10	114	8	10			
10703	500102	0	0	6000	8	10	114	8	10	45013	1	3
10704	500102	0	0	6000	8	10	114	8	10			
10705	500102	0	0	6000	8	10	114	8	10	34006	0	1
10706	500102	0	0	6000	8	10	114	8	10			
10707	500102	0	0	6000	8	10	114	8	10			
10708	500102	0	0	6000	8	10	114	8	10	45277	1	3
10709	500102	0	0	6000	8	10	114	8	10			
10710	500102	0	0	6000	8	10	114	8	10	34003	0	1
10711	500102	0	0	6000	8	10	114	8	10			
10712	500102	0	0	6000	8	10	114	8	10			
10713	500102	0	0	6000	8	10	114	8	10	45253	1	3
10714	500102	0	0	6000	8	10	114	8	10			
10715	500102	0	0	6000	8	10	114	8	10	34008	0	1
10716	500102	0	0	6000	8	10	114	8	10			
10717	500102	0	0	6000	8	10	114	8	10			
10718	500102	0	0	6000	8	10	114	8	10	45073	1	3
10719	500102	0	0	6000	8	10	114	8	10			
10720	500102	0	0	6000	8	10	114	8	10	34005	0	1
10721	500102	0	0	6000	8	10	114	8	10			
10722	500102	0	0	6000	8	10	114	8	10			
10723	500102	0	0	6000	8	10	114	8	10	45205	1	3
10724	500102	0	0	6000	8	10	114	8	10			
10725	500102	0	0	6000	8	10	114	8	10	34009	0	1
10726	500102	0	0	6000	8	10	114	8	10			
10727	500102	0	0	6000	8	10	114	8	10			
10728	500102	0	0	6000	8	10	114	8	10	45193	1	3
10729	500102	0	0	6000	8	10	114	8	10			
10730	500102	0	0	34004	0	2	34005	0	2	34006	0	2
10801	500103	0	0	6000	8	10	114	8	10			
10802	500103	0	0	6000	8	10	114	8	10			
10803	500103	0	0	6000	8	10	114	8	10	45061	1	3
10804	500103	0	0	6000	8	10	114	8	10			
10805	500103	0	0	6000	8	10	114	8	10	34004	0	1
10806	500103	0	0	6000	8	10	114	8	10			
10807	500103	0	0	6000	8	10	114	8	10			
10808	500103	0	0	6000	8	10	114	8	10	45265	1	3
10809	500103	0	0	6000	8	10	114	8	10			
10810	500103	0	0	6000	8	10	114	8	10	34002	0	1
10811	500103	0	0	6000	8	10	114	8	10			
10812	500103	0	0	6000	8	10	114	8	10			
10813	500103	0	0	6000	8	10	114	8	10	45085	1	3
10814	500103	0	0	6000	8	10	114	8	10			
10815	500103	0	0	6000	8	10	114	8	10	34007	0	1
10816	500103	0	0	6000	8	10	114	8	10			
10817	500103	0	0	6000	8	10	114	8	10			
10818	500103	0	0	6000	8	10	114	8	10	45121	1	3
10819	500103	0	0	6000	8	10	114	8	10			
10820	500103	0	0	6000	8	10	114	8	10	34006	0	1
10821	500103	0	0	6000	8	10	114	8	10			
10822	500103	0	0	6000	8	10	114	8	10			
10823	500103	0	0	6000	8	10	114	8	10	45085	1	3
10824	500103	0	0	6000	8	10	114	8	10			
10825	500103	0	0	6000	8	10	114	8	10	34001	0	1
10826	500103	0	0	6000	8	10	114	8	10			
10827	500103	0	0	6000	8	10	114	8	10			
10828	500103	0	0	6000	8	10	114	8	10	45061	1	3
10829	500103	0	0	6000	8	10	114	8	10			
10830	500103	0	0	34007	0	2	34008	0	2	34009	0	2
10901	500103	0	0	6000	8	10	114	8	10			
10902	500103	0	0	6000	8	10	114	8	10			
10903	500103	0	0	6000	8	10	114	8	10	45314	1	3
10904	500103	0	0	6000	8	10	114	8	10			
10905	500103	0	0	6000	8	10	114	8	10	34005	0	1
10906	500103	0	0	6000	8	10	114	8	10			
10907	500103	0	0	6000	8	10	114	8	10			
10908	500103	0	0	6000	8	10	114	8	10	45109	1	3
10909	500103	0	0	6000	8	10	114	8	10			
10910	500103	0	0	6000	8	10	114	8	10	34002	0	1
10911	500103	0	0	6000	8	10	114	8	10			
10912	500103	0	0	6000	8	10	114	8	10			
10913	500103	0	0	6000	8	10	114	8	10	45217	1	3
10914	500103	0	0	6000	8	10	114	8	10			
10915	500103	0	0	6000	8	10	114	8	10	34008	0	1
10916	500103	0	0	6000	8	10	114	8	10			
10917	500103	0	0	6000	8	10	114	8	10			
10918	500103	0	0	6000	8	10	114	8	10	45229	1	3
10919	500103	0	0	6000	8	10	114	8	10			
10920	500103	0	0	6000	8	10	114	8	10	34003	0	1
10921	500103	0	0	6000	8	10	114	8	10			
10922	500103	0	0	6000	8	10	114	8	10			
10923	500103	0	0	6000	8	10	114	8	10	45265	1	3
10924	500103	0	0	6000	8	10	114	8	10			
10925	500103	0	0	6000	8	10	114	8	10	34009	0	1
10926	500103	0	0	6000	8	10	114	8	10			
10927	500103	0	0	6000	8	10	114	8	10			
10928	500103	0	0	6000	8	10	114	8	10	45277	1	3
10929	500103	0	0	6000	8	10	114	8	10			
10930	500103	0	0	34001	0	2	34002	0	2	34003	0	2
11001	500104	0	0	6000	8	10	114	8	10			
11002	500104	0	0	6000	8	10	114	8	10			
11003	500104	0	0	6000	8	10	114	8	10	45253	1	3
11004	500104	0	0	6000	8	10	114	8	10			
11005	500104	0	0	6000	8	10	114	8	10	34005	0	1
11006	500104	0	0	6000	8	10	114	8	10			
11007	500104	0	0	6000	8	10	114	8	10			
11008	500104	0	0	6000	8	10	114	8	10	45193	1	3
11009	500104	0	0	6000	8	10	114	8	10			
11010	500104	0	0	6000	8	10	114	8	10	34002	0	1
11011	500104	0	0	6000	8	10	114	8	10			
11012	500104	0	0	6000	8	10	114	8	10			
11013	500104	0	0	6000	8	10	114	8	10	45362	4	6
11014	500104	0	0	6000	8	10	114	8	10			
11015	500104	0	0	6000	8	10	114	8	10	34008	0	1
11016	500104	0	0	6000	8	10	114	8	10			
11017	500104	0	0	6000	8	10	114	8	10			
11018	500104	0	0	6000	8	10	114	8	10	45338	1	3
11019	500104	0	0	6000	8	10	114	8	10			
11020	500104	0	0	6000	8	10	114	8	10	34003	0	1
11021	500104	0	0	6000	8	10	114	8	10			
11022	500104	0	0	6000	8	10	114	8	10			
11023	500104	0	0	6000	8	10	114	8	10	45326	1	3
11024	500104	0	0	6000	8	10	114	8	10			
11025	500104	0	0	6000	8	10	114	8	10	34009	0	1
11026	500104	0	0	6000	8	10	114	8	10			
11027	500104	0	0	6000	8	10	114	8	10			
11028	500104	0	0	6000	8	10	114	8	10	45302	1	3
11029	500104	0	0	6000	8	10	114	8	10			
11030	500104	0	0	34001	0	2	34002	0	2	34003	0	2
11101	500104	0	0	6000	8	10	114	8	10			
11102	500104	0	0	6000	8	10	114	8	10			
11103	500104	0	0	6000	8	10	114	8	10	45037	1	3
11104	500104	0	0	6000	8	10	114	8	10			
11105	500104	0	0	6000	8	10	114	8	10	34002	0	1
11106	500104	0	0	6000	8	10	114	8	10			
11107	500104	0	0	6000	8	10	114	8	10			
11108	500104	0	0	6000	8	10	114	8	10	45109	1	3
11109	500104	0	0	6000	8	10	114	8	10			
11110	500104	0	0	6000	8	10	114	8	10	34004	0	1
11111	500104	0	0	6000	8	10	114	8	10			
11112	500104	0	0	6000	8	10	114	8	10			
11113	500104	0	0	6000	8	10	114	8	10	45229	1	3
11114	500104	0	0	6000	8	10	114	8	10			
11115	500104	0	0	6000	8	10	114	8	10	34003	0	1
11116	500104	0	0	6000	8	10	114	8	10			
11117	500104	0	0	6000	8	10	114	8	10			
11118	500104	0	0	6000	8	10	114	8	10	45217	1	3
11119	500104	0	0	6000	8	10	114	8	10			
11120	500104	0	0	6000	8	10	114	8	10	34006	0	1
11121	500104	0	0	6000	8	10	114	8	10			
11122	500104	0	0	6000	8	10	114	8	10			
11123	500104	0	0	6000	8	10	114	8	10	45121	1	3
11124	500104	0	0	6000	8	10	114	8	10			
11125	500104	0	0	6000	8	10	114	8	10	34001	0	1
11126	500104	0	0	6000	8	10	114	8	10			
11127	500104	0	0	6000	8	10	114	8	10			
11128	500104	0	0	6000	8	10	114	8	10	45265	1	3
11129	500104	0	0	6000	8	10	114	8	10			
11130	500104	0	0	34007	0	2	34008	0	2	34009	0	2
11201	500104	0	0	6000	8	10	114	8	10			
11202	500104	0	0	6000	8	10	114	8	10			
11203	500104	0	0	6000	8	10	114	8	10	45037	1	3
11204	500104	0	0	6000	8	10	114	8	10			
11205	500104	0	0	6000	8	10	114	8	10	34007	0	1
11206	500104	0	0	6000	8	10	114	8	10			
11207	500104	0	0	6000	8	10	114	8	10			
11208	500104	0	0	6000	8	10	114	8	10	45482	4	6
11209	500104	0	0	6000	8	10	114	8	10			
11210	500104	0	0	6000	8	10	114	8	10	34008	0	1
11211	500104	0	0	6000	8	10	114	8	10			
11212	500104	0	0	6000	8	10	114	8	10			
11213	500104	0	0	6000	8	10	114	8	10	45410	4	6
11214	500104	0	0	6000	8	10	114	8	10			
11215	500104	0	0	6000	8	10	114	8	10	34009	0	1
11216	500104	0	0	6000	8	10	114	8	10			
11217	500104	0	0	6000	8	10	114	8	10			
11218	500104	0	0	6000	8	10	114	8	10	45482	4	6
11219	500104	0	0	6000	8	10	114	8	10			
11220	500104	0	0	6000	8	10	114	8	10	35001	4	6
11221	500104	0	0	6000	8	10	114	8	10			
11222	500104	0	0	6000	8	10	114	8	10			
11223	500104	0	0	6000	8	10	114	8	10	45121	1	3
11224	500104	0	0	6000	8	10	114	8	10			
11225	500104	0	0	6000	8	10	114	8	10	35004	4	6
11226	500104	0	0	6000	8	10	114	8	10			
11227	500104	0	0	6000	8	10	114	8	10			
11228	500104	0	0	6000	8	10	114	8	10	45458	4	6
11229	500104	0	0	6000	8	10	114	8	10			
11230	500104	0	0	34002	0	2	34004	0	2	35002	4	6
