唯一ID	天赋ID	等级	升级所需经验	升级所需天赋石品质	天赋石品质	升级所需天赋石数量
INT	INT	INT	INT	INT	INT	INT
id	quality	level	cost_exp	cost_item	stone_quality	cost_item_num
1	1	1	144			
2	1	2	144			
3	1	3	144			
4	1	4	144	202	1	1
5	1	5	144	202	1	1
6	2	1	180			
7	2	2	180			
8	2	3	180			
9	2	4	180	202	1	1
10	2	5	180	202	1	2
11	3	1	255			
12	3	2	255			
13	3	3	255			
14	3	4	255	202	1	1
15	3	5	255	203	2	1
16	4	1	3600	202	1	4
17	4	2	3600	202	1	6
18	4	3	3600	203	2	4
19	4	4	3600	203	2	7
20	4	5	3600	204	3	4
21	5	1	7000	202	1	8
22	5	2	7000	203	2	6
23	5	3	7000	203	2	10
24	5	4	7000	204	3	6
25	5	5	7000	204	3	8
26	6	1	9000	202	1	10
27	6	2	9000	203	2	8
28	6	3	9000	203	2	16
29	6	4	9000	204	3	6
30	6	5	9000	204	3	10
