活动ID	抽取组类型	抽取组中的抽取数量	获取顺序	可抽取的道具
INT	INT	INT	INT	STRING
id	type	num	rank	reward
1	1	1	3	"1,6000,20,20;1,45013,3,4;1,45013,3,4;1,45013,3,1;1,45013,3,1;1,45013,3,1;1,45013,3,1;1,45013,3,1;1,45013,3,1;1,45013,3,1;1,45013,3,1;1,45013,3,1;1,45013,3,1;1,45013,3,1;1,45013,3,1;1,45013,3,1;1,45013,2,30;1,45013,1,20;1,34001,1,2;1,34002,1,2;1,34003,1,2;1,34004,1,2;1,34005,1,2;1,34006,1,2;1,34007,1,2;1,34008,1,2;1,34009,1,2;"
1	1	1	3	"1,94,50000,20;1,90,30000,20;1,90,100000,10;1,16001,1,8;1,16002,1,8;1,16003,1,8;1,16004,1,8;1,16005,1,9;1,16006,1,9;1,34001,1,2;1,34002,1,2;1,34003,1,2;1,34004,1,2;1,34005,1,2;1,34006,1,2;1,34007,1,2;1,34008,1,2;1,34009,1,2;"
1	1	1	3	"1,45013,2,20;1,45013,2,30;1,45013,3,30;1,45013,3,20;1,34001,1,2;1,34002,1,2;1,34003,1,2;1,34004,1,2;1,34005,1,2;1,34006,1,2;1,34007,1,2;1,34008,1,2;1,34009,1,2;"
1	2	1	6	"1,50001,100,20;1,45013,2,2;1,45013,2,2;1,45013,2,2;1,45013,2,2;1,45013,2,2;1,45013,2,2;1,45013,1,2;1,45013,1,2;1,45013,1,2;1,45013,1,2;1,45013,1,2;1,45013,1,2;1,45013,1,2;1,45013,1,2;1,45013,1,2;1,45013,3,30;1,45013,3,20;1,34001,2,2;1,34002,2,2;1,34003,2,2;1,34004,2,2;1,34005,2,2;1,34006,2,2;1,34007,2,2;1,34008,2,2;1,34009,2,2;"
1	2	1	6	"1,94,100000,20;1,94,50000,30;1,90,200000,30;1,45253,2,20;1,34001,2,2;1,34002,2,2;1,34003,2,2;1,34004,2,2;1,34005,2,2;1,34006,2,2;1,34007,2,2;1,34008,2,2;1,34009,2,2;"
1	2	1	6	"1,45253,1,20;1,45253,3,10;1,45013,4,20;1,16007,1,8;1,16008,1,8;1,16009,1,8;1,16010,1,8;1,16011,1,9;1,16012,1,9;1,34001,2,2;1,34002,2,2;1,34003,2,2;1,34004,2,2;1,34005,2,2;1,34006,2,2;1,34007,2,2;1,34008,2,2;1,34009,2,2;"
1	3	1	10	"1,45013,1,60;1,45013,3,40;1,34001,5,2;1,34002,5,2;1,34003,5,2;1,34004,5,2;1,34005,5,2;1,34006,5,2;1,34007,5,2;1,34008,5,2;1,34009,5,2;"
1	3	1	10	"1,45013,3,50;1,45013,5,50;1,34001,5,2;1,34002,5,2;1,34003,5,2;1,34004,5,2;1,34005,5,2;1,34006,5,2;1,34007,5,2;1,34008,5,2;1,34009,5,2;"
1	3	1	10	"1,60203,2,20;1,16007,1,3;1,16008,1,3;1,16009,1,3;1,16010,1,3;1,16011,1,4;1,16012,1,4;1,34001,5,2;1,34002,5,2;1,34003,5,2;1,34004,5,2;1,34005,5,2;1,34006,5,2;1,34007,5,2;1,34008,5,2;1,34009,5,2;"
1	3	1	10	"1,16013,1,5;1,16014,1,4;1,16015,1,5;1,16016,1,4;1,16017,1,4;1,16018,1,5;1,16019,1,4;1,16020,1,4;1,16021,1,5;1,45253,3,20;1,45253,3,20;1,45013,3,40;1,34001,5,2;1,34002,5,2;1,34003,5,2;1,34004,5,2;1,34005,5,2;1,34006,5,2;1,34007,5,2;1,34008,5,2;1,34009,5,2;"
1	4	1	12	"1,94,200000,20;1,94,500000,10;1,45253,5,5;1,45013,5,40;1,45013,3,20;1,45253,3,10;1,16013,1,2;1,16014,1,1;1,16015,1,1;1,16016,1,1;1,16017,1,1;1,16018,1,1;1,16019,1,1;1,16020,1,1;1,16021,1,1;1,34001,10,2;1,34002,10,2;1,34003,10,2;1,34004,10,2;1,34005,10,2;1,34006,10,2;1,34007,10,2;1,34008,10,2;1,34009,10,2;"
1	4	1	12	"0,1217,1,30;0,1302,1,30;1,16022,1,3;1,16023,1,3;1,16024,1,3;1,16025,1,3;1,16026,1,3;1,16027,1,3;1,16028,1,3;1,16029,1,3;1,16030,1,3;1,16031,1,3;1,16032,1,3;1,16033,1,3;1,16034,1,2;1,16035,1,2;1,34001,10,2;1,34002,10,2;1,34003,10,2;1,34004,10,2;1,34005,10,2;1,34006,10,2;1,34007,10,2;1,34008,10,2;1,34009,10,2;"
2	1	1	3	"1,6000,20,30;1,45013,3,3;1,45013,1,30;1,45013,1,30;1,34001,1,2;1,34002,1,2;1,34003,1,2;1,34004,1,2;1,34005,1,2;1,34006,1,2;1,34007,1,2;1,34008,1,2;1,34009,1,2;"
2	1	1	3	"1,94,50000,20;1,90,30000,20;1,90,100000,10;1,16001,1,8;1,16002,1,8;1,16003,1,8;1,16004,1,8;1,16005,1,10;1,16006,1,10;1,34001,1,2;1,34002,1,2;1,34003,1,2;1,34004,1,2;1,34005,1,2;1,34006,1,2;1,34007,1,2;1,34008,1,2;1,34009,1,2;"
2	1	1	3	"1,45253,2,20;1,45253,2,30;1,45253,3,30;1,45013,3,20;1,34001,1,2;1,34002,1,2;1,34003,1,2;1,34004,1,2;1,34005,1,2;1,34006,1,2;1,34007,1,2;1,34008,1,2;1,34009,1,2;"
2	2	1	6	"1,50001,100,20;1,45253,2,3;1,45253,2,3;1,45013,2,2;1,45253,2,2;1,45013,2,2;1,45013,2,3;1,45013,2,3;1,45253,2,3;1,45253,2,3;1,45253,2,20;1,45253,3,30;1,45013,3,20;1,35001,2,2;1,35002,2,2;1,35003,2,2;1,35004,2,2;1,35005,2,2;1,35006,2,2;1,35007,2,2;1,35008,2,2;1,35009,2,2;"
2	2	1	6	"1,94,50000,40;1,94,100000,10;1,90,200000,50;1,35001,2,2;1,35002,2,2;1,35003,2,2;1,35004,2,2;1,35005,2,2;1,35006,2,2;1,35007,2,2;1,35008,2,2;1,35009,2,2;"
2	2	1	6	"1,45253,3,20;1,45253,5,10;1,45253,4,20;1,16007,1,8;1,16008,1,8;1,16009,1,8;1,16010,1,8;1,16011,1,10;1,16012,1,10;1,35001,2,2;1,35002,2,2;1,35003,2,2;1,35004,2,2;1,35005,2,2;1,35006,2,2;1,35007,2,2;1,35008,2,2;1,35009,2,2;"
2	3	1	10	"1,45013,4,60;1,45013,4,40;1,35001,5,2;1,35002,5,2;1,35003,5,2;1,35004,5,2;1,35005,5,2;1,35006,5,2;1,35007,5,2;1,35008,5,2;1,35009,5,2;"
2	3	1	10	"1,45013,4,50;1,45277,5,50;1,35001,5,2;1,35002,5,2;1,35003,5,2;1,35004,5,2;1,35005,5,2;1,35006,5,2;1,35007,5,2;1,35008,5,2;1,35009,5,2;"
2	3	1	10	"1,60203,2,30;1,94,200000,30;1,90,200000,40;1,16007,1,5;1,16008,1,5;1,16009,1,5;1,16010,1,5;1,16011,1,5;1,16012,1,5;1,35001,5,2;1,35002,5,2;1,35003,5,2;1,35004,5,2;1,35005,5,2;1,35006,5,2;1,35007,5,2;1,35008,5,2;1,35009,5,2;"
2	3	1	10	"1,16013,1,5;1,16014,1,4;1,16015,1,5;1,16016,1,4;1,16017,1,4;1,16018,1,5;1,16019,1,4;1,16020,1,4;1,16021,1,5;1,45253,5,20;1,45013,6,20;1,45013,5,20;1,35001,5,2;1,35002,5,2;1,35003,5,2;1,35004,5,2;1,35005,5,2;1,35006,5,2;1,35007,5,2;1,35008,5,2;1,35009,5,2;"
2	4	1	12	"1,94,200000,20;1,94,500000,10;1,16013,1,2;1,16014,1,1;1,16015,1,1;1,16016,1,1;1,16017,1,1;1,16018,1,1;1,16019,1,1;1,16020,1,1;1,16021,1,1;1,35001,10,2;1,35002,10,2;1,35003,10,2;1,35004,10,2;1,35005,10,2;1,35006,10,2;1,35007,10,2;1,35008,10,2;1,35009,10,2;"
2	4	1	12	"0,1314,1,30;0,1265,1,30;1,16022,1,3;1,16023,1,3;1,16024,1,3;1,16025,1,3;1,16026,1,3;1,16027,1,3;1,16028,1,3;1,16029,1,3;1,16030,1,3;1,16031,1,3;1,16032,1,3;1,16033,1,3;1,16034,1,2;1,16035,1,2;1,35001,10,2;1,35002,10,2;1,35003,10,2;1,35004,10,2;1,35005,10,2;1,35006,10,2;1,35007,10,2;1,35008,10,2;1,35009,10,2;"
3	1	1	3	"1,6000,20,30;1,45013,1,4;1,45253,1,4;1,45013,1,30;1,45013,1,20;1,34001,1,2;1,34002,1,2;1,34003,1,2;1,34004,1,2;1,34005,1,2;1,34006,1,2;1,34007,1,2;1,34008,1,2;1,34009,1,2;"
3	1	1	3	"1,94,50000,20;1,90,30000,20;1,90,100000,10;1,16001,1,8;1,16002,1,8;1,16003,1,8;1,16004,1,8;1,16005,1,10;1,16006,1,10;1,34001,1,2;1,34002,1,2;1,34003,1,2;1,34004,1,2;1,34005,1,2;1,34006,1,2;1,34007,1,2;1,34008,1,2;1,34009,1,2;"
3	1	1	3	"1,45013,2,20;1,45013,2,20;1,45013,3,30;1,45013,3,30;1,34001,1,2;1,34002,1,2;1,34003,1,2;1,34004,1,2;1,34005,1,2;1,34006,1,2;1,34007,1,2;1,34008,1,2;1,34009,1,2;"
3	2	1	6	"1,50001,100,20;1,45013,2,3;1,45253,2,3;1,45253,2,3;1,45013,2,3;1,45253,2,3;1,45013,3,30;1,45013,3,20;1,35001,2,2;1,35002,2,2;1,35003,2,2;1,35004,2,2;1,35005,2,2;1,35006,2,2;1,35007,2,2;1,35008,2,2;1,35009,2,2;"
3	2	1	6	"1,94,50000,30;1,94,100000,20;1,90,200000,30;1,45013,2,20;1,35001,2,2;1,35002,2,2;1,35003,2,2;1,35004,2,2;1,35005,2,2;1,35006,2,2;1,35007,2,2;1,35008,2,2;1,35009,2,2;"
3	2	1	6	"1,45326,3,20;1,45265,5,10;1,45338,4,20;1,16007,1,8;1,16008,1,8;1,16009,1,8;1,16010,1,8;1,16011,1,10;1,16012,1,10;1,35001,2,2;1,35002,2,2;1,35003,2,2;1,35004,2,2;1,35005,2,2;1,35006,2,2;1,35007,2,2;1,35008,2,2;1,35009,2,2;"
3	3	1	10	"1,45338,4,60;1,45326,4,40;1,35001,5,2;1,35002,5,2;1,35003,5,2;1,35004,5,2;1,35005,5,2;1,35006,5,2;1,35007,5,2;1,35008,5,2;1,35009,5,2;"
3	3	1	10	"1,45314,4,50;1,45265,5,50;1,35001,5,2;1,35002,5,2;1,35003,5,2;1,35004,5,2;1,35005,5,2;1,35006,5,2;1,35007,5,2;1,35008,5,2;1,35009,5,2;"
3	3	1	10	"1,60203,2,30;1,94,200000,30;1,90,200000,40;1,16007,1,5;1,16008,1,5;1,16009,1,5;1,16010,1,5;1,16011,1,5;1,16012,1,5;1,35001,5,2;1,35002,5,2;1,35003,5,2;1,35004,5,2;1,35005,5,2;1,35006,5,2;1,35007,5,2;1,35008,5,2;1,35009,5,2;"
3	3	1	10	"1,16013,1,5;1,16014,1,4;1,16015,1,5;1,16016,1,4;1,16017,1,4;1,16018,1,5;1,16019,1,4;1,16020,1,4;1,16021,1,5;1,45326,5,20;1,45265,6,20;1,45338,5,20;1,35001,5,2;1,35002,5,2;1,35003,5,2;1,35004,5,2;1,35005,5,2;1,35006,5,2;1,35007,5,2;1,35008,5,2;1,35009,5,2;"
3	4	1	12	"1,94,200000,20;1,94,500000,10;1,45326,5,10;1,45265,6,20;1,45338,5,10;1,45314,5,20;1,16013,1,2;1,16014,1,1;1,16015,1,1;1,16016,1,1;1,16017,1,1;1,16018,1,1;1,16019,1,1;1,16020,1,1;1,16021,1,1;1,35001,10,2;1,35002,10,2;1,35003,10,2;1,35004,10,2;1,35005,10,2;1,35006,10,2;1,35007,10,2;1,35008,10,2;1,35009,10,2;"
3	4	1	12	"0,1326,1,30;0,1338,1,30;1,16022,1,3;1,16023,1,3;1,16024,1,3;1,16025,1,3;1,16026,1,3;1,16027,1,3;1,16028,1,3;1,16029,1,3;1,16030,1,3;1,16031,1,3;1,16032,1,3;1,16033,1,3;1,16034,1,2;1,16035,1,2;1,35001,10,2;1,35002,10,2;1,35003,10,2;1,35004,10,2;1,35005,10,2;1,35006,10,2;1,35007,10,2;1,35008,10,2;1,35009,10,2;"
4	1	1	3	"1,90,100000,10;1,94,25000,10;1,6000,20,10;1,94,25000,10;1,94,25000,10;1,45013,2,10;1,45013,2,10;1,45013,2,10;1,45253,2,5;1,45013,2,10;1,35001,1,2;1,35002,1,2;1,35003,1,2;1,35004,1,2;1,35005,1,2;1,35006,1,2;1,35007,1,2;1,35008,1,2;1,35009,1,2;"
4	1	1	3	"1,90,100000,10;1,94,25000,10;1,6000,20,10;1,45013,2,10;1,45253,2,10;1,45013,2,10;1,45253,2,10;1,45253,2,10;1,45013,2,10;1,45013,2,10;1,35001,1,2;1,35002,1,2;1,35003,1,2;1,35004,1,2;1,35005,1,2;1,35006,1,2;1,35007,1,2;1,35008,1,2;1,35009,1,2;"
4	1	1	3	"1,34001,2,15;1,34002,2,15;1,34003,2,15;1,34004,2,15;1,34005,2,15;1,34006,2,15;1,34007,2,15;1,34008,2,15;1,34009,2,15;1,35003,1,2;1,35004,1,2;1,35005,1,2;1,35006,1,2;1,35007,1,2;1,35008,1,2;1,35009,1,2;"
4	2	1	6	"1,90,300000,10;1,94,75000,20;1,6000,60,6;1,45253,4,8;1,45253,4,8;1,45013,4,8;1,45013,4,10;1,45253,4,10;1,45013,4,10;1,45013,4,10;1,35001,2,2;1,35002,2,2;1,35003,2,2;1,35004,2,2;1,35005,2,2;1,35006,2,2;1,35007,2,2;1,35008,2,2;1,35009,2,2;"
4	2	1	6	"1,90,300000,10;1,94,75000,20;1,6000,60,6;1,45013,4,8;1,45253,4,8;1,45013,4,8;1,45253,4,10;1,45253,4,10;1,45013,4,10;1,45013,4,10;1,35001,2,2;1,35002,2,2;1,35003,2,2;1,35004,2,2;1,35005,2,2;1,35006,2,2;1,35007,2,2;1,35008,2,2;1,35009,2,2;"
4	2	1	6	"1,45013,5,25;1,45013,5,25;1,45013,5,25;1,45013,5,25;1,35001,2,2;1,35002,2,2;1,35003,2,2;1,35004,2,2;1,35005,2,2;1,35006,2,2;1,35007,2,2;1,35008,2,2;1,35009,2,2;"
4	3	1	10	"1,90,700000,10;1,94,175000,20;1,45013,5,5;1,45013,5,5;1,45013,5,10;1,45013,6,10;1,45253,3,10;1,45253,3,10;1,45253,3,10;1,45253,3,10;1,35001,5,2;1,35002,5,2;1,35003,5,2;1,35004,5,2;1,35005,5,2;1,35006,5,2;1,35007,5,2;1,35008,5,2;1,35009,5,2;"
4	3	1	10	"1,90,700000,10;1,94,175000,20;1,45253,5,5;1,45253,5,5;1,45013,5,10;1,45013,5,10;1,45013,3,10;1,45013,3,10;1,45013,3,10;1,45013,3,10;1,35001,5,2;1,35002,5,2;1,35003,5,2;1,35004,5,2;1,35005,5,2;1,35006,5,2;1,35007,5,2;1,35008,5,2;1,35009,5,2;"
4	3	1	10	"1,45013,5,24;1,45013,5,24;1,45013,5,24;1,45013,3,24;1,45013,10,2;1,45013,10,2;1,35001,5,2;1,35002,5,2;1,35003,5,2;1,35004,5,2;1,35005,5,2;1,35006,5,2;1,35007,5,2;1,35008,5,2;1,35009,5,2;"
4	3	1	10	"1,45253,3,10;1,45253,3,10;1,45253,5,10;1,45253,5,10;1,45253,30,1;1,45253,5,10;1,45013,10,10;1,45013,10,10;1,35001,5,2;1,35002,5,2;1,35003,5,2;1,35004,5,2;1,35005,5,2;1,35006,5,2;1,35007,5,2;1,35008,5,2;1,35009,5,2;"
4	4	1	12	"1,45013,5,20;1,45013,5,20;1,45013,5,15;1,45253,3,15;1,45253,30,1;1,45253,30,1;1,45013,10,5;1,45013,10,5;1,45013,3,10;1,45013,3,10;1,35001,10,2;1,35002,10,2;1,35003,10,2;1,35004,10,2;1,35005,10,2;1,35006,10,2;1,35007,10,2;1,35008,10,2;1,35009,10,2;"
4	4	1	12	"1,45253,1,45;1,45013,1,45;1,45013,1,45;1,45013,3,45;1,45013,5,20;1,45253,30,1;1,35001,10,2;1,35002,10,2;1,35003,10,2;1,35004,10,2;1,35005,10,2;1,35006,10,2;1,35007,10,2;1,35008,10,2;1,35009,10,2;"
5	1	1	3	"1,94,175000,1000;1,94,225000,1600;1,90,150000,1000;1,90,200000,1600;1,60204,50,1000;1,60204,100,1600;1,6000,5,1000;1,6000,10,1600"
5	1	1	3	"1,94,175000,1000;1,94,225000,1600;1,90,150000,1000;1,90,200000,1600;1,60204,50,1000;1,60204,100,1600;1,6000,5,1000;1,6000,10,1600"
5	1	1	3	"1,45001,5,800;1,45025,5,800;1,45037,5,800;1,45061,5,800;1,45073,5,800;1,45085,5,800;1,45097,5,800;1,45121,5,800;1,45001,3,1400;1,45025,3,1400;1,45037,3,1400;1,45061,3,1400;1,45073,3,1400;1,45085,3,1400;1,45097,3,1400;1,45121,3,1400"
5	2	1	6	"1,35001,4,300;1,35001,2,600;1,35002,4,300;1,35002,2,600;1,35003,4,300;1,35003,2,600;1,35007,4,300;1,35007,2,600;1,35008,4,300;1,35008,2,600;1,35009,4,300;1,35009,2,600;1,35003,4,300;1,35003,2,600;1,35005,4,300;1,35005,2,600;1,35006,4,300;1,35006,2,600"
5	2	1	6	"1,45350,10,800;1,45314,10,800;1,45338,10,800;1,45326,10,800;1,45302,10,800;1,45350,5,1400;1,45314,5,1400;1,45338,5,1400;1,45326,5,1400;1,45302,5,1400"
5	2	1	6	"1,45157,10,800;1,45169,10,800;1,45181,10,800;1,45193,10,800;1,45217,10,800;1,45229,10,800;1,45241,10,800;1,45265,10,800;1,45157,8,1400;1,45169,8,1400;1,45181,8,1400;1,45193,8,1400;1,45217,8,1400;1,45229,8,1400;1,45241,8,1400;1,45265,8,1400"
5	3	1	10	"1,35001,4,300;1,35001,2,600;1,35002,4,300;1,35002,2,600;1,35003,4,300;1,35003,2,600;1,35007,4,300;1,35007,2,600;1,35008,4,300;1,35008,2,600;1,35009,4,300;1,35009,2,600;1,35003,4,300;1,35003,2,600;1,35005,4,300;1,35005,2,600;1,35006,4,300;1,35006,2,600"
5	3	1	10	"1,45350,10,800;1,45314,10,800;1,45338,10,800;1,45326,10,800;1,45302,10,800;1,45350,5,1400;1,45314,5,1400;1,45338,5,1400;1,45326,5,1400;1,45302,5,1400"
5	3	1	10	"1,45145,10,800;1,45253,10,800;1,45277,10,800;1,45013,10,800;1,45205,10,800;1,45049,10,800;1,45109,10,800;1,45133,10,800;1,45145,8,1400;1,45253,8,1400;1,45277,8,1400;1,45013,8,1400;1,45205,8,1400;1,45049,8,1400;1,45109,8,1400;1,45133,8,1400"
5	3	1	10	"1,35001,4,300;1,35001,2,600;1,35002,4,300;1,35002,2,600;1,35003,4,300;1,35003,2,600;1,35007,4,300;1,35007,2,600;1,35008,4,300;1,35008,2,600;1,35009,4,300;1,35009,2,600;1,35003,4,300;1,35003,2,600;1,35005,4,300;1,35005,2,600;1,35006,4,300;1,35006,2,600"
5	4	1	12	"1,45350,10,800;1,45314,10,800"
5	4	1	12	"1,35010,3,60;1,35010,2,250;1,35010,1,500;1,35011,3,60;1,35011,2,250;1,35011,1,500;1,35012,3,60;1,35012,2,250;1,35012,1,500;1,35013,3,60;1,35013,2,250;1,35013,1,500;1,35014,3,60;1,35014,2,250;1,35014,1,500;1,35015,3,60;1,35015,2,250;1,35015,1,500"
6	1	1	3	"1,94,175000,1000;1,94,225000,1600;1,90,150000,1000;1,90,200000,1600;1,60204,50,1000;1,60204,100,1600;1,6000,5,1000;1,6000,10,1600"
6	1	1	3	"1,94,175000,1000;1,94,225000,1600;1,90,150000,1000;1,90,200000,1600;1,60204,50,1000;1,60204,100,1600;1,6000,5,1000;1,6000,10,1600"
6	1	1	3	"1,45001,5,800;1,45025,5,800;1,45037,5,800;1,45061,5,800;1,45073,5,800;1,45085,5,800;1,45097,5,800;1,45121,5,800;1,45001,3,1400;1,45025,3,1400;1,45037,3,1400;1,45061,3,1400;1,45073,3,1400;1,45085,3,1400;1,45097,3,1400;1,45121,3,1400"
6	2	1	6	"1,35001,4,300;1,35001,2,600;1,35002,4,300;1,35002,2,600;1,35003,4,300;1,35003,2,600;1,35007,4,300;1,35007,2,600;1,35008,4,300;1,35008,2,600;1,35009,4,300;1,35009,2,600;1,35003,4,300;1,35003,2,600;1,35005,4,300;1,35005,2,600;1,35006,4,300;1,35006,2,600"
6	2	1	6	"1,45350,10,800;1,45314,10,800;1,45338,10,800;1,45326,10,800;1,45302,10,800;1,45350,5,1400;1,45314,5,1400;1,45338,5,1400;1,45326,5,1400;1,45302,5,1400"
6	2	1	6	"1,45157,10,800;1,45169,10,800;1,45181,10,800;1,45193,10,800;1,45217,10,800;1,45229,10,800;1,45241,10,800;1,45265,10,800;1,45157,8,1400;1,45169,8,1400;1,45181,8,1400;1,45193,8,1400;1,45217,8,1400;1,45229,8,1400;1,45241,8,1400;1,45265,8,1400"
6	3	1	10	"1,35001,4,300;1,35001,2,600;1,35002,4,300;1,35002,2,600;1,35003,4,300;1,35003,2,600;1,35007,4,300;1,35007,2,600;1,35008,4,300;1,35008,2,600;1,35009,4,300;1,35009,2,600;1,35003,4,300;1,35003,2,600;1,35005,4,300;1,35005,2,600;1,35006,4,300;1,35006,2,600"
6	3	1	10	"1,45350,10,800;1,45314,10,800;1,45338,10,800;1,45326,10,800;1,45302,10,800;1,45350,5,1400;1,45314,5,1400;1,45338,5,1400;1,45326,5,1400;1,45302,5,1400"
6	3	1	10	"1,45145,10,800;1,45253,10,800;1,45277,10,800;1,45013,10,800;1,45205,10,800;1,45049,10,800;1,45109,10,800;1,45133,10,800;1,45145,8,1400;1,45253,8,1400;1,45277,8,1400;1,45013,8,1400;1,45205,8,1400;1,45049,8,1400;1,45109,8,1400;1,45133,8,1400"
6	3	1	10	"1,35001,4,300;1,35001,2,600;1,35002,4,300;1,35002,2,600;1,35003,4,300;1,35003,2,600;1,35007,4,300;1,35007,2,600;1,35008,4,300;1,35008,2,600;1,35009,4,300;1,35009,2,600;1,35003,4,300;1,35003,2,600;1,35005,4,300;1,35005,2,600;1,35006,4,300;1,35006,2,600"
6	4	1	12	"1,45350,10,800;1,45398,8,350;1,45410,5,350;1,45314,10,800"
6	4	1	12	"1,35010,3,120;1,35010,2,250;1,35010,1,500;1,35011,3,120;1,35011,2,250;1,35011,1,500;1,35012,3,120;1,35012,2,250;1,35012,1,500;1,35013,3,120;1,35013,2,250;1,35013,1,500;1,35014,3,120;1,35014,2,250;1,35014,1,500;1,35015,3,120;1,35015,2,250;1,35015,1,500;1,35016,2,100;1,35017,2,100;1,35018,2,100"
