功能id	VIP0值	VIP1值	VIP2值	VIP3值	VIP4值	VIP5值	VIP6值	VIP7值	VIP8值	VIP9值	VIP10值		
INT	FLOAT	FLOAT	FLOAT	FLOAT	FLOAT	FLOAT	FLOAT	FLOAT	FLOAT	FLOAT	FLOAT		
function	vip0	vip1	vip2	vip3	vip4	vip5	vip6	vip7	vip8	vip9	vip10		
1	1	30	50	100	200	500	1000	2000	4000	8888	-1	vip购买钻石数	
2	1	3	5	7	9	11	13	15	17	19	21	购买体力次数	
3	50	50	50	50	50	50	50	50	50	50	50	无用	
4	0	0	0	0	0	0	0	0	0	0	0	技能点上限(目前没有技能点)	
5	0	50	50	50	50	50	50	50	50	50	50	体力上限增加	
6	0	0	0	0	0	0	1	1	1	1	1	开启幸运抽卡	
7	0	1	2	3	4	5	6	7	8	9	10	竞技场购买次数	
8	30	30	30	30	30	30	30	30	30	30	30	无用	
9	50	50	50	50	50	50	50	50	50	50	50	竞技场cd消耗钻石	
10	1	2	2	2	3	3	3	4	4	5	5	商店上限	
11	1	2	2	5	5	10	10	15	15	20	20	关卡重置次数	
12	50	50	50	50	50	50	50	50	50	50	50	无用	
13	0	2	2	5	5	10	10	15	15	20	20	传送带关卡重置	
20	1	1	1	1	2	2	2	2	2	2	2	金盏花购买次数	
22	50	50	50	50	50	50	50	0	0	0	0	金盏花清除CD钻石	
23	0	0	0	0	0	0	0	0	0	0	0	金盏花额外次数	
24	50	50	50	50	50	50	50	50	50	50	50	无用	
25	100	100	100	100	100	100	100	100	100	100	100	无用	
26	200	200	200	200	200	200	200	200	200	200	200	无用	
30	1	1	1	1	2	2	2	2	2	2	2	阳光菇购买次数	
32	50	50	50	50	50	50	50	0	0	0	0	阳光菇清除CD钻石	
33	0	0	0	0	0	0	0	0	0	0	0	阳光菇额外次数	
34	50	50	50	50	50	50	50	50	50	50	50	无用	
35	100	100	100	100	100	100	100	100	100	100	100	无用	
36	200	200	200	200	200	200	200	200	200	200	200	无用	
40	0	0	0	0	1	1	2	2	2	2	2	元素购买次数	
42	50	50	50	50	50	50	50	0	0	0	0	元素清除CD钻石	
43	0	0	0	0	0	0	0	0	0	0	0	元素额外次数	
44	50	50	50	50	50	50	50	50	50	50	50	无用	
45	100	100	100	100	100	100	100	100	100	100	100	无用	
46	200	200	200	200	200	200	200	200	200	200	200	无用	
50	1	1	1	1	2	2	2	2	2	2	2	花园战争购买次数	
52	50	50	50	50	50	50	50	0	0	0	0	花园战争清除CD钻石	
53	0	0	0	0	0	0	0	0	0	0	0	花园战争额外次数	
54	50	50	50	50	50	50	50	50	50	50	50	无用	
55	100	100	100	100	100	100	100	100	100	100	100	无用	
56	200	200	200	200	200	200	200	200	200	200	200	无用	
60	1	1	1	1	1	1	1	2	2	2	2	无尽购买次数	
62	50	50	50	50	50	50	50	0	0	0	0	无尽清除CD钻石	
63	0	0	0	0	0	0	0	0	0	0	0	无尽额外次数	
64	100	100	100	100	100	100	100	100	100	100	100	无用	
65	200	200	200	200	200	200	200	200	200	200	200	无用	
66	300	300	300	300	300	300	300	300	300	300	300	无用	
67	0	1	1	1	1	1	1	1	1	1	1	扫荡	
68	0	0	0	0	0	0	0	1	1	1	1	戴夫杯	
69	4	9	9	15	15	22	22	22	30	30	30	点金手	
71	1	1	1	1	1	1	1	1	1	1	1	戴夫杯万能能量豆使用次数	去除
72	1	1	1	1	1	1	1	1	1	1	1	无尽万能能量豆使用次数	去除
73	20	20	20	20	20	20	20	20	20	20	20	使用万能能量豆花费钻石数	去除
74	20	20	20	20	20	20	20	20	20	20	20	使用小推车花费钻石数	去除
75	0	0	0	0	0	0	0	0	0	0	0		
76	0	0	2	5	5	10	10	20	20	20	30	vip可以额外领取好友体力次数	
77	-1	-1	-1	-1	-1	-1	-1	-1	-1	-1	-1	10连抽下次必得2张橙卡	去除
78	10	10	10	10	10	10	10	10	10	10	8	10连抽折扣	
79	-1	-1	-1	-1	-1	-1	-1	1	1	1	1	活动副本无CD	
80	0	0	0	0	0	0	0	0	0	0	0	使用钻石补足绿色装备次数	去除
81	-1	-1	-1	-1	-1	-1	-1	-1	-1	-1	-1	活动副本是否可以扫荡	
82	0	0	0	0	0	0	0	0	0	0	0	活动副本是否显示扫荡	
83	0	0	0	0	0	0	0	0	0	0	0	使用钻石补足蓝色装备次数	去除
84	0	0	0	0	0	0	0	0	0	0	0	使用钻石补足紫色装备次数	去除
85	1	1	1	1	2	2	2	2	2	2	2	极限挑战购买次数	
86	50	50	50	50	50	50	50	0	0	0	0	极限挑战清除CD钻石	
87	-1	-1	-1	2	3	4	5	6	7	8	9	vip商店刷新次数	
88	10	10	10	10	10	10	10	10	10	10	10	转盘刷新次数上限	
89	2	2	2	3	3	3	4	4	4	4	4	远征可刷新次数	
