任务ID	任务所以阶段	任务名	任务描述	所属植物	任务类型	任务等级	任务等级名称	参数1	参数2	阳光	参数3	基础概率显示	基础概率实际	催化剂概率显示	催化剂概率实际
INT	INT	STRING	STRING	INT	INT	INT	STRING	INT	INT	INT	STRING	INT	INT	INT	INT
id	index	taskname	taskinfo	parentid	type	level	levelname	param	paramex	sunshine	guanka	baseshow	basereality	catalyticshow	catalyticreality
10001	1	植物的历练	携带*通关*	1	1	1	1阶觉醒试验	5	1	0	0	0	0	0	0
10002	2	一号浓缩激素	收集1阶觉醒所需的*个<1号浓缩激素>	1	2	1	1阶觉醒试验	60001	2	0	10	0	0	0	0
10003	3	觉醒成功率	消耗：	1	3	1	1阶觉醒试验	60201	2	500	0	100	100	10	-2
10004	1	植物的愤怒	携带*通关*	1	1	2	2阶觉醒试验	75	1	0	0	0	0	0	0
10007	2	二号浓缩激素	收集2阶觉醒所需的*个<2号浓缩激素>	1	2	2	2阶觉醒试验	60101	4	0	80	0	0	0	0
10008	3	觉醒成功率	消耗：	1	3	2	2阶觉醒试验	60201	6	100000	0	20	7	10	-1
10009	1	植物的历练	携带*通关*	13	1	1	1阶觉醒试验	65	1	0	0	0	0	0	0
10010	2	一号浓缩激素	收集1阶觉醒所需的*个<1号浓缩激素>	13	2	1	1阶觉醒试验	60002	2	0	70	0	0	0	0
10011	3	觉醒成功率	消耗：	13	3	1	1阶觉醒试验	60201	2	500	0	100	100	10	-2
10012	1	植物的愤怒	携带*通关*	13	1	2	2阶觉醒试验	165	1	0	0	0	0	0	0
10015	2	二号浓缩激素	收集2阶觉醒所需的*个<2号浓缩激素>	13	2	2	2阶觉醒试验	60102	4	0	170	0	0	0	0
10016	3	觉醒成功率	消耗：	13	3	2	2阶觉醒试验	60201	6	100000	0	20	7	10	-1
10017	1	植物的历练	携带*通关*	25	1	1	1阶觉醒试验	20	1	0	0	0	0	0	0
10018	2	一号浓缩激素	收集1阶觉醒所需的*个<1号浓缩激素>	25	2	1	1阶觉醒试验	60003	2	0	25	0	0	0	0
10019	3	觉醒成功率	消耗：	25	3	1	1阶觉醒试验	60201	2	500	0	100	100	10	-2
10020	1	植物的愤怒	携带*通关*	25	1	2	2阶觉醒试验	85	1	0	0	0	0	0	0
10023	2	二号浓缩激素	收集2阶觉醒所需的*个<2号浓缩激素>	25	2	2	2阶觉醒试验	60103	4	0	95	0	0	0	0
10024	3	觉醒成功率	消耗：	25	3	2	2阶觉醒试验	60201	6	100000	0	20	7	10	-1
10025	1	植物的历练	携带*通关*	37	1	1	1阶觉醒试验	5	1	0	0	0	0	0	0
10026	2	一号浓缩激素	收集1阶觉醒所需的*个<1号浓缩激素>	37	2	1	1阶觉醒试验	60004	2	0	5	0	0	0	0
10027	3	觉醒成功率	消耗：	37	3	1	1阶觉醒试验	60201	2	500	0	100	100	10	-2
10028	1	植物的愤怒	携带*通关*	37	1	2	2阶觉醒试验	70	1	0	0	0	0	0	0
10031	2	二号浓缩激素	收集2阶觉醒所需的*个<2号浓缩激素>	37	2	2	2阶觉醒试验	60104	4	0	75	0	0	0	0
10032	3	觉醒成功率	消耗：	37	3	2	2阶觉醒试验	60201	6	100000	0	20	7	10	-1
10033	1	植物的历练	携带*通关*	49	1	1	1阶觉醒试验	40	1	0	0	0	0	0	0
10034	2	一号浓缩激素	收集1阶觉醒所需的*个<1号浓缩激素>	49	2	1	1阶觉醒试验	60005	2	0	45	0	0	0	0
10035	3	觉醒成功率	消耗：	49	3	1	1阶觉醒试验	60201	2	500	0	100	100	10	-2
10036	1	植物的愤怒	携带*通关*	49	1	2	2阶觉醒试验	110	1	0	0	0	0	0	0
10039	2	二号浓缩激素	收集2阶觉醒所需的*个<2号浓缩激素>	49	2	2	2阶觉醒试验	60105	4	0	115	0	0	0	0
10040	3	觉醒成功率	消耗：	49	3	2	2阶觉醒试验	60201	6	100000	0	20	7	10	-1
10041	1	植物的历练	携带*通关*	61	1	1	1阶觉醒试验	30	1	0	0	0	0	0	0
10042	2	一号浓缩激素	收集1阶觉醒所需的*个<1号浓缩激素>	61	2	1	1阶觉醒试验	60006	2	0	40	0	0	0	0
10043	3	觉醒成功率	消耗：	61	3	1	1阶觉醒试验	60201	2	500	0	100	100	10	-2
10044	1	植物的愤怒	携带*通关*	61	1	2	2阶觉醒试验	105	1	0	0	0	0	0	0
10047	2	二号浓缩激素	收集2阶觉醒所需的*个<2号浓缩激素>	61	2	2	2阶觉醒试验	60106	4	0	110	0	0	0	0
10048	3	觉醒成功率	消耗：	61	3	2	2阶觉醒试验	60201	6	100000	0	20	7	10	-1
10049	1	植物的历练	携带*通关*	73	1	1	1阶觉醒试验	10	1	0	0	0	0	0	0
10050	2	一号浓缩激素	收集1阶觉醒所需的*个<1号浓缩激素>	73	2	1	1阶觉醒试验	60007	2	0	20	0	0	0	0
10051	3	觉醒成功率	消耗：	73	3	1	1阶觉醒试验	60201	2	500	0	100	100	10	-2
10052	1	植物的愤怒	携带*通关*	73	1	2	2阶觉醒试验	80	1	0	0	0	0	0	0
10055	2	二号浓缩激素	收集2阶觉醒所需的*个<2号浓缩激素>	73	2	2	2阶觉醒试验	60107	4	0	85	0	0	0	0
10056	3	觉醒成功率	消耗：	73	3	2	2阶觉醒试验	60201	6	100000	0	20	7	10	-1
10057	1	植物的历练	携带*通关*	85	1	1	1阶觉醒试验	25	1	0	0	0	0	0	0
10058	2	一号浓缩激素	收集1阶觉醒所需的*个<1号浓缩激素>	85	2	1	1阶觉醒试验	60008	2	0	30	0	0	0	0
10059	3	觉醒成功率	消耗：	85	3	1	1阶觉醒试验	60201	2	500	0	100	100	10	-2
10060	1	植物的愤怒	携带*通关*	85	1	2	2阶觉醒试验	95	1	0	0	0	0	0	0
10063	2	二号浓缩激素	收集2阶觉醒所需的*个<2号浓缩激素>	85	2	2	2阶觉醒试验	60108	4	0	100	0	0	0	0
10064	3	觉醒成功率	消耗：	85	3	2	2阶觉醒试验	60201	6	100000	0	20	7	10	-1
10065	1	植物的历练	携带*通关*	97	1	1	1阶觉醒试验	25	1	0	0	0	0	0	0
10066	2	一号浓缩激素	收集1阶觉醒所需的*个<1号浓缩激素>	97	2	1	1阶觉醒试验	60009	2	0	30	0	0	0	0
10067	3	觉醒成功率	消耗：	97	3	1	1阶觉醒试验	60201	2	500	0	100	100	10	-2
10068	1	植物的愤怒	携带*通关*	97	1	2	2阶觉醒试验	95	1	0	0	0	0	0	0
10071	2	二号浓缩激素	收集2阶觉醒所需的*个<2号浓缩激素>	97	2	2	2阶觉醒试验	60109	4	0	100	0	0	0	0
10072	3	觉醒成功率	消耗：	97	3	2	2阶觉醒试验	60201	6	100000	0	20	7	10	-1
10073	1	植物的历练	携带*通关*	109	1	1	1阶觉醒试验	50	1	0	0	0	0	0	0
10074	2	一号浓缩激素	收集1阶觉醒所需的*个<1号浓缩激素>	109	2	1	1阶觉醒试验	60010	2	0	55	0	0	0	0
10075	3	觉醒成功率	消耗：	109	3	1	1阶觉醒试验	60201	2	500	0	100	100	10	-2
10076	1	植物的愤怒	携带*通关*	109	1	2	2阶觉醒试验	135	1	0	0	0	0	0	0
10079	2	二号浓缩激素	收集2阶觉醒所需的*个<2号浓缩激素>	109	2	2	2阶觉醒试验	60110	4	0	140	0	0	0	0
10080	3	觉醒成功率	消耗：	109	3	2	2阶觉醒试验	60201	6	100000	0	20	7	10	-1
10081	1	植物的历练	携带*通关*	121	1	1	1阶觉醒试验	5	1	0	0	0	0	0	0
10082	2	一号浓缩激素	收集1阶觉醒所需的*个<1号浓缩激素>	121	2	1	1阶觉醒试验	60011	2	0	10	0	0	0	0
10083	3	觉醒成功率	消耗：	121	3	1	1阶觉醒试验	60201	2	500	0	100	100	10	-2
10084	1	植物的愤怒	携带*通关*	121	1	2	2阶觉醒试验	75	1	0	0	0	0	0	0
10087	2	二号浓缩激素	收集2阶觉醒所需的*个<2号浓缩激素>	121	2	2	2阶觉醒试验	60111	4	0	80	0	0	0	0
10088	3	觉醒成功率	消耗：	121	3	2	2阶觉醒试验	60201	6	100000	0	20	7	10	-1
10089	1	植物的历练	携带*通关*	133	1	1	1阶觉醒试验	30	1	0	0	0	0	0	0
10090	2	一号浓缩激素	收集1阶觉醒所需的*个<1号浓缩激素>	133	2	1	1阶觉醒试验	60012	2	0	40	0	0	0	0
10091	3	觉醒成功率	消耗：	133	3	1	1阶觉醒试验	60201	2	500	0	100	100	10	-2
10092	1	植物的愤怒	携带*通关*	133	1	2	2阶觉醒试验	145	1	0	0	0	0	0	0
10095	2	二号浓缩激素	收集2阶觉醒所需的*个<2号浓缩激素>	133	2	2	2阶觉醒试验	60112	4	0	105	0	0	0	0
10096	3	觉醒成功率	消耗：	133	3	2	2阶觉醒试验	60201	6	100000	0	20	7	10	-1
10097	1	植物的历练	携带*通关*	145	1	1	1阶觉醒试验	5	1	0	0	0	0	0	0
10098	2	一号浓缩激素	收集1阶觉醒所需的*个<1号浓缩激素>	145	2	1	1阶觉醒试验	60013	2	0	5	0	0	0	0
10099	3	觉醒成功率	消耗：	145	3	1	1阶觉醒试验	60201	2	500	0	100	100	10	-2
10100	1	植物的愤怒	携带*通关*	145	1	2	2阶觉醒试验	70	1	0	0	0	0	0	0
10103	2	二号浓缩激素	收集2阶觉醒所需的*个<2号浓缩激素>	145	2	2	2阶觉醒试验	60113	4	0	75	0	0	0	0
10104	3	觉醒成功率	消耗：	145	3	2	2阶觉醒试验	60201	6	100000	0	20	7	10	-1
10105	1	植物的历练	携带*通关*	157	1	1	1阶觉醒试验	55	1	0	0	0	0	0	0
10106	2	一号浓缩激素	收集1阶觉醒所需的*个<1号浓缩激素>	157	2	1	1阶觉醒试验	60014	2	0	65	0	0	0	0
10107	3	觉醒成功率	消耗：	157	3	1	1阶觉醒试验	60201	2	500	0	100	100	10	-2
10108	1	植物的愤怒	携带*通关*	157	1	2	2阶觉醒试验	155	1	0	0	0	0	0	0
10111	2	二号浓缩激素	收集2阶觉醒所需的*个<2号浓缩激素>	157	2	2	2阶觉醒试验	60114	4	0	160	0	0	0	0
10112	3	觉醒成功率	消耗：	157	3	2	2阶觉醒试验	60201	6	100000	0	20	7	10	-1
10113	1	植物的历练	携带*通关*	169	1	1	1阶觉醒试验	55	1	0	0	0	0	0	0
10114	2	一号浓缩激素	收集1阶觉醒所需的*个<1号浓缩激素>	169	2	1	1阶觉醒试验	60015	2	0	65	0	0	0	0
10115	3	觉醒成功率	消耗：	169	3	1	1阶觉醒试验	60201	2	500	0	100	100	10	-2
10116	1	植物的愤怒	携带*通关*	169	1	2	2阶觉醒试验	145	1	0	0	0	0	0	0
10119	2	二号浓缩激素	收集2阶觉醒所需的*个<2号浓缩激素>	169	2	2	2阶觉醒试验	60115	4	0	155	0	0	0	0
10120	3	觉醒成功率	消耗：	169	3	2	2阶觉醒试验	60201	6	100000	0	20	7	10	-1
10121	1	植物的历练	携带*通关*	181	1	1	1阶觉醒试验	45	1	0	0	0	0	0	0
10122	2	一号浓缩激素	收集1阶觉醒所需的*个<1号浓缩激素>	181	2	1	1阶觉醒试验	60016	2	0	50	0	0	0	0
10123	3	觉醒成功率	消耗：	181	3	1	1阶觉醒试验	60201	2	500	0	100	100	10	-2
10124	1	植物的愤怒	携带*通关*	181	1	2	2阶觉醒试验	130	1	0	0	0	0	0	0
10127	2	二号浓缩激素	收集2阶觉醒所需的*个<2号浓缩激素>	181	2	2	2阶觉醒试验	60116	4	0	135	0	0	0	0
10128	3	觉醒成功率	消耗：	181	3	2	2阶觉醒试验	60201	6	100000	0	20	7	10	-1
10129	1	植物的历练	携带*通关*	193	1	1	1阶觉醒试验	45	1	0	0	0	0	0	0
10130	2	一号浓缩激素	收集1阶觉醒所需的*个<1号浓缩激素>	193	2	1	1阶觉醒试验	60017	2	0	50	0	0	0	0
10131	3	觉醒成功率	消耗：	193	3	1	1阶觉醒试验	60201	2	500	0	100	100	10	-2
10132	1	植物的愤怒	携带*通关*	193	1	2	2阶觉醒试验	125	1	0	0	0	0	0	0
10135	2	二号浓缩激素	收集2阶觉醒所需的*个<2号浓缩激素>	193	2	2	2阶觉醒试验	60117	4	0	130	0	0	0	0
10136	3	觉醒成功率	消耗：	193	3	2	2阶觉醒试验	60201	6	100000	0	20	7	10	-1
10137	1	植物的历练	携带*通关*	205	1	1	1阶觉醒试验	65	1	0	0	0	0	0	0
10138	2	一号浓缩激素	收集1阶觉醒所需的*个<1号浓缩激素>	205	2	1	1阶觉醒试验	60018	2	0	70	0	0	0	0
10139	3	觉醒成功率	消耗：	205	3	1	1阶觉醒试验	60201	2	500	0	100	100	10	-2
10140	1	植物的愤怒	携带*通关*	205	1	2	2阶觉醒试验	160	1	0	0	0	0	0	0
10143	2	二号浓缩激素	收集2阶觉醒所需的*个<2号浓缩激素>	205	2	2	2阶觉醒试验	60118	4	0	165	0	0	0	0
10144	3	觉醒成功率	消耗：	205	3	2	2阶觉醒试验	60201	6	100000	0	20	7	10	-1
10145	1	植物的历练	携带*通关*	217	1	1	1阶觉醒试验	50	1	0	0	0	0	0	0
10146	2	一号浓缩激素	收集1阶觉醒所需的*个<1号浓缩激素>	217	2	1	1阶觉醒试验	60019	2	0	55	0	0	0	0
10147	3	觉醒成功率	消耗：	217	3	1	1阶觉醒试验	60201	2	500	0	100	100	10	-2
10148	1	植物的愤怒	携带*通关*	217	1	2	2阶觉醒试验	140	1	0	0	0	0	0	0
10151	2	二号浓缩激素	收集2阶觉醒所需的*个<2号浓缩激素>	217	2	2	2阶觉醒试验	60119	4	0	145	0	0	0	0
10152	3	觉醒成功率	消耗：	217	3	2	2阶觉醒试验	60201	6	100000	0	20	7	10	-1
10153	1	植物的历练	携带*通关*	229	1	1	1阶觉醒试验	40	1	0	0	0	0	0	0
10154	2	一号浓缩激素	收集1阶觉醒所需的*个<1号浓缩激素>	229	2	1	1阶觉醒试验	60020	2	0	45	0	0	0	0
10155	3	觉醒成功率	消耗：	229	3	1	1阶觉醒试验	60201	2	500	0	100	100	10	-2
10156	1	植物的愤怒	携带*通关*	229	1	2	2阶觉醒试验	115	1	0	0	0	0	0	0
10159	2	二号浓缩激素	收集2阶觉醒所需的*个<2号浓缩激素>	229	2	2	2阶觉醒试验	60120	4	0	125	0	0	0	0
10160	3	觉醒成功率	消耗：	229	3	2	2阶觉醒试验	60201	6	100000	0	20	7	10	-1
10161	1	植物的历练	携带*通关*	241	1	1	1阶觉醒试验	10	1	0	0	0	0	0	0
10162	2	一号浓缩激素	收集1阶觉醒所需的*个<1号浓缩激素>	241	2	1	1阶觉醒试验	60021	2	0	20	0	0	0	0
10163	3	觉醒成功率	消耗：	241	3	1	1阶觉醒试验	60201	2	500	0	100	100	10	-2
10164	1	植物的愤怒	携带*通关*	241	1	2	2阶觉醒试验	80	1	0	0	0	0	0	0
10167	2	二号浓缩激素	收集2阶觉醒所需的*个<2号浓缩激素>	241	2	2	2阶觉醒试验	60121	4	0	85	0	0	0	0
10168	3	觉醒成功率	消耗：	241	3	2	2阶觉醒试验	60201	6	100000	0	20	7	10	-1
10169	1	植物的历练	携带*通关*	253	1	1	1阶觉醒试验	20	1	0	0	0	0	0	0
10170	2	一号浓缩激素	收集1阶觉醒所需的*个<1号浓缩激素>	253	2	1	1阶觉醒试验	60022	2	0	25	0	0	0	0
10171	3	觉醒成功率	消耗：	253	3	1	1阶觉醒试验	60201	2	500	0	100	100	10	-2
10172	1	植物的愤怒	携带*通关*	253	1	2	2阶觉醒试验	85	1	0	0	0	0	0	0
10175	2	二号浓缩激素	收集2阶觉醒所需的*个<2号浓缩激素>	253	2	2	2阶觉醒试验	60122	4	0	95	0	0	0	0
10176	3	觉醒成功率	消耗：	253	3	2	2阶觉醒试验	60201	6	100000	0	20	7	10	-1
10177	1	植物的历练	携带*通关*	302	1	1	1阶觉醒试验	70	1	0	0	0	0	0	0
10178	2	一号浓缩激素	收集1阶觉醒所需的*个<1号浓缩激素>	302	2	1	1阶觉醒试验	60023	2	0	75	0	0	0	0
10179	3	觉醒成功率	消耗：	302	3	1	1阶觉醒试验	60201	2	500	0	100	100	10	-2
10180	1	植物的愤怒	携带*通关*	302	1	2	2阶觉醒试验	170	1	0	0	0	0	0	0
10181	2	二号浓缩激素	收集2阶觉醒所需的*个<2号浓缩激素>	302	2	2	2阶觉醒试验	60123	4	0	175	0	0	0	0
10182	3	觉醒成功率	消耗：	302	3	2	2阶觉醒试验	60201	6	100000	0	20	7	10	-1
10183	1	植物的历练	携带*通关*	1265	1	1	1阶觉醒试验	70	1	0	0	0	0	0	0
10184	2	一号浓缩激素	收集1阶觉醒所需的*个<1号浓缩激素>	1265	2	1	1阶觉醒试验	60024	2	0	75	0	0	0	0
10185	3	觉醒成功率	消耗：	1265	3	1	1阶觉醒试验	60201	2	500	0	100	100	10	-2
10186	1	植物的愤怒	携带*通关*	1265	1	2	2阶觉醒试验	170	1	0	0	0	0	0	0
10187	2	二号浓缩激素	收集2阶觉醒所需的*个<2号浓缩激素>	1265	2	2	2阶觉醒试验	60124	4	0	185	0	0	0	0
10188	3	觉醒成功率	消耗：	1265	3	2	2阶觉醒试验	60201	6	100000	0	20	7	10	-1
10189	1	植物的历练	携带*通关*	1277	1	1	1阶觉醒试验	70	1	0	0	0	0	0	0
10190	2	一号浓缩激素	收集1阶觉醒所需的*个<1号浓缩激素>	1277	2	1	1阶觉醒试验	60025	2	0	80	0	0	0	0
10191	3	觉醒成功率	消耗：	1277	3	1	1阶觉醒试验	60201	2	500	0	100	100	10	-2
10192	1	植物的愤怒	携带*通关*	1277	1	2	2阶觉醒试验	170	1	0	0	0	0	0	0
10193	2	二号浓缩激素	收集2阶觉醒所需的*个<2号浓缩激素>	1277	2	2	2阶觉醒试验	60125	4	0	190	0	0	0	0
10194	3	觉醒成功率	消耗：	1277	3	2	2阶觉醒试验	60201	6	100000	0	20	7	10	-1
10195	1	植物的历练	携带*通关*	1314	1	1	1阶觉醒试验	70	1	0	0	0	0	0	0
10196	2	一号浓缩激素	收集1阶觉醒所需的*个<1号浓缩激素>	1314	2	1	1阶觉醒试验	60026	2	0	80	0	0	0	0
10197	3	觉醒成功率	消耗：	1314	3	1	1阶觉醒试验	60201	2	500	0	100	100	10	-2
10198	1	植物的愤怒	携带*通关*	1314	1	2	2阶觉醒试验	170	1	0	0	0	0	0	0
10199	2	二号浓缩激素	收集2阶觉醒所需的*个<2号浓缩激素>	1314	2	2	2阶觉醒试验	60126	4	0	195	0	0	0	0
10200	3	觉醒成功率	消耗：	1314	3	2	2阶觉醒试验	60201	6	100000	0	20	7	10	-1
10201	1	植物的历练	携带*通关*	1326	1	1	1阶觉醒试验	75	1	0	0	0	0	0	0
10202	2	一号浓缩激素	收集1阶觉醒所需的*个<1号浓缩激素>	1326	2	1	1阶觉醒试验	60027	2	0	85	0	0	0	0
10203	3	觉醒成功率	消耗：	1326	3	1	1阶觉醒试验	60201	2	500	0	100	100	10	-2
10204	1	植物的愤怒	携带*通关*	1326	1	2	2阶觉醒试验	170	1	0	0	0	0	0	0
10205	2	二号浓缩激素	收集2阶觉醒所需的*个<2号浓缩激素>	1326	2	2	2阶觉醒试验	60127	4	0	200	0	0	0	0
10206	3	觉醒成功率	消耗：	1326	3	2	2阶觉醒试验	60201	6	100000	0	20	7	10	-1
10207	1	植物的历练	携带*通关*	1338	1	1	1阶觉醒试验	75	1	0	0	0	0	0	0
10208	2	一号浓缩激素	收集1阶觉醒所需的*个<1号浓缩激素>	1338	2	1	1阶觉醒试验	60028	2	0	85	0	0	0	0
10209	3	觉醒成功率	消耗：	1338	3	1	1阶觉醒试验	60201	2	500	0	100	100	10	-2
10210	1	植物的愤怒	携带*通关*	1338	1	2	2阶觉醒试验	170	1	0	0	0	0	0	0
10211	2	二号浓缩激素	收集2阶觉醒所需的*个<2号浓缩激素>	1338	2	2	2阶觉醒试验	60128	4	0	205	0	0	0	0
10212	3	觉醒成功率	消耗：	1338	3	2	2阶觉醒试验	60201	6	100000	0	20	7	10	-1
10213	1	植物的历练	携带*通关*	1350	1	1	1阶觉醒试验	95	1	0	0	0	0	0	0
10214	2	一号浓缩激素	收集1阶觉醒所需的*个<1号浓缩激素>	1350	2	1	1阶觉醒试验	60029	4	0	85	0	0	0	0
10215	3	觉醒成功率	消耗：	1350	3	1	1阶觉醒试验	60201	3	500	0	100	100	10	-2
10216	1	植物的愤怒	携带*通关*	1350	1	2	2阶觉醒试验	175	1	0	0	0	0	0	0
10217	2	二号浓缩激素	收集2阶觉醒所需的*个<2号浓缩激素>	1350	2	2	2阶觉醒试验	60129	8	0	205	0	0	0	0
10218	3	觉醒成功率	消耗：	1350	3	2	2阶觉醒试验	60201	6	100000	0	20	7	10	-1
10219	1	植物的历练	携带*通关*	1362	1	1	1阶觉醒试验	95	1	0	0	0	0	0	0
10220	2	一号浓缩激素	收集1阶觉醒所需的*个<1号浓缩激素>	1362	2	1	1阶觉醒试验	60030	4	0	85	0	0	0	0
10221	3	觉醒成功率	消耗：	1362	3	1	1阶觉醒试验	60201	3	500	0	100	100	10	-2
10222	1	植物的愤怒	携带*通关*	1362	1	2	2阶觉醒试验	175	1	0	0	0	0	0	0
10223	2	二号浓缩激素	收集2阶觉醒所需的*个<2号浓缩激素>	1362	2	2	2阶觉醒试验	60130	8	0	205	0	0	0	0
10224	3	觉醒成功率	消耗：	1362	3	2	2阶觉醒试验	60201	6	100000	0	20	7	10	-1
10225	1	植物的历练	携带*通关*	1374	1	1	1阶觉醒试验	100	1	0	0	0	0	0	0
10226	2	一号浓缩激素	收集1阶觉醒所需的*个<1号浓缩激素>	1374	2	1	1阶觉醒试验	60031	4	0	85	0	0	0	0
10227	3	觉醒成功率	消耗：	1374	3	1	1阶觉醒试验	60201	3	500	0	100	100	10	-2
10228	1	植物的愤怒	携带*通关*	1374	1	2	2阶觉醒试验	175	1	0	0	0	0	0	0
10229	2	二号浓缩激素	收集2阶觉醒所需的*个<2号浓缩激素>	1374	2	2	2阶觉醒试验	60131	8	0	205	0	0	0	0
10230	3	觉醒成功率	消耗：	1374	3	2	2阶觉醒试验	60201	6	100000	0	20	7	10	-1
