怪物ID	掉落物类型	最小掉落数	最大掉落数	每单位价值	不要动	不要动
INT	INT	INT	INT	INT	INT	INT
id	TYPE	DIEDROPMIN	DIEDROPMAX	DIEPERCOUNT	HITDROP	HITPERCOUNT
501	5	1	3	400	1	1
509	5	2	4	420	1	1
516	5	3	5	450	1	1
50011	5	3	3	1800	1	1
50015	5	2	2	3240	1	1
50016	5	2	2	6480	1	1
50017	5	2	2	19440	1	1
50012	5	3	3	3000	1	1
50020	5	2	2	6480	1	1
50023	5	2	2	13400	1	1
50018	5	2	2	36000	1	1
50013	5	3	3	5000	1	1
50021	5	2	2	11960	1	1
50024	5	2	2	20400	1	1
50019	5	2	2	40000	1	1
50014	5	3	3	7600	1	1
50022	5	2	2	22800	1	1
50025	5	2	2	45600	1	1
50026	5	2	2	53200	1	1
50027	5	2	2	13000	1	1
50028	5	2	2	21600	1	1
50029	5	2	2	32400	1	1
50030	5	2	2	64800	1	1
60011	18	1	1	13584	1	1
60012	18	1	1	25423	1	1
60013	18	1	1	25470	1	1
60014	18	1	1	29188	1	1
60015	18	1	1	30565	1	1
60016	18	1	1	80337	1	1
60017	18	2	2	84904	1	1
60018	18	1	1	218917	1	1
60019	18	1	1	31500	1	1
60020	18	1	1	283500	1	1
