章节id	关卡id(唯一)	金币奖励（简单）	经验奖励（简单）	阳光奖励（简单）	物品（简单）	场景编号	金币奖励（普通）	经验奖励(普通)	阳光奖励(普通)	物品（普通）	场景编号	金币奖励（困难）	经验奖励（困难）	阳光奖励（困难）	物品（困难）	场景编号
INT	INT	INT	INT	INT	STRING	INT	INT	INT	INT	STRING	INT	INT	INT	INT	STRING	INT
advId	subadvId	level1SilversAward	level1ExpAward	level1Sunshine	level1Reward	level1SceneId	level2SilversAward	level2ExpAward	level2Sunshine	level2Reward	level2SceneId	level3SilversAward	level3ExpAward	level3Sunshine	level3Reward	level3SceneId
90001	9001	500	3	30	"1,108,35"	9001	500	3	50	"1,108,65"	9001	500	3	70	"1,108,100"	9001
90001	9002	500	3	30	"1,108,35"	9002	500	3	50	"1,108,65"	9002	500	3	70	"1,108,100"	9002
90001	9003	500	3	30	"1,108,35"	9003	500	3	50	"1,108,65"	9003	500	3	70	"1,108,100"	9003
90002	9004	500	3	30	"1,108,35"	9004	500	3	50	"1,108,65"	9004	500	3	70	"1,108,100"	9004
90002	9005	500	3	30	"1,108,35"	9005	500	3	50	"1,108,65"	9005	500	3	70	"1,108,100"	9005
90002	9006	500	3	30	"1,108,35"	9006	500	3	50	"1,108,65"	9006	500	3	70	"1,108,100"	9006
90003	9007	500	3	30	"1,108,35"	9007	500	3	50	"1,108,65"	9007	500	3	70	"1,108,100"	9007
90003	9008	500	3	30	"1,108,35"	9008	500	3	50	"1,108,65"	9008	500	3	70	"1,108,100"	9008
90003	9009	500	3	30	"1,108,35"	9009	500	3	50	"1,108,65"	9009	500	3	70	"1,108,100"	9009
90004	9010	500	3	30	"1,108,35"	9010	500	3	50	"1,108,65"	9010	500	3	70	"1,108,100"	9010
90004	9011	500	3	30	"1,108,35"	9011	500	3	50	"1,108,65"	9011	500	3	70	"1,108,100"	9011
90004	9012	500	3	30	"1,108,35"	9012	500	3	50	"1,108,65"	9012	500	3	70	"1,108,100"	9012
90005	9013	500	3	30	"1,108,35"	9013	500	3	50	"1,108,65"	9013	500	3	70	"1,108,100"	9013
90005	9014	500	3	30	"1,108,35"	9014	500	3	50	"1,108,65"	9014	500	3	70	"1,108,100"	9014
90005	9015	500	3	30	"1,108,35"	9015	500	3	50	"1,108,65"	9015	500	3	70	"1,108,100"	9015
90006	9016	500	3	30	"1,108,35"	9016	500	3	50	"1,108,65"	9016	500	3	70	"1,108,100"	9016
90006	9017	500	3	30	"1,108,35"	9017	500	3	50	"1,108,65"	9017	500	3	70	"1,108,100"	9017
90006	9018	500	3	30	"1,108,35"	9018	500	3	50	"1,108,65"	9018	500	3	70	"1,108,100"	9018
90007	9019	500	3	30	"1,108,35"	9019	500	3	50	"1,108,65"	9019	500	3	70	"1,108,100"	9019
90007	9020	500	3	30	"1,108,35"	9020	500	3	50	"1,108,65"	9020	500	3	70	"1,108,100"	9020
90007	9021	500	3	30	"1,108,35"	9021	500	3	50	"1,108,65"	9021	500	3	70	"1,108,100"	9021
90008	9022	500	3	30	"1,108,35"	9022	500	3	50	"1,108,65"	9022	500	3	70	"1,108,100"	9022
90008	9023	500	3	30	"1,108,35"	9023	500	3	50	"1,108,65"	9023	500	3	70	"1,108,100"	9023
90008	9024	500	3	30	"1,108,35"	9024	500	3	50	"1,108,65"	9024	500	3	70	"1,108,100"	9024
90009	9025	500	3	30	"1,108,35"	9025	500	3	50	"1,108,65"	9025	500	3	70	"1,108,100"	9025
90009	9026	500	3	30	"1,108,35"	9026	500	3	50	"1,108,65"	9026	500	3	70	"1,108,100"	9026
90009	9027	500	3	30	"1,108,35"	9027	500	3	50	"1,108,65"	9027	500	3	70	"1,108,100"	9027
90010	9028	500	3	30	"1,108,35"	9028	500	3	50	"1,108,65"	9028	500	3	70	"1,108,100"	9028
90010	9029	500	3	30	"1,108,35"	9029	500	3	50	"1,108,65"	9029	500	3	70	"1,108,100"	9029
90010	9030	500	3	30	"1,108,35"	9030	500	3	50	"1,108,65"	9030	500	3	70	"1,108,100"	9030
90011	9031	500	3	30	"1,108,35"	9031	500	3	50	"1,108,65"	9031	500	3	70	"1,108,100"	9031
90011	9032	500	3	30	"1,108,35"	9032	500	3	50	"1,108,65"	9032	500	3	70	"1,108,100"	9032
90011	9033	500	3	30	"1,108,35"	9033	500	3	50	"1,108,65"	9033	500	3	70	"1,108,100"	9033
90012	9034	500	3	30	"1,108,35"	9034	500	3	50	"1,108,65"	9034	500	3	70	"1,108,100"	9034
90012	9035	500	3	30	"1,108,35"	9035	500	3	50	"1,108,65"	9035	500	3	70	"1,108,100"	9035
90012	9036	500	3	30	"1,108,35"	9036	500	3	50	"1,108,65"	9036	500	3	70	"1,108,100"	9036
90013	9037	500	3	30	"1,108,35"	9037	500	3	50	"1,108,65"	9037	500	3	70	"1,108,100"	9037
90013	9038	500	3	30	"1,108,35"	9038	500	3	50	"1,108,65"	9038	500	3	70	"1,108,100"	9038
90013	9039	500	3	30	"1,108,35"	9039	500	3	50	"1,108,65"	9039	500	3	70	"1,108,100"	9039
90014	9040	500	3	30	"1,108,35"	9040	500	3	50	"1,108,65"	9040	500	3	70	"1,108,100"	9040
90014	9041	500	3	30	"1,108,35"	9041	500	3	50	"1,108,65"	9041	500	3	70	"1,108,100"	9041
90014	9042	500	3	30	"1,108,35"	9042	500	3	50	"1,108,65"	9042	500	3	70	"1,108,100"	9042
90015	9043	500	3	30	"1,108,35"	9043	500	3	50	"1,108,65"	9043	500	3	70	"1,108,100"	9043
90015	9044	500	3	30	"1,108,35"	9044	500	3	50	"1,108,65"	9044	500	3	70	"1,108,100"	9044
90015	9045	500	3	30	"1,108,35"	9045	500	3	50	"1,108,65"	9045	500	3	70	"1,108,100"	9045
90016	9046	500	3	30	"1,108,35"	9046	500	3	50	"1,108,65"	9046	500	3	70	"1,108,100"	9046
90016	9047	500	3	30	"1,108,35"	9047	500	3	50	"1,108,65"	9047	500	3	70	"1,108,100"	9047
90016	9048	500	3	30	"1,108,35"	9048	500	3	50	"1,108,65"	9048	500	3	70	"1,108,100"	9048
90017	9049	500	3	30	"1,108,35"	9049	500	3	50	"1,108,65"	9049	500	3	70	"1,108,100"	9049
90017	9050	500	3	30	"1,108,35"	9050	500	3	50	"1,108,65"	9050	500	3	70	"1,108,100"	9050
90017	9051	500	3	30	"1,108,35"	9051	500	3	50	"1,108,65"	9051	500	3	70	"1,108,100"	9051
90018	9052	500	3	30	"1,108,35"	9052	500	3	50	"1,108,65"	9052	500	3	70	"1,108,100"	9052
90018	9053	500	3	30	"1,108,35"	9053	500	3	50	"1,108,65"	9053	500	3	70	"1,108,100"	9053
90018	9054	500	3	30	"1,108,35"	9054	500	3	50	"1,108,65"	9054	500	3	70	"1,108,100"	9054
90019	9055	500	3	30	"1,108,35"	9055	500	3	50	"1,108,65"	9055	500	3	70	"1,108,100"	9055
90019	9056	500	3	30	"1,108,35"	9056	500	3	50	"1,108,65"	9056	500	3	70	"1,108,100"	9056
90019	9057	500	3	30	"1,108,35"	9057	500	3	50	"1,108,65"	9057	500	3	70	"1,108,100"	9057
90020	9058	500	3	30	"1,108,35"	9058	500	3	50	"1,108,65"	9058	500	3	70	"1,108,100"	9058
90020	9059	500	3	30	"1,108,35"	9059	500	3	50	"1,108,65"	9059	500	3	70	"1,108,100"	9059
90020	9060	500	3	30	"1,108,35"	9060	500	3	50	"1,108,65"	9060	500	3	70	"1,108,100"	9060
90021	9061	500	3	30	"1,108,35"	9061	500	3	50	"1,108,65"	9061	500	3	70	"1,108,100"	9061
90021	9062	500	3	30	"1,108,35"	9062	500	3	50	"1,108,65"	9062	500	3	70	"1,108,100"	9062
90021	9063	500	3	30	"1,108,35"	9063	500	3	50	"1,108,65"	9063	500	3	70	"1,108,100"	9063
90022	9064	500	3	30	"1,108,35"	9064	500	3	50	"1,108,65"	9064	500	3	70	"1,108,100"	9064
90022	9065	500	3	30	"1,108,35"	9065	500	3	50	"1,108,65"	9065	500	3	70	"1,108,100"	9065
90022	9066	500	3	30	"1,108,35"	9066	500	3	50	"1,108,65"	9066	500	3	70	"1,108,100"	9066
90023	9067	500	3	30	"1,108,35"	9067	500	3	50	"1,108,65"	9067	500	3	70	"1,108,100"	9067
90023	9068	500	3	30	"1,108,35"	9068	500	3	50	"1,108,65"	9068	500	3	70	"1,108,100"	9068
90023	9069	500	3	30	"1,108,35"	9069	500	3	50	"1,108,65"	9069	500	3	70	"1,108,100"	9069
90024	9070	500	3	30	"1,108,35"	9070	500	3	50	"1,108,65"	9070	500	3	70	"1,108,100"	9070
90024	9071	500	3	30	"1,108,35"	9071	500	3	50	"1,108,65"	9071	500	3	70	"1,108,100"	9071
90024	9072	500	3	30	"1,108,35"	9072	500	3	50	"1,108,65"	9072	500	3	70	"1,108,100"	9072
90025	9073	500	3	30	"1,108,35"	9073	500	3	50	"1,108,65"	9073	500	3	70	"1,108,100"	9073
90025	9074	500	3	30	"1,108,35"	9074	500	3	50	"1,108,65"	9074	500	3	70	"1,108,100"	9074
90025	9075	500	3	30	"1,108,35"	9075	500	3	50	"1,108,65"	9075	500	3	70	"1,108,100"	9075
90026	9076	500	3	30	"1,108,35"	9076	500	3	50	"1,108,65"	9076	500	3	70	"1,108,100"	9076
90026	9077	500	3	30	"1,108,35"	9077	500	3	50	"1,108,65"	9077	500	3	70	"1,108,100"	9077
90026	9078	500	3	30	"1,108,35"	9078	500	3	50	"1,108,65"	9078	500	3	70	"1,108,100"	9078
90027	9079	500	3	30	"1,108,35"	9079	500	3	50	"1,108,65"	9079	500	3	70	"1,108,100"	9079
90027	9080	500	3	30	"1,108,35"	9080	500	3	50	"1,108,65"	9080	500	3	70	"1,108,100"	9080
90027	9081	500	3	30	"1,108,35"	9081	500	3	50	"1,108,65"	9081	500	3	70	"1,108,100"	9081
90028	9082	500	3	30	"1,108,35"	9082	500	3	50	"1,108,65"	9082	500	3	70	"1,108,100"	9082
90028	9083	500	3	30	"1,108,35"	9083	500	3	50	"1,108,65"	9083	500	3	70	"1,108,100"	9083
90028	9084	500	3	30	"1,108,35"	9084	500	3	50	"1,108,65"	9084	500	3	70	"1,108,100"	9084
90029	9085	500	3	30	"1,108,35"	9085	500	3	50	"1,108,65"	9085	500	3	70	"1,108,100"	9085
90029	9086	500	3	30	"1,108,35"	9086	500	3	50	"1,108,65"	9086	500	3	70	"1,108,100"	9086
90029	9087	500	3	30	"1,108,35"	9087	500	3	50	"1,108,65"	9087	500	3	70	"1,108,100"	9087
90030	9088	500	3	30	"1,108,35"	9088	500	3	50	"1,108,65"	9088	500	3	70	"1,108,100"	9088
90030	9089	500	3	30	"1,108,35"	9089	500	3	50	"1,108,65"	9089	500	3	70	"1,108,100"	9089
90030	9090	500	3	30	"1,108,35"	9090	500	3	50	"1,108,65"	9090	500	3	70	"1,108,100"	9090
90031	9091	500	3	30	"1,108,35"	9091	500	3	50	"1,108,65"	9091	500	3	70	"1,108,100"	9091
90031	9092	500	3	30	"1,108,35"	9092	500	3	50	"1,108,65"	9092	500	3	70	"1,108,100"	9092
90031	9093	500	3	30	"1,108,35"	9093	500	3	50	"1,108,65"	9093	500	3	70	"1,108,100"	9093
90032	9094	500	3	30	"1,108,35"	9094	500	3	50	"1,108,65"	9094	500	3	70	"1,108,100"	9094
90032	9095	500	3	30	"1,108,35"	9095	500	3	50	"1,108,65"	9095	500	3	70	"1,108,100"	9095
90032	9096	500	3	30	"1,108,35"	9096	500	3	50	"1,108,65"	9096	500	3	70	"1,108,100"	9096
90033	9097	500	3	30	"1,108,35"	9097	500	3	50	"1,108,65"	9097	500	3	70	"1,108,100"	9097
90033	9098	500	3	30	"1,108,35"	9098	500	3	50	"1,108,65"	9098	500	3	70	"1,108,100"	9098
90033	9099	500	3	30	"1,108,35"	9099	500	3	50	"1,108,65"	9099	500	3	70	"1,108,100"	9099
90034	9100	500	3	30	"1,108,35"	9100	500	3	50	"1,108,65"	9100	500	3	70	"1,108,100"	9100
90034	9101	500	3	30	"1,108,35"	9101	500	3	50	"1,108,65"	9101	500	3	70	"1,108,100"	9101
90034	9102	500	3	30	"1,108,35"	9102	500	3	50	"1,108,65"	9102	500	3	70	"1,108,100"	9102
90035	9103	500	3	30	"1,108,35"	9103	500	3	50	"1,108,65"	9103	500	3	70	"1,108,100"	9103
90035	9104	500	3	30	"1,108,35"	9104	500	3	50	"1,108,65"	9104	500	3	70	"1,108,100"	9104
90035	9105	500	3	30	"1,108,35"	9105	500	3	50	"1,108,65"	9105	500	3	70	"1,108,100"	9105
90036	9106	500	3	30	"1,108,35"	9106	500	3	50	"1,108,65"	9106	500	3	70	"1,108,100"	9106
90036	9107	500	3	30	"1,108,35"	9107	500	3	50	"1,108,65"	9107	500	3	70	"1,108,100"	9107
90036	9108	500	3	30	"1,108,35"	9108	500	3	50	"1,108,65"	9108	500	3	70	"1,108,100"	9108
90037	9109	500	3	30	"1,108,35"	9109	500	3	50	"1,108,65"	9109	500	3	70	"1,108,100"	9109
90037	9110	500	3	30	"1,108,35"	9110	500	3	50	"1,108,65"	9110	500	3	70	"1,108,100"	9110
90037	9111	500	3	30	"1,108,35"	9111	500	3	50	"1,108,65"	9111	500	3	70	"1,108,100"	9111
90038	9112	500	3	30	"1,108,35"	9112	500	3	50	"1,108,65"	9112	500	3	70	"1,108,100"	9112
90038	9113	500	3	30	"1,108,35"	9113	500	3	50	"1,108,65"	9113	500	3	70	"1,108,100"	9113
90038	9114	500	3	30	"1,108,35"	9114	500	3	50	"1,108,65"	9114	500	3	70	"1,108,100"	9114
90039	9115	500	3	30	"1,108,35"	9115	500	3	50	"1,108,65"	9115	500	3	70	"1,108,100"	9115
90039	9116	500	3	30	"1,108,35"	9116	500	3	50	"1,108,65"	9116	500	3	70	"1,108,100"	9116
90039	9117	500	3	30	"1,108,35"	9117	500	3	50	"1,108,65"	9117	500	3	70	"1,108,100"	9117
90040	9118	500	3	30	"1,108,35"	9118	500	3	50	"1,108,65"	9118	500	3	70	"1,108,100"	9118
90040	9119	500	3	30	"1,108,35"	9119	500	3	50	"1,108,65"	9119	500	3	70	"1,108,100"	9119
90040	9120	500	3	30	"1,108,35"	9120	500	3	50	"1,108,65"	9120	500	3	70	"1,108,100"	9120
90041	9121	500	3	30	"1,108,35"	9121	500	3	50	"1,108,65"	9121	500	3	70	"1,108,100"	9121
90041	9122	500	3	30	"1,108,35"	9122	500	3	50	"1,108,65"	9122	500	3	70	"1,108,100"	9122
90041	9123	500	3	30	"1,108,35"	9123	500	3	50	"1,108,65"	9123	500	3	70	"1,108,100"	9123
90042	9124	500	3	30	"1,108,35"	9124	500	3	50	"1,108,65"	9124	500	3	70	"1,108,100"	9124
90042	9125	500	3	30	"1,108,35"	9125	500	3	50	"1,108,65"	9125	500	3	70	"1,108,100"	9125
90042	9126	500	3	30	"1,108,35"	9126	500	3	50	"1,108,65"	9126	500	3	70	"1,108,100"	9126
90043	9127	500	3	30	"1,108,35"	9127	500	3	50	"1,108,65"	9127	500	3	70	"1,108,100"	9127
90043	9128	500	3	30	"1,108,35"	9128	500	3	50	"1,108,65"	9128	500	3	70	"1,108,100"	9128
90043	9129	500	3	30	"1,108,35"	9129	500	3	50	"1,108,65"	9129	500	3	70	"1,108,100"	9129
90044	9130	500	3	30	"1,108,35"	9130	500	3	50	"1,108,65"	9130	500	3	70	"1,108,100"	9130
90044	9131	500	3	30	"1,108,35"	9131	500	3	50	"1,108,65"	9131	500	3	70	"1,108,100"	9131
90044	9132	500	3	30	"1,108,35"	9132	500	3	50	"1,108,65"	9132	500	3	70	"1,108,100"	9132
90045	9133	500	3	30	"1,108,35"	9133	500	3	50	"1,108,65"	9133	500	3	70	"1,108,100"	9133
90045	9134	500	3	30	"1,108,35"	9134	500	3	50	"1,108,65"	9134	500	3	70	"1,108,100"	9134
90045	9135	500	3	30	"1,108,35"	9135	500	3	50	"1,108,65"	9135	500	3	70	"1,108,100"	9135
90046	9136	500	3	30	"1,108,35"	9136	500	3	50	"1,108,65"	9136	500	3	70	"1,108,100"	9136
90046	9137	500	3	30	"1,108,35"	9137	500	3	50	"1,108,65"	9137	500	3	70	"1,108,100"	9137
90046	9138	500	3	30	"1,108,35"	9138	500	3	50	"1,108,65"	9138	500	3	70	"1,108,100"	9138
90047	9139	500	3	30	"1,108,35"	9139	500	3	50	"1,108,65"	9139	500	3	70	"1,108,100"	9139
90047	9140	500	3	30	"1,108,35"	9140	500	3	50	"1,108,65"	9140	500	3	70	"1,108,100"	9140
90047	9141	500	3	30	"1,108,35"	9141	500	3	50	"1,108,65"	9141	500	3	70	"1,108,100"	9141
90048	9142	500	3	30	"1,108,35"	9142	500	3	50	"1,108,65"	9142	500	3	70	"1,108,100"	9142
90048	9143	500	3	30	"1,108,35"	9143	500	3	50	"1,108,65"	9143	500	3	70	"1,108,100"	9143
90048	9144	500	3	30	"1,108,35"	9144	500	3	50	"1,108,65"	9144	500	3	70	"1,108,100"	9144
90049	9145	500	3	30	"1,108,35"	9145	500	3	50	"1,108,65"	9145	500	3	70	"1,108,100"	9145
90049	9146	500	3	30	"1,108,35"	9146	500	3	50	"1,108,65"	9146	500	3	70	"1,108,100"	9146
90049	9147	500	3	30	"1,108,35"	9147	500	3	50	"1,108,65"	9147	500	3	70	"1,108,100"	9147
90050	9148	500	3	30	"1,108,35"	9148	500	3	50	"1,108,65"	9148	500	3	70	"1,108,100"	9148
90050	9149	500	3	30	"1,108,35"	9149	500	3	50	"1,108,65"	9149	500	3	70	"1,108,100"	9149
90050	9150	500	3	30	"1,108,35"	9150	500	3	50	"1,108,65"	9150	500	3	70	"1,108,100"	9150
90051	9151	500	3	30	"1,108,35"	9151	500	3	50	"1,108,65"	9151	500	3	70	"1,108,100"	9151
90051	9152	500	3	30	"1,108,35"	9152	500	3	50	"1,108,65"	9152	500	3	70	"1,108,100"	9152
90051	9153	500	3	30	"1,108,35"	9153	500	3	50	"1,108,65"	9153	500	3	70	"1,108,100"	9153
90052	9154	500	3	30	"1,108,35"	9154	500	3	50	"1,108,65"	9154	500	3	70	"1,108,100"	9154
90052	9155	500	3	30	"1,108,35"	9155	500	3	50	"1,108,65"	9155	500	3	70	"1,108,100"	9155
90052	9156	500	3	30	"1,108,35"	9156	500	3	50	"1,108,65"	9156	500	3	70	"1,108,100"	9156
90053	9157	500	3	30	"1,108,35"	9157	500	3	50	"1,108,65"	9157	500	3	70	"1,108,100"	9157
90053	9158	500	3	30	"1,108,35"	9158	500	3	50	"1,108,65"	9158	500	3	70	"1,108,100"	9158
90053	9159	500	3	30	"1,108,35"	9159	500	3	50	"1,108,65"	9159	500	3	70	"1,108,100"	9159
90054	9160	500	3	30	"1,108,35"	9160	500	3	50	"1,108,65"	9160	500	3	70	"1,108,100"	9160
90054	9161	500	3	30	"1,108,35"	9161	500	3	50	"1,108,65"	9161	500	3	70	"1,108,100"	9161
90054	9162	500	3	30	"1,108,35"	9162	500	3	50	"1,108,65"	9162	500	3	70	"1,108,100"	9162
90055	9163	500	3	30	"1,108,35"	9163	500	3	50	"1,108,65"	9163	500	3	70	"1,108,100"	9163
90055	9164	500	3	30	"1,108,35"	9164	500	3	50	"1,108,65"	9164	500	3	70	"1,108,100"	9164
90055	9165	500	3	30	"1,108,35"	9165	500	3	50	"1,108,65"	9165	500	3	70	"1,108,100"	9165
90056	9166	500	3	30	"1,108,35"	9166	500	3	50	"1,108,65"	9166	500	3	70	"1,108,100"	9166
90056	9167	500	3	30	"1,108,35"	9167	500	3	50	"1,108,65"	9167	500	3	70	"1,108,100"	9167
90056	9168	500	3	30	"1,108,35"	9168	500	3	50	"1,108,65"	9168	500	3	70	"1,108,100"	9168
90057	9169	500	3	30	"1,108,35"	9169	500	3	50	"1,108,65"	9169	500	3	70	"1,108,100"	9169
90057	9170	500	3	30	"1,108,35"	9170	500	3	50	"1,108,65"	9170	500	3	70	"1,108,100"	9170
90057	9171	500	3	30	"1,108,35"	9171	500	3	50	"1,108,65"	9171	500	3	70	"1,108,100"	9171
90058	9172	500	3	30	"1,108,35"	9172	500	3	50	"1,108,65"	9172	500	3	70	"1,108,100"	9172
90058	9173	500	3	30	"1,108,35"	9173	500	3	50	"1,108,65"	9173	500	3	70	"1,108,100"	9173
90058	9174	500	3	30	"1,108,35"	9174	500	3	50	"1,108,65"	9174	500	3	70	"1,108,100"	9174
90059	9175	500	3	30	"1,108,35"	9175	500	3	50	"1,108,65"	9175	500	3	70	"1,108,100"	9175
90059	9176	500	3	30	"1,108,35"	9176	500	3	50	"1,108,65"	9176	500	3	70	"1,108,100"	9176
90059	9177	500	3	30	"1,108,35"	9177	500	3	50	"1,108,65"	9177	500	3	70	"1,108,100"	9177
90060	9178	500	3	30	"1,108,35"	9178	500	3	50	"1,108,65"	9178	500	3	70	"1,108,100"	9178
90060	9179	500	3	30	"1,108,35"	9179	500	3	50	"1,108,65"	9179	500	3	70	"1,108,100"	9179
90060	9180	500	3	30	"1,108,35"	9180	500	3	50	"1,108,65"	9180	500	3	70	"1,108,100"	9180
90061	9181	500	3	30	"1,108,35"	9181	500	3	50	"1,108,65"	9181	500	3	70	"1,108,100"	9181
90061	9182	500	3	30	"1,108,35"	9182	500	3	50	"1,108,65"	9182	500	3	70	"1,108,100"	9182
90061	9183	500	3	30	"1,108,35"	9183	500	3	50	"1,108,65"	9183	500	3	70	"1,108,100"	9183
90062	9184	500	3	30	"1,108,35"	9184	500	3	50	"1,108,65"	9184	500	3	70	"1,108,100"	9184
90062	9185	500	3	30	"1,108,35"	9185	500	3	50	"1,108,65"	9185	500	3	70	"1,108,100"	9185
90062	9186	500	3	30	"1,108,35"	9186	500	3	50	"1,108,65"	9186	500	3	70	"1,108,100"	9186
90063	9187	500	3	30	"1,108,35"	9187	500	3	50	"1,108,65"	9187	500	3	70	"1,108,100"	9187
90063	9188	500	3	30	"1,108,35"	9188	500	3	50	"1,108,65"	9188	500	3	70	"1,108,100"	9188
90063	9189	500	3	30	"1,108,35"	9189	500	3	50	"1,108,65"	9189	500	3	70	"1,108,100"	9189
90064	9190	500	3	30	"1,108,35"	9190	500	3	50	"1,108,65"	9190	500	3	70	"1,108,100"	9190
90064	9191	500	3	30	"1,108,35"	9191	500	3	50	"1,108,65"	9191	500	3	70	"1,108,100"	9191
90064	9192	500	3	30	"1,108,35"	9192	500	3	50	"1,108,65"	9192	500	3	70	"1,108,100"	9192
90065	9193	500	3	30	"1,108,35"	9193	500	3	50	"1,108,65"	9193	500	3	70	"1,108,100"	9193
90065	9194	500	3	30	"1,108,35"	9194	500	3	50	"1,108,65"	9194	500	3	70	"1,108,100"	9194
90065	9195	500	3	30	"1,108,35"	9195	500	3	50	"1,108,65"	9195	500	3	70	"1,108,100"	9195
90066	9196	500	3	30	"1,108,35"	9196	500	3	50	"1,108,65"	9196	500	3	70	"1,108,100"	9196
90066	9197	500	3	30	"1,108,35"	9197	500	3	50	"1,108,65"	9197	500	3	70	"1,108,100"	9197
90066	9198	500	3	30	"1,108,35"	9198	500	3	50	"1,108,65"	9198	500	3	70	"1,108,100"	9198
90067	9199	500	3	30	"1,108,35"	9199	500	3	50	"1,108,65"	9199	500	3	70	"1,108,100"	9199
90067	9200	500	3	30	"1,108,35"	9200	500	3	50	"1,108,65"	9200	500	3	70	"1,108,100"	9200
90067	9201	500	3	30	"1,108,35"	9201	500	3	50	"1,108,65"	9201	500	3	70	"1,108,100"	9201
90068	9202	500	3	30	"1,108,35"	9202	500	3	50	"1,108,65"	9202	500	3	70	"1,108,100"	9202
90068	9203	500	3	30	"1,108,35"	9203	500	3	50	"1,108,65"	9203	500	3	70	"1,108,100"	9203
90068	9204	500	3	30	"1,108,35"	9204	500	3	50	"1,108,65"	9204	500	3	70	"1,108,100"	9204
90069	9205	500	3	30	"1,108,35"	9205	500	3	50	"1,108,65"	9205	500	3	70	"1,108,100"	9205
90069	9206	500	3	30	"1,108,35"	9206	500	3	50	"1,108,65"	9206	500	3	70	"1,108,100"	9206
90069	9207	500	3	30	"1,108,35"	9207	500	3	50	"1,108,65"	9207	500	3	70	"1,108,100"	9207
90070	9208	500	3	30	"1,108,35"	9208	500	3	50	"1,108,65"	9208	500	3	70	"1,108,100"	9208
90070	9209	500	3	30	"1,108,35"	9209	500	3	50	"1,108,65"	9209	500	3	70	"1,108,100"	9209
90070	9210	500	3	30	"1,108,35"	9210	500	3	50	"1,108,65"	9210	500	3	70	"1,108,100"	9210
90071	9211	500	3	30	"1,108,35"	9211	500	3	50	"1,108,65"	9211	500	3	70	"1,108,100"	9211
90071	9212	500	3	30	"1,108,35"	9212	500	3	50	"1,108,65"	9212	500	3	70	"1,108,100"	9212
90071	9213	500	3	30	"1,108,35"	9213	500	3	50	"1,108,65"	9213	500	3	70	"1,108,100"	9213
90072	9214	500	3	30	"1,108,35"	9214	500	3	50	"1,108,65"	9214	500	3	70	"1,108,100"	9214
90072	9215	500	3	30	"1,108,35"	9215	500	3	50	"1,108,65"	9215	500	3	70	"1,108,100"	9215
90072	9216	500	3	30	"1,108,35"	9216	500	3	50	"1,108,65"	9216	500	3	70	"1,108,100"	9216
90073	9217	500	3	30	"1,108,35"	9217	500	3	50	"1,108,65"	9217	500	3	70	"1,108,100"	9217
90073	9218	500	3	30	"1,108,35"	9218	500	3	50	"1,108,65"	9218	500	3	70	"1,108,100"	9218
90073	9219	500	3	30	"1,108,35"	9219	500	3	50	"1,108,65"	9219	500	3	70	"1,108,100"	9219
90074	9220	500	3	30	"1,108,35"	9220	500	3	50	"1,108,65"	9220	500	3	70	"1,108,100"	9220
90074	9221	500	3	30	"1,108,35"	9221	500	3	50	"1,108,65"	9221	500	3	70	"1,108,100"	9221
90074	9222	500	3	30	"1,108,35"	9222	500	3	50	"1,108,65"	9222	500	3	70	"1,108,100"	9222
90075	9223	500	3	30	"1,108,35"	9223	500	3	50	"1,108,65"	9223	500	3	70	"1,108,100"	9223
90075	9224	500	3	30	"1,108,35"	9224	500	3	50	"1,108,65"	9224	500	3	70	"1,108,100"	9224
90075	9225	500	3	30	"1,108,35"	9225	500	3	50	"1,108,65"	9225	500	3	70	"1,108,100"	9225
90076	9226	500	3	30	"1,108,35"	9226	500	3	50	"1,108,65"	9226	500	3	70	"1,108,100"	9226
90076	9227	500	3	30	"1,108,35"	9227	500	3	50	"1,108,65"	9227	500	3	70	"1,108,100"	9227
90076	9228	500	3	30	"1,108,35"	9228	500	3	50	"1,108,65"	9228	500	3	70	"1,108,100"	9228
90077	9229	500	3	30	"1,108,35"	9229	500	3	50	"1,108,65"	9229	500	3	70	"1,108,100"	9229
90077	9230	500	3	30	"1,108,35"	9230	500	3	50	"1,108,65"	9230	500	3	70	"1,108,100"	9230
90077	9231	500	3	30	"1,108,35"	9231	500	3	50	"1,108,65"	9231	500	3	70	"1,108,100"	9231
90078	9232	500	3	30	"1,108,35"	9232	500	3	50	"1,108,65"	9232	500	3	70	"1,108,100"	9232
90078	9233	500	3	30	"1,108,35"	9233	500	3	50	"1,108,65"	9233	500	3	70	"1,108,100"	9233
90078	9234	500	3	30	"1,108,35"	9234	500	3	50	"1,108,65"	9234	500	3	70	"1,108,100"	9234
90079	9235	500	3	30	"1,108,35"	9235	500	3	50	"1,108,65"	9235	500	3	70	"1,108,100"	9235
90079	9236	500	3	30	"1,108,35"	9236	500	3	50	"1,108,65"	9236	500	3	70	"1,108,100"	9236
90079	9237	500	3	30	"1,108,35"	9237	500	3	50	"1,108,65"	9237	500	3	70	"1,108,100"	9237
90080	9238	500	3	30	"1,108,35"	9238	500	3	50	"1,108,65"	9238	500	3	70	"1,108,100"	9238
90080	9239	500	3	30	"1,108,35"	9239	500	3	50	"1,108,65"	9239	500	3	70	"1,108,100"	9239
90080	9240	500	3	30	"1,108,35"	9240	500	3	50	"1,108,65"	9240	500	3	70	"1,108,100"	9240
90081	9241	500	3	30	"1,108,35"	9241	500	3	50	"1,108,65"	9241	500	3	70	"1,108,100"	9241
90081	9242	500	3	30	"1,108,35"	9242	500	3	50	"1,108,65"	9242	500	3	70	"1,108,100"	9242
90081	9243	500	3	30	"1,108,35"	9243	500	3	50	"1,108,65"	9243	500	3	70	"1,108,100"	9243
90082	9244	500	3	30	"1,108,35"	9244	500	3	50	"1,108,65"	9244	500	3	70	"1,108,100"	9244
90082	9245	500	3	30	"1,108,35"	9245	500	3	50	"1,108,65"	9245	500	3	70	"1,108,100"	9245
90082	9246	500	3	30	"1,108,35"	9246	500	3	50	"1,108,65"	9246	500	3	70	"1,108,100"	9246
90083	9247	500	3	30	"1,108,35"	9247	500	3	50	"1,108,65"	9247	500	3	70	"1,108,100"	9247
90083	9248	500	3	30	"1,108,35"	9248	500	3	50	"1,108,65"	9248	500	3	70	"1,108,100"	9248
90083	9249	500	3	30	"1,108,35"	9249	500	3	50	"1,108,65"	9249	500	3	70	"1,108,100"	9249
90084	9250	500	3	30	"1,108,35"	9250	500	3	50	"1,108,65"	9250	500	3	70	"1,108,100"	9250
90084	9251	500	3	30	"1,108,35"	9251	500	3	50	"1,108,65"	9251	500	3	70	"1,108,100"	9251
90084	9252	500	3	30	"1,108,35"	9252	500	3	50	"1,108,65"	9252	500	3	70	"1,108,100"	9252
90085	9253	500	3	30	"1,108,35"	9253	500	3	50	"1,108,65"	9253	500	3	70	"1,108,100"	9253
90085	9254	500	3	30	"1,108,35"	9254	500	3	50	"1,108,65"	9254	500	3	70	"1,108,100"	9254
90085	9255	500	3	30	"1,108,35"	9255	500	3	50	"1,108,65"	9255	500	3	70	"1,108,100"	9255
90086	9256	500	3	30	"1,108,35"	9256	500	3	50	"1,108,65"	9256	500	3	70	"1,108,100"	9256
90086	9257	500	3	30	"1,108,35"	9257	500	3	50	"1,108,65"	9257	500	3	70	"1,108,100"	9257
90086	9258	500	3	30	"1,108,35"	9258	500	3	50	"1,108,65"	9258	500	3	70	"1,108,100"	9258
90087	9259	500	3	30	"1,108,35"	9259	500	3	50	"1,108,65"	9259	500	3	70	"1,108,100"	9259
90087	9260	500	3	30	"1,108,35"	9260	500	3	50	"1,108,65"	9260	500	3	70	"1,108,100"	9260
90087	9261	500	3	30	"1,108,35"	9261	500	3	50	"1,108,65"	9261	500	3	70	"1,108,100"	9261
90088	9262	500	3	30	"1,108,35"	9262	500	3	50	"1,108,65"	9262	500	3	70	"1,108,100"	9262
90088	9263	500	3	30	"1,108,35"	9263	500	3	50	"1,108,65"	9263	500	3	70	"1,108,100"	9263
90088	9264	500	3	30	"1,108,35"	9264	500	3	50	"1,108,65"	9264	500	3	70	"1,108,100"	9264
90089	9265	500	3	30	"1,108,35"	9265	500	3	50	"1,108,65"	9265	500	3	70	"1,108,100"	9265
90089	9266	500	3	30	"1,108,35"	9266	500	3	50	"1,108,65"	9266	500	3	70	"1,108,100"	9266
90089	9267	500	3	30	"1,108,35"	9267	500	3	50	"1,108,65"	9267	500	3	70	"1,108,100"	9267
90090	9268	500	3	30	"1,108,35"	9268	500	3	50	"1,108,65"	9268	500	3	70	"1,108,100"	9268
90090	9269	500	3	30	"1,108,35"	9269	500	3	50	"1,108,65"	9269	500	3	70	"1,108,100"	9269
90090	9270	500	3	30	"1,108,35"	9270	500	3	50	"1,108,65"	9270	500	3	70	"1,108,100"	9270
90091	9271	500	3	30	"1,108,35"	9271	500	3	50	"1,108,65"	9271	500	3	70	"1,108,100"	9271
90091	9272	500	3	30	"1,108,35"	9272	500	3	50	"1,108,65"	9272	500	3	70	"1,108,100"	9272
90091	9273	500	3	30	"1,108,35"	9273	500	3	50	"1,108,65"	9273	500	3	70	"1,108,100"	9273
90092	9274	500	3	30	"1,108,35"	9274	500	3	50	"1,108,65"	9274	500	3	70	"1,108,100"	9274
90092	9275	500	3	30	"1,108,35"	9275	500	3	50	"1,108,65"	9275	500	3	70	"1,108,100"	9275
90092	9276	500	3	30	"1,108,35"	9276	500	3	50	"1,108,65"	9276	500	3	70	"1,108,100"	9276
90093	9277	500	3	30	"1,108,35"	9277	500	3	50	"1,108,65"	9277	500	3	70	"1,108,100"	9277
90093	9278	500	3	30	"1,108,35"	9278	500	3	50	"1,108,65"	9278	500	3	70	"1,108,100"	9278
90093	9279	500	3	30	"1,108,35"	9279	500	3	50	"1,108,65"	9279	500	3	70	"1,108,100"	9279
90094	9280	500	3	30	"1,108,35"	9280	500	3	50	"1,108,65"	9280	500	3	70	"1,108,100"	9280
90094	9281	500	3	30	"1,108,35"	9281	500	3	50	"1,108,65"	9281	500	3	70	"1,108,100"	9281
90094	9282	500	3	30	"1,108,35"	9282	500	3	50	"1,108,65"	9282	500	3	70	"1,108,100"	9282
90095	9283	500	3	30	"1,108,35"	9283	500	3	50	"1,108,65"	9283	500	3	70	"1,108,100"	9283
90095	9284	500	3	30	"1,108,35"	9284	500	3	50	"1,108,65"	9284	500	3	70	"1,108,100"	9284
90095	9285	500	3	30	"1,108,35"	9285	500	3	50	"1,108,65"	9285	500	3	70	"1,108,100"	9285
90096	9286	500	3	30	"1,108,35"	9286	500	3	50	"1,108,65"	9286	500	3	70	"1,108,100"	9286
90096	9287	500	3	30	"1,108,35"	9287	500	3	50	"1,108,65"	9287	500	3	70	"1,108,100"	9287
90096	9288	500	3	30	"1,108,35"	9288	500	3	50	"1,108,65"	9288	500	3	70	"1,108,100"	9288
90097	9289	500	3	30	"1,108,35"	9289	500	3	50	"1,108,65"	9289	500	3	70	"1,108,100"	9289
90097	9290	500	3	30	"1,108,35"	9290	500	3	50	"1,108,65"	9290	500	3	70	"1,108,100"	9290
90097	9291	500	3	30	"1,108,35"	9291	500	3	50	"1,108,65"	9291	500	3	70	"1,108,100"	9291
90098	9292	500	3	30	"1,108,35"	9292	500	3	50	"1,108,65"	9292	500	3	70	"1,108,100"	9292
90098	9293	500	3	30	"1,108,35"	9293	500	3	50	"1,108,65"	9293	500	3	70	"1,108,100"	9293
90098	9294	500	3	30	"1,108,35"	9294	500	3	50	"1,108,65"	9294	500	3	70	"1,108,100"	9294
90099	9295	500	3	30	"1,108,35"	9295	500	3	50	"1,108,65"	9295	500	3	70	"1,108,100"	9295
90099	9296	500	3	30	"1,108,35"	9296	500	3	50	"1,108,65"	9296	500	3	70	"1,108,100"	9296
90099	9297	500	3	30	"1,108,35"	9297	500	3	50	"1,108,65"	9297	500	3	70	"1,108,100"	9297
90100	9298	500	3	30	"1,108,35"	9298	500	3	50	"1,108,65"	9298	500	3	70	"1,108,100"	9298
90100	9299	500	3	30	"1,108,35"	9299	500	3	50	"1,108,65"	9299	500	3	70	"1,108,100"	9299
90100	9300	500	3	30	"1,108,35"	9300	500	3	50	"1,108,65"	9300	500	3	70	"1,108,100"	9300
