buff类型id	负面效果抗性天赋判定	眩晕、沉默等状态判定	中毒、流血状态判定
INT	INT	INT	INT
id	debuff_def_tab	vertigo_class_debuff	bleed_debuff
1	0	0	0
2	0	0	0
3	0	0	0
4	1	0	0
5	1	0	0
6	1	0	0
7	0	0	0
8	0	0	0
9	0	1	0
10	0	0	0
11	1	0	0
12	0	0	0
13	1	0	0
14	0	0	0
15	0	0	0
16	0	0	0
17	0	0	0
18	0	0	0
19	0	1	0
20	0	0	0
21	0	0	0
22	1	0	0
23	0	0	0
24	0	0	0
25	0	1	0
26	1	0	0
27	0	0	0
28	0	0	0
29	0	0	0
30	0	0	0
500	0	0	0
501	1	0	0
502	0	0	0
503	0	0	0
504	0	0	0
505	0	0	0
506	0	0	0
507	0	0	0
511	0	0	0
512	1	0	0
513	1	0	0
514	1	0	0
515	0	1	0
516	1	0	0
517	0	0	0
520	1	0	0
521	0	0	0
522	0	0	0
523	0	0	0
524	0	0	0
525	0	0	0
526	0	0	0
527	0	1	0
528	0	1	0
550	1	0	0
560	0	1	0
561	0	0	0
562	0	0	0
563	0	0	0
564	0	0	0
565	0	0	0
566	1	0	0
567	0	0	0
568	0	0	0
569	0	0	0
570	1	0	1
