BUFFID	BUFF名	BUFF类型	是否持续	是否被打断	持续回合	效果值	"0数值1是百分比2是攻击的百分比3是最大血量百分比4是被动技能有成长的数值,6是攻击者的攻击力的百分比"	动作ID	破冰ID	切换动作类型	idle动画ID	走路ID	walkReady动画ID	walkOver动画ID	攻击ID	死亡ID	受伤ID	切换动作结束动画id		BUFFER动作ID2	BUFFER动作ID3	BUFFER受击次数	复用数据（不同buffer含义不同）	作用目标类型（0所有，1非机械2机械）
INT	STRING	INT	INT	INT	INT	INT	INT	INT	INT	INT	INT	INT	INT	INT	INT	INT	INT	INT	STRING	INT	INT	INT	STRING	INT
id	name	type	continued	stopbyattack	rounder	value	unit	action_id	action_disappear_id	changeActionType	idle_Action_id	walk_Action_id	walkReady_Action_id	walkOverAction_id	attack_Action_id	die_Action_id	hurt_Action_id	change_endAction_id	desc	buffer_action_id2	buffer_action_id3	buffer_damage_count	buffer_value	targetType
110125	冰冻	9	0	1	1	0	1	104302	104303	-1	-1	-1	-1	-1	-1	-1	-1	-1		-1	-1	-1		0
110001	加攻	2	0	0	3	20	1	103701	-1	-1	-1	-1	-1	-1	-1	-1	-1	-1		-1	-1	-1		0
110013	加攻	2	0	0	3	20	1	103701	-1	-1	-1	-1	-1	-1	-1	-1	-1	-1		-1	-1	-1		0
110021	混乱	0	0	0	3	0	1	-1	-1	-1	-1	-1	-1	-1	-1	-1	-1	-1		-1	-1	-1		0
110025	加攻	2	0	0	3	20	1	103701	-1	-1	-1	-1	-1	-1	-1	-1	-1	-1		-1	-1	-1		0
110033	减命	11	0	0	2	30	1	104401	-1	-1	-1	-1	-1	-1	-1	-1	-1	-1		-1	-1	-1		0
110037	加血	1	1	0	3	5	1	104901	-1	-1	-1	-1	-1	-1	-1	-1	-1	-1		-1	-1	-1		0
110053	混乱	0	0	0	1	0	1	-1	-1	-1	-1	-1	-1	-1	-1	-1	-1	-1		-1	-1	-1		0
110057	减伤	14	0	0	3	50	1	-1	-1	-1	-1	-1	-1	-1	-1	-1	-1	-1		-1	-1	-1		0
110065	加攻	2	0	0	3	20	1	103701	-1	-1	-1	-1	-1	-1	-1	-1	-1	-1		-1	-1	-1		0
110093	加血	1	1	0	3	5	1	104901	-1	-1	-1	-1	-1	-1	-1	-1	-1	-1		-1	-1	-1		0
110105	黏住	19	0	0	2	0	1	-1	-1	-1	-1	-1	-1	-1	-1	-1	-1	-1		-1	-1	-1		0
110137	治疗	1	1	0	2	100	0	104901	-1	-1	-1	-1	-1	-1	-1	-1	-1	-1		-1	-1	-1		0
110161	沉默	0	0	0	2	0	1	-1	-1	-1	-1	-1	-1	-1	-1	-1	-1	-1		-1	-1	-1		0
110169	减命	11	0	0	2	30	1	104401	-1	-1	-1	-1	-1	-1	-1	-1	-1	-1		-1	-1	-1		0
110189	减伤	14	0	0	3	50	1	-1	-1	-1	-1	-1	-1	-1	-1	-1	-1	-1		-1	-1	-1		0
110193	减防	6	0	0	2	30	1	103901	-1	-1	-1	-1	-1	-1	-1	-1	-1	-1		-1	-1	-1		0
110201	减伤	14	0	0	3	50	1	-1	-1	-1	-1	-1	-1	-1	-1	-1	-1	-1		-1	-1	-1		0
110205	减伤	14	0	0	3	50	1	-1	-1	-1	-1	-1	-1	-1	-1	-1	-1	-1		-1	-1	-1		0
110209	减伤	2	0	0	3	30	1	-1	-1	2	15425	15420	-1	-1	15419	-1	-1	-1		-1	-1	-1		0
110213	减伤	14	0	0	3	50	1	-1	-1	-1	-1	-1	-1	-1	-1	-1	-1	-1		-1	-1	-1		0
110221	加血	1	1	0	3	5	1	104901	-1	-1	-1	-1	-1	-1	-1	-1	-1	-1		-1	-1	-1		0
110261	吸血	0	0	0	2	30	1	-1	-1	-1	-1	-1	-1	-1	-1	-1	-1	-1		-1	-1	-1		0
110273	减防	6	0	0	3	10	1	103901	-1	-1	-1	-1	-1	-1	-1	-1	-1	-1		-1	-1	-1		0
110277	治疗	1	1	0	2	100	0	104901	-1	-1	-1	-1	-1	-1	-1	-1	-1	-1		-1	-1	-1		0
110281	加攻	2	0	0	3	20	1	103701	-1	-1	-1	-1	-1	-1	-1	-1	-1	-1		-1	-1	-1		0
110285	冰冻	9	0	1	1	0	1	104302	104303	-1	-1	-1	-1	-1	-1	-1	-1	-1		-1	-1	-1		0
110301	减攻	5	0	0	2	20	1	103601	-1	-1	-1	-1	-1	-1	-1	-1	-1	-1		-1	-1	-1		0
110305	治疗	1	1	0	2	100	0	104901	-1	-1	-1	-1	-1	-1	-1	-1	-1	-1		-1	-1	-1		0
110309	伤害	4	1	0	2	110	0	103801	-1	-1	-1	-1	-1	-1	-1	-1	-1	-1		-1	-1	-1		0
110313	分担伤害	16	0	0	2	35	1	100301	-1	-1	-1	-1	-1	-1	-1	-1	-1	-1		-1	-1	-1		0
110317	加防	3	0	0	3	20	1	100301	-1	-1	-1	-1	-1	-1	-1	-1	-1	-1		-1	-1	-1		0
110325	减伤	14	0	0	3	50	1	-1	-1	-1	-1	-1	-1	-1	-1	-1	-1	-1		-1	-1	-1		0
110337	减防	6	0	0	2	30	1	103901	-1	-1	-1	-1	-1	-1	-1	-1	-1	-1		-1	-1	-1		0
110341	加防	3	0	0	3	20	1	100301	-1	-1	-1	-1	-1	-1	-1	-1	-1	-1		-1	-1	-1		0
110345	减攻	5	0	0	2	20	1	103601	-1	-1	-1	-1	-1	-1	-1	-1	-1	-1		-1	-1	-1		0
110349	加攻	2	0	0	3	20	1	103701	-1	-1	-1	-1	-1	-1	-1	-1	-1	-1		-1	-1	-1		0
110373	治疗	1	1	0	2	100	0	104901	-1	-1	-1	-1	-1	-1	-1	-1	-1	-1		-1	-1	-1		0
110377	加攻	2	0	0	3	20	1	103701	-1	-1	-1	-1	-1	-1	-1	-1	-1	-1		-1	-1	-1		0
120001	加攻	2	0	0	3	30	1	103701	-1	-1	-1	-1	-1	-1	-1	-1	-1	-1		-1	-1	-1		0
120013	加攻	2	0	0	3	30	1	103701	-1	-1	-1	-1	-1	-1	-1	-1	-1	-1		-1	-1	-1		0
120021	混乱	0	0	0	3	0	1	-1	-1	-1	-1	-1	-1	-1	-1	-1	-1	-1		-1	-1	-1		0
120025	加攻	2	0	0	3	30	1	103701	-1	-1	-1	-1	-1	-1	-1	-1	-1	-1		-1	-1	-1		0
120033	减命	11	0	0	2	40	1	104401	-1	-1	-1	-1	-1	-1	-1	-1	-1	-1		-1	-1	-1		0
120037	加血	1	1	0	3	6	1	104901	-1	-1	-1	-1	-1	-1	-1	-1	-1	-1		-1	-1	-1		0
120053	混乱	0	0	0	1	0	1	-1	-1	-1	-1	-1	-1	-1	-1	-1	-1	-1		-1	-1	-1		0
120057	减伤	14	0	0	3	60	1	-1	-1	-1	-1	-1	-1	-1	-1	-1	-1	-1		-1	-1	-1		0
120065	加攻	2	0	0	3	30	1	103701	-1	-1	-1	-1	-1	-1	-1	-1	-1	-1		-1	-1	-1		0
120093	加血	1	1	0	3	6	1	104901	-1	-1	-1	-1	-1	-1	-1	-1	-1	-1		-1	-1	-1		0
120105	黏住	19	0	0	1	0	1	-1	-1	-1	-1	-1	-1	-1	-1	-1	-1	-1		-1	-1	-1		0
120125	冰冻	9	0	1	1	0	1	104302	104303	-1	-1	-1	-1	-1	-1	-1	-1	-1		-1	-1	-1		0
120137	治疗	1	1	0	2	150	0	104901	-1	-1	-1	-1	-1	-1	-1	-1	-1	-1		-1	-1	-1		0
120161	沉默	0	0	0	2	0	1	-1	-1	-1	-1	-1	-1	-1	-1	-1	-1	-1		-1	-1	-1		0
120169	减命	11	0	0	2	40	1	104401	-1	-1	-1	-1	-1	-1	-1	-1	-1	-1		-1	-1	-1		0
120189	减伤	14	0	0	3	60	1	-1	-1	-1	-1	-1	-1	-1	-1	-1	-1	-1		-1	-1	-1		0
120193	减防	6	0	0	2	40	1	103901	-1	-1	-1	-1	-1	-1	-1	-1	-1	-1		-1	-1	-1		0
120201	减伤	14	0	0	3	60	1	-1	-1	-1	-1	-1	-1	-1	-1	-1	-1	-1		-1	-1	-1		0
120205	减伤	14	0	0	3	60	1	-1	-1	-1	-1	-1	-1	-1	-1	-1	-1	-1		-1	-1	-1		0
120209	减伤	14	0	0	3	60	1	-1	-1	-1	-1	-1	-1	-1	-1	-1	-1	-1		-1	-1	-1		0
120213	减伤	14	0	0	3	60	1	-1	-1	-1	-1	-1	-1	-1	-1	-1	-1	-1		-1	-1	-1		0
120221	加血	1	1	0	3	6	1	104901	-1	-1	-1	-1	-1	-1	-1	-1	-1	-1		-1	-1	-1		0
120261	吸血	0	0	0	2	40	1	-1	-1	-1	-1	-1	-1	-1	-1	-1	-1	-1		-1	-1	-1		0
120273	减防	6	0	0	3	40	1	103901	-1	-1	-1	-1	-1	-1	-1	-1	-1	-1		-1	-1	-1		0
120277	治疗	1	1	0	2	150	0	104901	-1	-1	-1	-1	-1	-1	-1	-1	-1	-1		-1	-1	-1		0
120281	加攻	2	0	0	3	30	1	103701	-1	-1	-1	-1	-1	-1	-1	-1	-1	-1		-1	-1	-1		0
120285	冰冻	9	0	1	1	0	1	104302	104303	-1	-1	-1	-1	-1	-1	-1	-1	-1		-1	-1	-1		0
120301	减攻	5	0	0	2	30	1	103601	-1	-1	-1	-1	-1	-1	-1	-1	-1	-1		-1	-1	-1		0
120305	治疗	1	1	0	2	150	0	104901	-1	-1	-1	-1	-1	-1	-1	-1	-1	-1		-1	-1	-1		0
120309	伤害	4	1	0	2	120	1	103801	-1	-1	-1	-1	-1	-1	-1	-1	-1	-1		-1	-1	-1		0
120313	分担伤害	16	0	0	2	30	1	100301	-1	-1	-1	-1	-1	-1	-1	-1	-1	-1		-1	-1	-1		0
120317	加防	3	0	0	3	30	1	100301	-1	-1	-1	-1	-1	-1	-1	-1	-1	-1		-1	-1	-1		0
120325	减伤	14	0	0	3	60	1	-1	-1	-1	-1	-1	-1	-1	-1	-1	-1	-1		-1	-1	-1		0
120337	减防	6	0	0	2	40	1	103901	-1	-1	-1	-1	-1	-1	-1	-1	-1	-1		-1	-1	-1		0
120341	加防	3	0	0	3	30	1	100301	-1	-1	-1	-1	-1	-1	-1	-1	-1	-1		-1	-1	-1		0
120345	减攻	5	0	0	2	30	1	103601	-1	-1	-1	-1	-1	-1	-1	-1	-1	-1		-1	-1	-1		0
120349	加攻	2	0	0	3	30	1	103701	-1	-1	-1	-1	-1	-1	-1	-1	-1	-1		-1	-1	-1		0
120373	治疗	1	1	0	2	150	0	104901	-1	-1	-1	-1	-1	-1	-1	-1	-1	-1		-1	-1	-1		0
120377	加攻	2	0	0	3	30	1	103701	-1	-1	-1	-1	-1	-1	-1	-1	-1	-1		-1	-1	-1		0
130001	加攻	2	0	0	3	40	1	103701	-1	-1	-1	-1	-1	-1	-1	-1	-1	-1		-1	-1	-1		0
130013	加攻	2	0	0	3	40	1	103701	-1	-1	-1	-1	-1	-1	-1	-1	-1	-1		-1	-1	-1		0
130021	混乱	0	0	0	3	0	1	-1	-1	-1	-1	-1	-1	-1	-1	-1	-1	-1		-1	-1	-1		0
130025	加攻	2	0	0	3	40	1	103701	-1	-1	-1	-1	-1	-1	-1	-1	-1	-1		-1	-1	-1		0
130033	减命	11	0	0	2	50	1	104401	-1	-1	-1	-1	-1	-1	-1	-1	-1	-1		-1	-1	-1		0
130037	加血	1	1	0	3	7	1	104901	-1	-1	-1	-1	-1	-1	-1	-1	-1	-1		-1	-1	-1		0
130053	混乱	0	0	0	1	0	1	-1	-1	-1	-1	-1	-1	-1	-1	-1	-1	-1		-1	-1	-1		0
130057	减伤	14	0	0	3	70	1	-1	-1	-1	-1	-1	-1	-1	-1	-1	-1	-1		-1	-1	-1		0
130065	加攻	2	0	0	3	40	1	103701	-1	-1	-1	-1	-1	-1	-1	-1	-1	-1		-1	-1	-1		0
130093	加血	1	1	0	3	7	1	104901	-1	-1	-1	-1	-1	-1	-1	-1	-1	-1		-1	-1	-1		0
130105	黏住	19	0	0	1	0	1	-1	-1	-1	-1	-1	-1	-1	-1	-1	-1	-1		-1	-1	-1		0
130125	冰冻	9	0	1	1	0	1	104302	104303	-1	-1	-1	-1	-1	-1	-1	-1	-1		-1	-1	-1		0
130137	治疗	1	1	0	2	200	0	104901	-1	-1	-1	-1	-1	-1	-1	-1	-1	-1		-1	-1	-1		0
130161	沉默	0	0	0	2	0	1	-1	-1	-1	-1	-1	-1	-1	-1	-1	-1	-1		-1	-1	-1		0
130169	减命	11	0	0	2	50	1	104401	-1	-1	-1	-1	-1	-1	-1	-1	-1	-1		-1	-1	-1		0
130189	减伤	14	0	0	3	70	1	-1	-1	-1	-1	-1	-1	-1	-1	-1	-1	-1		-1	-1	-1		0
130193	减防	6	0	0	2	50	1	103901	-1	-1	-1	-1	-1	-1	-1	-1	-1	-1		-1	-1	-1		0
130201	减伤	14	0	0	3	70	1	-1	-1	-1	-1	-1	-1	-1	-1	-1	-1	-1		-1	-1	-1		0
130205	减伤	14	0	0	3	70	1	-1	-1	-1	-1	-1	-1	-1	-1	-1	-1	-1		-1	-1	-1		0
130209	减伤	14	0	0	3	70	1	-1	-1	-1	-1	-1	-1	-1	-1	-1	-1	-1		-1	-1	-1		0
130213	减伤	14	0	0	3	70	1	-1	-1	-1	-1	-1	-1	-1	-1	-1	-1	-1		-1	-1	-1		0
130221	加血	1	1	0	3	7	1	104901	-1	-1	-1	-1	-1	-1	-1	-1	-1	-1		-1	-1	-1		0
130261	吸血	0	0	0	2	50	1	-1	-1	-1	-1	-1	-1	-1	-1	-1	-1	-1		-1	-1	-1		0
130273	减防	6	0	0	3	50	1	103901	-1	-1	-1	-1	-1	-1	-1	-1	-1	-1		-1	-1	-1		0
130277	治疗	1	1	0	2	200	0	104901	-1	-1	-1	-1	-1	-1	-1	-1	-1	-1		-1	-1	-1		0
130281	加攻	2	0	0	3	40	1	103701	-1	-1	-1	-1	-1	-1	-1	-1	-1	-1		-1	-1	-1		0
130285	冰冻	9	0	1	1	0	1	104302	104303	-1	-1	-1	-1	-1	-1	-1	-1	-1		-1	-1	-1		0
130301	减攻	5	0	0	2	40	1	103601	-1	-1	-1	-1	-1	-1	-1	-1	-1	-1		-1	-1	-1		0
130305	治疗	1	1	0	2	200	0	104901	-1	-1	-1	-1	-1	-1	-1	-1	-1	-1		-1	-1	-1		0
130309	伤害	4	1	0	2	160	1	103801	-1	-1	-1	-1	-1	-1	-1	-1	-1	-1		-1	-1	-1		0
130313	分担伤害	16	0	0	2	25	1	100301	-1	-1	-1	-1	-1	-1	-1	-1	-1	-1		-1	-1	-1		0
130317	加防	3	0	0	3	40	1	100301	-1	-1	-1	-1	-1	-1	-1	-1	-1	-1		-1	-1	-1		0
130325	减伤	14	0	0	3	70	1	-1	-1	-1	-1	-1	-1	-1	-1	-1	-1	-1		-1	-1	-1		0
130337	减防	6	0	0	2	50	1	103901	-1	-1	-1	-1	-1	-1	-1	-1	-1	-1		-1	-1	-1		0
130341	加防	3	0	0	3	40	1	100301	-1	-1	-1	-1	-1	-1	-1	-1	-1	-1		-1	-1	-1		0
130345	减攻	5	0	0	2	40	1	103601	-1	-1	-1	-1	-1	-1	-1	-1	-1	-1		-1	-1	-1		0
130349	加攻	2	0	0	3	40	1	103701	-1	-1	-1	-1	-1	-1	-1	-1	-1	-1		-1	-1	-1		0
130373	治疗	1	1	0	2	200	0	104901	-1	-1	-1	-1	-1	-1	-1	-1	-1	-1		-1	-1	-1		0
130377	加攻	2	0	0	3	40	1	103701	-1	-1	-1	-1	-1	-1	-1	-1	-1	-1		-1	-1	-1		0
140001	加攻	2	0	0	3	50	1	103701	-1	-1	-1	-1	-1	-1	-1	-1	-1	-1		-1	-1	-1		0
140013	加攻	2	0	0	3	50	1	103701	-1	-1	-1	-1	-1	-1	-1	-1	-1	-1		-1	-1	-1		0
140021	混乱	0	0	0	3	0	1	-1	-1	-1	-1	-1	-1	-1	-1	-1	-1	-1		-1	-1	-1		0
140025	加攻	2	0	0	3	50	1	103701	-1	-1	-1	-1	-1	-1	-1	-1	-1	-1		-1	-1	-1		0
140033	减命	11	0	0	2	40	1	104401	-1	-1	-1	-1	-1	-1	-1	-1	-1	-1		-1	-1	-1		0
140037	加血	1	1	0	3	8	1	104901	-1	-1	-1	-1	-1	-1	-1	-1	-1	-1		-1	-1	-1		0
140053	混乱	0	0	0	1	0	1	-1	-1	-1	-1	-1	-1	-1	-1	-1	-1	-1		-1	-1	-1		0
140057	减伤	14	0	0	3	80	1	-1	-1	-1	-1	-1	-1	-1	-1	-1	-1	-1		-1	-1	-1		0
140065	加攻	2	0	0	3	50	1	103701	-1	-1	-1	-1	-1	-1	-1	-1	-1	-1		-1	-1	-1		0
140093	加血	1	1	0	3	8	1	104901	-1	-1	-1	-1	-1	-1	-1	-1	-1	-1		-1	-1	-1		0
140105	黏住	19	0	0	1	0	1	-1	-1	-1	-1	-1	-1	-1	-1	-1	-1	-1		-1	-1	-1		0
140125	冰冻	9	0	1	1	0	1	104302	104303	-1	-1	-1	-1	-1	-1	-1	-1	-1		-1	-1	-1		0
140137	治疗	1	1	0	2	250	0	104901	-1	-1	-1	-1	-1	-1	-1	-1	-1	-1		-1	-1	-1		0
140161	沉默	0	0	0	2	0	1	-1	-1	-1	-1	-1	-1	-1	-1	-1	-1	-1		-1	-1	-1		0
140169	减命	11	0	0	2	40	1	104401	-1	-1	-1	-1	-1	-1	-1	-1	-1	-1		-1	-1	-1		0
140189	减伤	14	0	0	3	80	1	-1	-1	-1	-1	-1	-1	-1	-1	-1	-1	-1		-1	-1	-1		0
140193	减防	6	0	0	2	60	1	103901	-1	-1	-1	-1	-1	-1	-1	-1	-1	-1		-1	-1	-1		0
140201	减伤	14	0	0	3	80	1	-1	-1	-1	-1	-1	-1	-1	-1	-1	-1	-1		-1	-1	-1		0
140205	减伤	14	0	0	3	80	1	-1	-1	-1	-1	-1	-1	-1	-1	-1	-1	-1		-1	-1	-1		0
140209	减伤	14	0	0	3	80	1	-1	-1	-1	-1	-1	-1	-1	-1	-1	-1	-1		-1	-1	-1		0
140213	减伤	14	0	0	3	80	1	-1	-1	-1	-1	-1	-1	-1	-1	-1	-1	-1		-1	-1	-1		0
140221	加血	1	1	0	3	8	1	104901	-1	-1	-1	-1	-1	-1	-1	-1	-1	-1		-1	-1	-1		0
140261	吸血	0	0	0	2	60	1	-1	-1	-1	-1	-1	-1	-1	-1	-1	-1	-1		-1	-1	-1		0
140273	减防	6	0	0	3	60	1	103901	-1	-1	-1	-1	-1	-1	-1	-1	-1	-1		-1	-1	-1		0
140277	治疗	1	1	0	2	250	0	104901	-1	-1	-1	-1	-1	-1	-1	-1	-1	-1		-1	-1	-1		0
140281	加攻	2	0	0	3	50	1	103701	-1	-1	-1	-1	-1	-1	-1	-1	-1	-1		-1	-1	-1		0
140285	冰冻	9	0	1	1	0	1	104302	104303	-1	-1	-1	-1	-1	-1	-1	-1	-1		-1	-1	-1		0
140301	减攻	5	0	0	2	50	1	103601	-1	-1	-1	-1	-1	-1	-1	-1	-1	-1		-1	-1	-1		0
140305	治疗	1	1	0	2	250	0	104901	-1	-1	-1	-1	-1	-1	-1	-1	-1	-1		-1	-1	-1		0
140309	伤害	4	1	0	2	200	1	103801	-1	-1	-1	-1	-1	-1	-1	-1	-1	-1		-1	-1	-1		0
140313	分担伤害	16	0	0	2	20	1	100301	-1	-1	-1	-1	-1	-1	-1	-1	-1	-1		-1	-1	-1		0
140317	加防	3	0	0	3	50	1	100301	-1	-1	-1	-1	-1	-1	-1	-1	-1	-1		-1	-1	-1		0
140325	减伤	14	0	0	3	80	1	-1	-1	-1	-1	-1	-1	-1	-1	-1	-1	-1		-1	-1	-1		0
140337	减防	6	0	0	2	60	1	103901	-1	-1	-1	-1	-1	-1	-1	-1	-1	-1		-1	-1	-1		0
140341	加防	3	0	0	3	50	1	100301	-1	-1	-1	-1	-1	-1	-1	-1	-1	-1		-1	-1	-1		0
140345	减攻	5	0	0	2	50	1	103601	-1	-1	-1	-1	-1	-1	-1	-1	-1	-1		-1	-1	-1		0
140349	加攻	2	0	0	3	50	1	103701	-1	-1	-1	-1	-1	-1	-1	-1	-1	-1		-1	-1	-1		0
140373	治疗	1	1	0	2	250	0	104901	-1	-1	-1	-1	-1	-1	-1	-1	-1	-1		-1	-1	-1		0
140377	加攻	2	0	0	3	50	1	103701	-1	-1	-1	-1	-1	-1	-1	-1	-1	-1		-1	-1	-1		0
300342	加防	3	0	0	2	30	1	100301	-1	-1	-1	-1	-1	-1	-1	-1	-1	-1		-1	-1	-1		0
300343	加防	3	0	0	2	20	1	100301	-1	-1	-1	-1	-1	-1	-1	-1	-1	-1		-1	-1	-1		0
300346	减攻	5	0	0	2	30	1	103601	-1	-1	-1	-1	-1	-1	-1	-1	-1	-1		-1	-1	-1		0
300378	加攻	2	0	0	2	20	1	103701	-1	-1	-1	-1	-1	-1	-1	-1	-1	-1		-1	-1	-1		0
400157	冰冻	9	0	1	1	0	1	104302	104303	-1	-1	-1	-1	-1	-1	-1	-1	-1		-1	-1	-1		0
400258	坚果护盾	24	1	0	3	560	0	-1	-1	-1	-1	-1	-1	-1	-1	-1	-1	-1		-1	-1	-1		0
400259	高坚果护盾	24	1	0	3	560	0	-1	-1	-1	-1	-1	-1	-1	-1	-1	-1	-1		-1	-1	-1		0
400260	全息护盾	24	1	0	3	560	0	135706	-1	-1	-1	-1	-1	-1	-1	-1	135707	-1		-1	-1	-1		0
400261	掉血	4	1	0	3	15	1	103801	-1	-1	-1	-1	-1	-1	-1	-1	-1	-1		-1	-1	-1		0
400262	开心果攻击力加血	1	1	0	3	50	2	104901	-1	-1	-1	-1	-1	-1	-1	-1	-1	-1		-1	-1	-1		0
400263	小萝卜回血	1	1	0	2	20	2	131006	-1	-1	-1	-1	-1	-1	-1	-1	-1	-1		-1	-1	-1		0
400264	老树桩护盾	20	1	0	3	370	0	138805	-1	-1	-1	-1	-1	-1	-1	-1	-1	-1		138806	138807	3		0
400265	火炬护盾	20	1	0	3	370	0	138705	-1	-1	-1	-1	-1	-1	-1	-1	-1	-1		138706	138707	3		0
400266	鬼火护盾	20	1	0	3	370	0	138605	-1	-1	-1	-1	-1	-1	-1	-1	-1	-1		138606	138607	3		0
400267	磁力菇护盾	21	0	0	2	50	1	139506	-1	-1	-1	-1	-1	-1	139505	-1	-1	-1		-1	-1	-1	1278	0
400268	电磁菇护盾	21	0	0	2	50	1	139606	-1	-1	-1	-1	-1	-1	139605	-1	-1	-1		-1	-1	-1	1278	0
400269	万磁菇护盾	21	0	0	2	50	1	139706	-1	-1	-1	-1	-1	-1	139705	-1	-1	-1		-1	-1	-1	1278	0
400270	坚果全体护盾	24	1	0	3	560	0	740125	-1	-1	-1	-1	-1	-1	-1	-1	-1	-1	740126	-1	-1	-1		0
400271	地刺护盾	23	1	0	3	300	0	9455	-1	-1	-1	-1	-1	-1	-1	-1	-1	-1		2137	2138	2139		0
400272	钢地刺护盾	23	1	0	3	300	0	4755	-1	-1	-1	-1	-1	-1	-1	-1	-1	-1		2140	2141	2142		0
400273	水晶地刺护盾	23	1	0	3	300	0	500155	-1	-1	-1	-1	-1	-1	-1	-1	-1	-1		2143	2144	2145		0
400274	梧桐树减速	22	1	0	2	100	0	740135	-1	-1	-1	-1	-1	-1	-1	-1	-1	-1		-1	-1	-1		0
400275	末日菇禁锢	528	1	0	2	0	0	740119	-1	-1	-1	-1	-1	-1	-1	-1	-1	-1		-1	-1	-1		0
400276	狐尾草系回怒气buff	505	0	0	1	100	0	-1	-1	-1	-1	-1	-1	-1	-1	-1	-1	-1		-1	-1	-1		0
400277	磁力菇减防	550	0	0	99	180	0	103901	-1	-1	-1	-1	-1	-1	-1	-1	-1	-1		-1	-1	-1		0
400278	飞盘眩晕	560	0	1	2	0	1	740139	740140	-1	-1	-1	-1	-1	-1	-1	-1	-1		-1	-1	-1		0
400279	椰子致盲	11	0	0	2	40	1	740158	-1	-1	-1	-1	-1	-1	-1	-1	-1	-1		-1	-1	-1		0
400280	小路灯花攻击加血	1	1	0	1	60	2	104901	-1	-1	-1	-1	-1	-1	-1	-1	-1	-1		-1	-1	-1		0
400281	路灯花被动加血	500	1	0	5	180	4	104901	-1	-1	-1	-1	-1	-1	-1	-1	-1	-1		-1	-1	-1		0
400282	灯塔花被动加暴击	507	0	0	5	180	4	100301	-1	-1	-1	-1	-1	-1	-1	-1	-1	-1		-1	-1	-1		0
400283	灯塔花大招减防御	550	0	0	3	270	0	103901	-1	-1	-1	-1	-1	-1	-1	-1	-1	-1		-1	-1	-1		0
400284	灯塔花大招减攻击	512	0	0	3	400	0	740164	-1	-1	-1	-1	-1	-1	-1	-1	-1	-1		-1	-1	-1		0
400285	灯塔花被动加防御	503	0	0	5	500	4	100301	-1	-1	-1	-1	-1	-1	-1	-1	-1	-1		-1	-1	-1		0
400286	灯塔花被动加攻击	502	0	0	5	300	4	103701	-1	-1	-1	-1	-1	-1	-1	-1	-1	-1		-1	-1	-1		0
10020318	精英美国路障技能buff	14	1	0	1	100	1	100301	-1	1	330010	-1	-1	-1	-1	-1	-1	330011		-1	-1	-1		0
10021001	探险僵尸持续掉血DEBUFF	4	1	0	1	100	2	915616	-1	-1	-1	-1	-1	-1	-1	-1	-1	-1		-1	-1	-1		0
10022001	长城皇帝僵尸技能buff	2	1	0	3	20	1	103701	-1	-1	-1	-1	-1	-1	-1	-1	-1	-1		-1	-1	-1		0
10023001	bossg功夫路障僵尸	14	1	0	1	100	1	100301	-1	1	924710	-1	-1	-1	-1	-1	-1	924711		-1	-1	-1		0
10024001	bossg功夫路障僵尸	14	1	0	1	100	1	100301	-1	1	916813	-1	-1	-1	-1	-1	-1	916814		-1	-1	-1		0
10025001	bossg木乃伊路障僵尸	14	1	0	1	100	1	100301	-1	1	915011	-1	-1	-1	-1	-1	-1	915012		-1	-1	-1		0
10026001	bossg海盗路障僵尸	14	1	0	1	100	1	100301	-1	1	916210	-1	-1	-1	-1	-1	-1	916211		-1	-1	-1		0
10027001	bossg长城路障僵尸	14	1	0	1	100	1	100301	-1	1	923608	-1	-1	-1	-1	-1	-1	923609		-1	-1	-1		0
10028001	水滴冰冻效果	9	0	1	1	0	1	104302	104303	-1	-1	-1	-1	-1	-1	-1	-1	-1		-1	-1	-1		0
10029001	黄梅大王	19	0	0	1	0	1	-1	-1	-1	-1	-1	-1	-1	-1	-1	-1	-1		-1	-1	-1		0
10030001	boss维京路障	14	1	0	1	100	1	100301	-1	1	9310007	-1	-1	-1	-1	-1	-1	9310008		-1	-1	-1		0
10030002	boss维京路障大格	14	1	0	1	100	1	100301	-1	1	63408	-1	-1	-1	-1	-1	-1	63409		-1	-1	-1		0
10031001	boss未来路障僵尸	14	1	0	1	100	1	100301	-1	1	930213	-1	-1	-1	-1	-1	-1	930214		-1	-1	-1		0
10032001	boss摇滚路障僵尸	14	1	0	1	100	1	100301	-1	1	177218	-1	-1	-1	-1	-1	-1	177219		-1	-1	-1		0
500000	蟠桃炸弹减攻	512	0	0	3	164	4	740164	-1	-1	-1	-1	-1	-1	-1	-1	-1	-1		-1	-1	-1		0
500001	鬼火加攻击	502	0	0	3	74	4	740166	-1	-1	-1	-1	-1	-1	-1	-1	-1	-1		-1	-1	-1		0
500002	樱桃炸弹辐射	513	0	0	3	74	4	740122	-1	-1	-1	-1	-1	-1	-1	-1	-1	-1		-1	-1	-1		0
500003	向日葵加攻击	502	0	0	2	107	4	740166	-1	-1	-1	-1	-1	-1	-1	-1	-1	-1		-1	-1	-1		0
500004	向日葵加防御	503	0	0	2	107	4	740172	-1	-1	-1	-1	-1	-1	-1	-1	-1	-1		-1	-1	-1		0
500005	西瓜减速	22	1	0	2	50	1	740135	-1	-1	-1	-1	-1	-1	-1	-1	-1	-1		-1	-1	-1		0
500006	小喷菇中毒	501	1	0	3	74	4	740185	-1	-1	-1	-1	-1	-1	-1	-1	-1	-1		-1	-1	-1		0
500007	末日菇加攻击	502	0	0	2	300	4	740182	-1	-1	-1	-1	-1	-1	-1	-1	-1	-1		-1	-1	-1		0
500008	麻痹	515	1	0	2	100	1	740187	-1	-1	-1	-1	-1	-1	-1	-1	-1	-1		-1	-1	-1		0
500009	灼烧龙蛇草	511	1	0	3	74	4	740146	-1	-1	-1	-1	-1	-1	-1	-1	-1	-1		-1	-1	-1		0
500010	减速火龙草	22	1	0	2	20	4	740135	-1	-1	-1	-1	-1	-1	-1	-1	-1	-1		-1	-1	-1		0
500011	钢地刺减防	516	0	0	2	150	4	740170	-1	-1	-1	-1	-1	-1	-1	-1	-1	-1		-1	-1	-1		0
500012	梧桐树加防御	503	0	0	5	100	4	740172	-1	-1	-1	-1	-1	-1	-1	-1	-1	-1		-1	-1	-1		0
500013	磁极转换	517	0	0	10	150	4	740166	-1	-1	-1	-1	-1	-1	-1	-1	-1	-1		-1	-1	-1		0
500014	电锯捕蝇草回血	500	1	0	2	240	4	104901	-1	-1	-1	-1	-1	-1	-1	-1	-1	-1		-1	-1	-1		0
500015	电锯捕蝇草回怒气	505	1	0	2	50	4	-1	-1	-1	-1	-1	-1	-1	-1	-1	-1	-1		-1	-1	-1		0
500100	蟠桃炸弹影响回血	520	0	0	3	50	1	-1	-1	-1	-1	-1	-1	-1	-1	-1	-1	-1		-1	-1	-1		0
500201	免疫冰冻效果	522	1	0	100	100	1	-1	-1	-1	-1	-1	-1	-1	-1	-1	-1	-1		-1	-1	-1		0
500202	降低Debuffer概率	521	1	0	100	10	1	103601	-1	-1	-1	-1	-1	-1	-1	-1	-1	-1		-1	-1	-1		0
500203	免疫灼烧效果	523	1	0	100	100	1	-1	-1	-1	-1	-1	-1	-1	-1	-1	-1	-1		-1	-1	-1		0
500204	流星锤鲁莽	524	1	0	100	100	1	-1	-1	-1	-1	-1	-1	-1	-1	-1	-1	-1		-1	-1	-1		0
500205	流星锤30%血免疫眩晕	526	1	0	100	100	1	-1	-1	-1	-1	-1	-1	-1	-1	-1	-1	-1		-1	-1	-1		0
500206	被磁力菇悬空	527	1	0	2	100	1	-1	-1	-1	-1	-1	-1	-1	-1	-1	-1	-1		-1	-1	-1		0
500500	加攻	2	0	0	100	30	1	103701	-1	-1	-1	-1	-1	-1	-1	-1	-1	-1		-1	-1	-1		0
500501	加攻	2	0	0	100	70	1	103701	-1	-1	-1	-1	-1	-1	-1	-1	-1	-1		-1	-1	-1		0
500502	加攻	2	0	0	100	100	1	103701	-1	-1	-1	-1	-1	-1	-1	-1	-1	-1		-1	-1	-1		0
500601	火种	562	1	0	100	300	5	-1	-1	-1	-1	-1	-1	-1	-1	-1	-1	-1		-1	-1	-1		0
500701	禁锢	563	1	0	2	0	0	177081	-1	-1	-1	-1	-1	-1	-1	-1	-1	-1		-1	-1	-1		0
500702	加攻	2	1	0	3	40	2	-1	-1	-1	-1	-1	-1	-1	-1	-1	-1	-1		-1	-1	-1		0
600000	被动回血	500	1	0	3	20	2	104901	-1	-1	-1	-1	-1	-1	-1	-1	-1	-1		-1	-1	-1		0
600001	被动流血	501	1	0	3	500	0	103801	-1	-1	-1	-1	-1	-1	-1	-1	-1	-1		-1	-1	-1		0
600002	被动加攻击	502	0	0	3	100	1	103701	-1	-1	-1	-1	-1	-1	-1	-1	-1	-1		-1	-1	-1		0
600003	被动加防御	503	0	0	2	20	1	100301	-1	-1	-1	-1	-1	-1	-1	-1	-1	-1		-1	-1	-1		0
600004	被动加速度	18	0	0	2	30	1	100301	-1	-1	-1	-1	-1	-1	-1	-1	-1	-1		-1	-1	-1		0
600005	被动加怒气	18	0	0	2	30	1	100301	-1	-1	-1	-1	-1	-1	-1	-1	-1	-1		-1	-1	-1		0
600006	被动加闪避率	506	1	0	10	100	1	100301	-1	-1	-1	-1	-1	-1	-1	-1	-1	-1		-1	-1	-1		0
600007	被动加暴击率	507	1	0	10	100	1	100301	-1	-1	-1	-1	-1	-1	-1	-1	-1	-1		-1	-1	-1		0
600008	菠萝系被动反伤	15	0	0	9999	33	1	-1	-1	-1	-1	-1	-1	-1	-1	-1	-1	-1		-1	-1	-1		0
700001	加攻风扇草	201	0	0	3	100	1	103701	-1	-1	-1	-1	-1	-1	-1	-1	-1	-1		-1	-1	-1		0
710001	沉默3回合魅惑菇	25	1	0	3	50	1	740109	-1	-1	-1	-1	-1	-1	-1	-1	-1	-1		-1	-1	-1		0
710002	沉默5回合魅惑菇	25	1	0	5	100	1	740109	-1	-1	-1	-1	-1	-1	-1	-1	-1	-1		-1	-1	-1		0
710003	降闪避魅惑菇	26	1	0	3	100	1	-1	-1	-1	-1	-1	-1	-1	-1	-1	-1	-1		-1	-1	-1		0
710004	加攻速咖啡豆	27	1	0	2	100	0	740178	-1	-1	-1	-1	-1	-1	-1	-1	-1	-1		-1	-1	-1		0
710005	加攻击力咖啡豆	2	0	0	3	280	0	103701	-1	-1	-1	-1	-1	-1	-1	-1	-1	-1		-1	-1	-1		0
711020	脉冲干扰（普通僵尸）	560	1	0	2	15	1	740139	740140	-1	-1	-1	-1	-1	-1	-1	-1	-1		-1	-1	-1		1
711021	脉冲干扰（机械僵尸）	561	1	0	3	30	1	740139	740140	-1	-1	-1	-1	-1	-1	-1	-1	-1		-1	-1	-1		2
711030	脉冲护盾	24	1	0	3	225	0	740125	-1	-1	-1	-1	-1	-1	-1	-1	-1	-1	740126	-1	-1	-1		0
711031	电磁护盾	24	1	0	3	3000	0	167051	-1	-1	-1	-1	-1	-1	-1	-1	-1	-1		-1	-1	-1		2
711032	电磁护盾极限挑战	24	1	0	3	4500	0	167051	-1	-1	-1	-1	-1	-1	-1	-1	-1	-1		-1	-1	-1		2
720001	小丑闪避	14	1	0	3	100	1	740153	-1	2	955005	955007	955004	955006	-1	-1	-1	955006		-1	-1	-1		0
720101	黑袍巫师冰冻	9	1	0	2	0	1	104302	104303	-1	-1	-1	-1	-1	-1	-1	-1	-1		-1	-1	-1		0
720201	黑暗加刚全体减防	6	1	0	3	20	1	103901	-1	-1	-1	-1	-1	-1	-1	-1	-1	-1		-1	-1	-1		0
720301	黑暗大龙灼烧	511	1	0	2	5	1	740146	-1	-1	-1	-1	-1	-1	-1	-1	-1	-1		-1	-1	-1		0
800001	广告加攻	2	0	0	2	30	1	103701	-1	-1	-1	-1	-1	-1	-1	-1	-1	-1		-1	-1	-1		0
900001	菠萝大招加防	3	0	0	4	20	1	135706	-1	-1	-1	-1	-1	-1	-1	-1	-1	-1		-1	-1	-1		0
900002	榴莲大招加防	3	0	0	4	25	1	177135	-1	-1	-1	-1	-1	-1	-1	-1	-1	-1		-1	-1	-1		0
900003	菠萝蜜大招加防	3	0	0	4	30	1	177145	-1	-1	-1	-1	-1	-1	-1	-1	-1	-1		-1	-1	-1		0
900012	菠萝系大招加闪避	18	0	0	4	15	1	-1	-1	-1	-1	-1	-1	-1	-1	-1	-1	-1		-1	-1	-1		0
900013	菠萝系大招嘲讽	28	0	0	4	0	0	177150	-1	-1	-1	-1	-1	-1	-1	-1	-1	-1		-1	-1	-1		0
900014	菠萝系被动2让攻击者眩晕	560	1	0	2	0	1	740139	740140	-1	-1	-1	-1	-1	-1	-1	-1	-1		-1	-1	-1		0
900101	暗影系主动添加暗影值	29	1	0	99999	0	0	177160	-1	-1	-1	-1	-1	-1	-1	-1	-1	-1		177200	-1	-1	35|70|100|300	0
900102	暗影系暗影状态	30	1	0	2	0	0	-1	-1	-1	-1	-1	-1	-1	-1	-1	-1	-1		-1	-1	-1		0
900103	暗影系暗影状态三阶	30	1	0	3	0	0	-1	-1	-1	-1	-1	-1	-1	-1	-1	-1	-1		-1	-1	-1		0
900104	暗影系暗影状态三阶加防御	503	0	0	3	20	1	100301	-1	-1	-1	-1	-1	-1	-1	-1	-1	-1		-1	-1	-1		0
900105	暗影系二阶被动暗影值普攻添加目标	564	1	0	99999	1	0	-1	-1	-1	-1	-1	-1	-1	-1	-1	-1	-1		-1	-1	-1		0
900106	天赋buffer:添加路灯系buffer回合数	565	1	0	99999	0	0	-1	-1	-1	-1	-1	-1	-1	-1	-1	-1	-1		-1	-1	-1	400281|400282|400285|400286	0
900107	天赋buffer:尖刺牢笼	4	1	0	2	0	6	-1	-1	-1	-1	-1	-1	-1	-1	-1	-1	-1		-1	-1	-1		0
900108	天赋:粒子爆炸	560	1	0	2	0	1	740139	740140	-1	-1	-1	-1	-1	-1	-1	-1	-1		-1	-1	-1		0
900109	花王系中毒buffer	566	1	0	999999	0	0	177577	-1	-1	-1	-1	-1	-1	-1	-1	-1	-1		-1	-1	-1	10	0
900110	花王系爆炸buffer	567	1	0	999999	0	0	-1	-1	-1	-1	-1	-1	-1	-1	-1	-1	-1		-1	-1	-1	3|6|9|12	0
900111	花王系传染buffer	568	1	0	999999	0	0	-1	-1	-1	-1	-1	-1	-1	-1	-1	-1	-1		-1	-1	-1	20|25|30|35	0
900112	苹果系回怒气buff	505	0	0	1	20	1	-1	-1	-1	-1	-1	-1	-1	-1	-1	-1	-1		-1	-1	-1		0
900113	玫瑰系流血buffer	570	1	0	2	0	0	177644	-1	-1	-1	-1	-1	-1	-1	-1	-1	-1		-1	-1	-1	1	0
900201	毒影系添加debuffer百分比效果	571	0	0	3	60	0	-1	-1	-1	-1	-1	-1	-1	-1	-1	-1	-1		-1	-1	-1		0
900202	毒影系添加debuffer回合	572	0	0	3	1	0	-1	-1	-1	-1	-1	-1	-1	-1	-1	-1	-1		-1	-1	-1		0
900203	毒影系添加随机debuffer-中间buffer	573	0	0	1	0	0	-1	-1	-1	-1	-1	-1	-1	-1	-1	-1	-1		-1	-1	-1	900204|900205|900206	0
900204	毒影系添加随机debuffer-减攻	5	0	0	2	50	1	103601	-1	-1	-1	-1	-1	-1	-1	-1	-1	-1		-1	-1	-1		0
900205	毒影系添加随机debuffer-减防	6	0	0	2	50	1	103901	-1	-1	-1	-1	-1	-1	-1	-1	-1	-1		-1	-1	-1		0
900206	毒影系添加随机debuffer-小喷菇中毒	501	1	0	2	5	3	740185	-1	-1	-1	-1	-1	-1	-1	-1	-1	-1		-1	-1	-1		0
900301	沉默2回合番莲工程师	25	1	0	2	50	1	740109	-1	-1	-1	-1	-1	-1	-1	-1	-1	-1		-1	-1	-1		0
900302	番莲花回怒气buff	505	0	0	1	20	1	-1	-1	-1	-1	-1	-1	-1	-1	-1	-1	-1		-1	-1	-1		0
900303	番莲花本次暴击	507	0	0	1	10000000	1	-1	-1	-1	-1	-1	-1	-1	-1	-1	-1	-1		-1	-1	-1		0
900304	番莲花3回合多丢出一个子弹	574	1	0	3	180	1	-1	-1	-1	-1	-1	-1	-1	-1	-1	-1	-1		-1	-1	-1		0
