子弹ID	子弹动画	子弹爆炸动画	子弹类型	参数1（直线）	参数2（抛物线）			子弹爆炸偏移X
INT	INT	INT	INT	FLOAT	FLOAT	STRING	STRING	INT
id	animationId	animationbombId	bulletType	arg1	arg2	desc1	desc2	iExplorPosX
1003	220	221	1	1200	-1	子弹的运行速度	未使用	
1501	50101	50102	2	1	100	子弹的运行时间	子弹的抛物线高度	
1513	51301	-1	-1	0	0	未使用	未使用	
1511	51101	200301	3	750	-1	子弹的运行速度		
1510	51001	-1	-1	550	-1	子弹的运行速度	未使用	
1087	6205	6206	2	1	150	子弹的运行时间	冰西瓜子弹	
1515	8213	8215	1	1200	-1	子弹的运行速度	椰子加农炮大招子弹（旧）	
1516	51601	-1	1	1200	-1	子弹的运行速度	未使用	
1521	52101	52102	1	1200	-1	子弹的运行速度	未使用	
1522	52201	52202	1	1200	-1	子弹的运行速度	未使用	
1114	11410	51604	1	1200	-1	子弹的运行速度		
1157	21001	21002	1	1200	-1	子弹的运行速度	僵尸橄榄球	
151502	8212	110506	1	1200	-1	子弹的运行速度	加农炮子弹（旧）	
152204	52201	52202	1	1200	-1	子弹的运行速度	寒冰射手大招子弹	
1101202	101201	101202	1	1200	-1	子弹的运行速度	双重射手小子弹	
1101203	101203	101204	1	1200	-1	子弹的运行速度	双重射手大子弹	
1810	18101	-1	5	-50	300	子弹的运行速度	雪人僵尸的雪球	
1194	19401	-1	2	1	150	子弹的运行速度	死神僵尸的骨头	
1195	19501	-1	1	1200	-1	子弹的运行速度	太阳神僵尸子弹	
1197	15615	-1	2	1	150	子弹的运行速度	探险家僵尸	
1206	20601	20602	1	1200	-1	子弹的运行速度	僵尸炮子弹	
2001	21501	-1	1	1200	-1	子弹的运行速度	弹弓僵尸子弹	
2002	23406	23407	2	1	150	子弹的运行速度	投石车僵尸子弹	
2003	23807	23808	1	1200	-1	子弹的运行速度	皇帝僵尸子弹	
11704	107501	107502	2	1	150	子弹运行速度	爆米花	
11101	110101	110102	1	2200	-1	子弹运行速度	开心果	
11086	108601	108603	1	1200	-1	子弹运行速度	水滴射手	
11089	108901	109001	1	1200	-1	子弹运行速度	仙人掌	
11095	109501	109502	1	1200	-1	子弹运行速度	小青椒	
11092	109201	109202	2	1	150	子弹运行速度	小西瓜	
11076	107601	107602	2	1	150	子弹运行速度	爆米花黄油	
11096	109601	109502	1	1200	-1	子弹运行速度	小青椒大招	
11106	110505	110506	1	1200	-1	子弹运行速度	火爆辣椒	
11109	108131	108132	1	1200	-1	子弹运行速度	向日葵、双头向日子弹	
11110	107331	107332	1	1800	-1	子弹运行速度	榛果子弹	
12400	24001	24002	2	0.8	150	子弹运行速度	火炮僵尸普攻	
12401	124001	24006	1	1200	-1	子弹运行速度	火炮僵尸大招	
11111	9208	9209	1	1200	-1	子弹运行速度	胆小菇小喷菇普攻子弹	
11113	107206	107207	2	1	150	子弹运行速度	玉米投手普攻	
11114	110401	110402	2	0.9	150	子弹运行速度	西瓜投手普攻子弹	
12210	22009	-1	1	1200	-1	子弹运行速度	蜗牛普攻子弹	
13002	330209	330210	1	1200	-1	子弹的运行速度	精英僵尸橄榄球普攻子弹	
12540	25401	110506	1	1200	-1	子弹的运行速度	气功僵尸普攻子弹	
11220	122001	122002	1	1200	-1	子弹的运行速度	火龙草普攻子弹（旧版）	
11210	121001	121002	2	0.9	180	子弹的运行速度	仙人球普攻子弹	
11230	108805	108806	1	1200	-1	子弹的运行速度	仙人掌普攻子弹	
11150	115001	115002	1	2000	-1	子弹的运行速度	蜥蜴草大招子弹(旧版）	
99999	124001	-1	1	3000	-1	子弹的运行速度	三叶草隐形子弹	
99998	124001	111901	1	3000	-1	子弹的运行速度	火炬树隐形子弹	
11190	8010	8011	4	850	480	子弹的运行速度	三叶草子弹	
11170	117001	8011	4	850	500	子弹的运行速度	四叶草子弹	
91197	19701	-1	2	1	150	子弹的运行速度	boss探险家僵尸	
91194	15615	-1	2	1	150	子弹的运行速度	boss死神僵尸的骨头	
92002	23406	23407	2	1	150	子弹的运行速度	boss投石车僵尸子弹	
92001	21501	-1	1	1200	-1	子弹的运行速度	boss弹弓僵尸子弹	
912540	925401	110506	1	1200	-1	子弹的运行速度	boss气功僵尸普攻子弹	
19951	995001	995003	1	1200	-1	子弹的运行速度	金盏花子弹	
19952	995002	995004	1	1200	-1	子弹的运行速度	金盏花大子弹	
11300	130005	130006	1	1200	-1	子弹的运行速度	椰子弹弓子弹(OLD)	
11290	129005	129006	1	1200	-1	子弹的运行速度	暴躁菇子弹	
11310	124001	131005	1	3000	-1	子弹的运行速度	小萝卜子弹	
11000	10008	10009	2	1	150	子弹的运行速度	萝卜子弹	
11151	11509	11510	1	1200	-1	子弹的运行速度	狗尾巴草子弹(旧版）	
11350	135005	135006	1	1200	-1	子弹的运行速度	猫尾巴草子弹（旧版）	
13315	331510	331511	1	1200	-1	子弹的运行速度	白骨精普攻子弹	
13316	331608	331610	1	1200	-1	子弹的运行速度	蜘蛛精普攻子弹	
193312	9331208	9331209	1	1200	-1	子弹的运行速度	红孩儿大招子弹	
11352	135205	135206	4	850	500	子弹的运行速度	电风扇子弹	
11358	135806	135807	1	1200	-1	子弹的运行速度	三头向日葵子弹	
11360	124001	136005	1	1200	-1	子弹的运行速度	玉米加农炮子弹	
11364	136409	136410	1	1200	-1	子弹的运行速度	机枪射手子弹	
11365	136505	136506	1	1200	-1	子弹的运行速度	椰子火箭炮子弹(OLD)	
113641	136411	136412	1	1200	-1	子弹的运行速度	机枪射手大子弹	-80
11351	135106	-1	1	1200	-1	子弹的运行速度	大喷菇子弹	
11354	138305	138306	1	1200	-1	子弹的运行速度	神龙草冰子弹（旧）	
11355	500006	500008	1	1200	-1	子弹的运行速度	仙人树	
11356	136205	136206	1	1800	-1	子弹的运行速度	榛果球子弹	
11357	6208	6209	2	1	150	子弹的运行时间	子弹的抛物线高度	
2100	52204	52202	1	1200	-1	子弹的运行速度	寒冰射手大子弹	
2101	134005	200301	3	750	-1	子弹的运行速度	飞盘子弹(旧)	
2102	510005	-1	1	1200	-1	子弹的运行速度	迷幻菇子弹	
2103	510024	-1	1	1200	-1	子弹的运行速度	魔术菇子弹	
11115	111701	111702	1	1200	-1	子弹的运行速度	小喷菇子弹	
2104	136105	136106	1	1200	-1	子弹的运行速度	炸弹末日菇	
2105	136605	136606	1	1200	-1	子弹的运行速度	冰箭射手普通子弹	100
2106	136705	136706	1	780	-1	子弹的运行速度	玉米加农炮子弹	
2107	135605	135606	1	1100	-1	子弹的运行速度	人参子弹	
2108	124001	137007	1	1200	-1	子弹的运行速度	恶魔辣椒子弹	
2109	136806	-1	1	1200	-1	子弹的运行速度	流星锤(旧）	
2110	124001	500106	1	1200	-1	子弹的运行速度	钻石地刺子弹	
2111	138005	138008	1	1200	-1	子弹的运行速度	闪电芦苇子弹	
2112	138105	138108	1	1200	-1	子弹的运行速度	棱镜草子弹	
2113	138205	138208	1	1200	-1	子弹的运行速度	雷神草	
2114	138405	138406	1	1200	-1	子弹的运行速度	狐尾草（旧版）	
3100	331808	331809	1	1200	-1	子弹的运行速度	刺客普攻子弹	
1200	-1	16109	7	0.5	-1	子弹的运行速度	钢琴普攻	
91200	16107	916109	1	1200	-1	子弹的运行速度	钢琴Boss普攻	
2115	138307	138308	1	1200	-1	子弹的运行速度	神龙草火子弹(旧版）	
2116	138906	138907	1	1200	-1	子弹的运行速度	末日菇子弹	
2117	139106	139107	1	1200	-1	子弹的运行速度	炸弹末日菇	
2118	139206	139207	1	1200	-1	子弹的运行速度	小树丛	
2119	139306	139307	1	1200	-1	子弹的运行速度	梧桐树	
2120	139406	139407	1	1200	-1	子弹的运行速度	柏树	
2121	115506	115505	1	2000	-1	子弹的运行速度	蜥蜴草大招子弹	
2122	139805	139806	1	1200	-1	子弹的运行速度	火龙草普攻子弹	
2123	139905	200301	3	750	-1	子弹的运行速度	飞盘子弹	
2124	140005	140006	1	1200	-1	子弹的运行速度	神龙草冰子弹	
2125	140007	140008	1	1200	-1	子弹的运行速度	神龙草火子弹	
2126	140105	140106	3	750	-1	子弹的运行速度	回旋镖子弹	
2127	140205	-1	1	1200	-1	子弹的运行速度	流星锤	
2128	341107	341108	2	1	150	子弹的运行速度	绵羊僵尸（年兽）普攻子弹	
11381	136535	136536	1	1200	-1	子弹的运行速度	椰子火箭炮子弹	
11391	130505	130506	1	1200	-1	子弹的运行速度	椰子弹弓子弹	
11401	8255	8256	1	1200	-1	子弹的运行速度	椰子加农炮大招大子弹	
2129	310108	310107	1	1200	-1	子弹的运行速度	号角僵尸普攻	
92129	9310108	9310107	1	1200	-1	子弹的运行速度	号角僵尸Boss普攻	
2130	310215	310216	1	1200	-1	子弹的运行速度	飞龙饲养员普攻	
92130	9310215	9310216	1	1200	-1	子弹的运行速度	飞龙饲养员Boss普攻	
2131	310217	310218	1	1200	-1	子弹的运行速度	飞龙饲养员普攻（带金币）	
92131	9310217	9310218	1	1200	-1	子弹的运行速度	飞龙饲养员Boss普攻（带金币）	
2132	310318	310317	1	1200	-1	子弹的运行速度	龙骑兵普攻	
2133	11605	11606	1	1200	-1	子弹的运行速度	狗尾巴草普攻	
2134	140305	140306	1	1200	-1	子弹的运行速度	狐尾草普攻	
2135	140405	140406	1	1200	-1	子弹的运行速度	猫尾草普攻	
2136	140801	140802	1	1200	-1	子弹的运行速度	金盏花系普攻	
2137	9456	140106	2	1	150	子弹的运行速度	地刺反击子弹1	
2138	9457	140106	2	1	150	子弹的运行速度	地刺反击子弹2	
2139	9458	140106	2	1	150	子弹的运行速度	地刺反击子弹3	
2140	4756	140106	2	1	150	子弹的运行速度	钢地刺反击子弹1	
2141	4757	140106	2	1	150	子弹的运行速度	钢地刺反击子弹2	
2142	4758	140106	2	1	150	子弹的运行速度	钢地刺反击子弹3	
2143	500156	140106	2	1	150	子弹的运行速度	钻石地刺反击子弹1	
2144	500157	140106	2	1	150	子弹的运行速度	钻石地刺反击子弹2	
2145	500158	140106	2	1	150	子弹的运行速度	钻石地刺反击子弹3	
2146	136413	136415	1	1200	-1	子弹的运行速度	射手系小火弹	
2147	136414	136415	1	1200	-1	子弹的运行速度	射手系大火弹	
2148	150105	150106	1	1200	-1	子弹的运行速度	咖啡豆和摩卡咖啡和拿铁豆子弹	
2150	150248	150247	1	1200	-1	子弹的运行速度	灵符菇子弹	
2151	150206	150207	1	1200	-1	子弹的运行速度	美女菇子弹	
2152	150226	150227	1	1200	-1	子弹的运行速度	魅惑菇子弹	
2156	162001	-1	1	1200	-1	子弹的运行速度	歌王僵尸子弹	
2157	21408	21409	2	1	150	子弹的运行速度	蜂窝僵尸普通攻击	
2160	171206	171207	1	1200	-1	子弹的运行速度	小黄桃子弹	
2161	171215	171216	1	1200	-1	子弹的运行速度	脉冲黄桃子弹	
2162	171225	171226	1	1200	-1	子弹的运行速度	心电桃子弹	
2163	171305	171306	1	1200	-1	子弹的运行速度	小金桔子弹	
2164	171325	171326	1	1200	-1	子弹的运行速度	充能柚子子弹	
2165	171355	171356	1	1200	-1	子弹的运行速度	超能柚子子弹	
2166	171307	171308	1	1200	-1	子弹的运行速度	小金桔大招子弹	
2167	171327	171330	1	1200	-1	子弹的运行速度	充能柚子大招子弹	
2168	171357	171358	1	1200	-1	子弹的运行速度	超能柚子大招子弹	
2169	931011	931010	1	1200	-1	子弹的运行速度	巨人统领普攻子弹	
2171	930711	930712	2	1	300	子弹的运行速度	僵尸博士子弹	
2172	-1	63912	7	0.5	-1	子弹的运行速度	通用攻击子弹	
2181	-1	63902	7	0.5	-1	子弹的运行速度	刀光子弹（大格子）	
2182	-1	63911	7	0.5	-1	子弹的运行速度	通用攻击子弹（大格子）	
2183	-1	63922	7	0.5	-1	子弹的运行速度	鸵鸟普攻子弹（大格子）	
2184	-1	63923	7	0.5	-1	子弹的运行速度	砸地普攻子弹（大格子）	
2185	-1	63925	7	0.5	-1	子弹的运行速度	埃及艳后普攻子弹（大格子）	
2186	-1	63927	7	0.5	-1	子弹的运行速度	警长的普攻子弹（大格子）	
2187	-1	63929	7	0.5	-1	子弹的运行速度	淘金的普攻子弹（大格子）	
2188	-1	64502	7	0.5	-1	子弹的运行速度	boss投石车僵尸子弹（大格子）	
2189	-1	60809	7	0.5	-1	子弹运行速度	火炮僵尸普攻（大格子）	
2190	-1	61612	7	0.5	-1	子弹运行速度	鸡贼BOSS大招子弹（大格子）	
2191	-1	64901	7	0.5	-1	子弹运行速度	歌王僵尸普攻子弹（大格子）	
2192	-1	64801	7	0.5	-1	子弹运行速度	气功僵尸普攻子弹（大格子）	
2193	-1	63930	7	0.5	-1	子弹的运行速度	号角僵尸Boss普攻（大格子）	
2194	-1	63931	7	0.5	-1	子弹的运行速度	飞龙饲养员Boss普攻（大格子）	
2195	65401	65402	1	1200	-1	子弹的运行速度	气功僵尸大招子弹（大格子）	
2196	-1	64410	7	0.5	-1	子弹的运行速度	巨人统领普攻子弹(大格子)	
2197	-1	65601	7	0.5	-1	子弹的运行速度	白骨精普攻子弹（大格）	
2198	-1	65611	7	0.5	-1	子弹的运行速度	蜘蛛精普攻子弹（大格）	
2199	-1	69102	7	0.5	-1	子弹的运行速度	黑袍巫师大招子弹（大格）	
2200	-1	72102	7	0.5	-1	子弹的运行速度	黑暗巨龙普攻子弹（大格）	
2201	175013	175014	1	750	-1	子弹的运行速度	郁金香号手	
2202	176051	-1	1	1500	-1	子弹的运行速度	针叶爆破手直线	
2203	176052	-1	1	1200	-1	子弹的运行速度	赤针花直线	
2204	176053	-1	2	1	250	子弹的运行速度	红莲女王抛物线	
2205	177051	177053	1	1500	-1	子弹的运行速度	魔术菇直线	
2206	177061		1	1500	-1	子弹的运行速度	金缕梅女巫直线	
2207	177071	177073	2	1	100	子弹的运行速度	南瓜巫师直线	
2208	177191	177193	8	1200	100	子弹的运行速度	月光花直线	
2209	177181	177193	8	1200	100	子弹的运行速度	暗影龙葵直线	
2210	177171	177193	8	1200	100	子弹的运行速度	暗樱草直线	
2211	177192	177194	8	1200	100	子弹的运行速度	月光花直线(暗影形态)	
2212	177182	177194	8	1200	100	子弹的运行速度	暗影龙葵直线(暗影形态)	
2213	177172	177194	8	1200	100	子弹的运行速度	暗樱草直线(暗影形态)	
2214	177575	177576	2	1	150	子弹运行速度	噬毒花	
2215	177575	177576	2	1	150	子弹运行速度	大王花	
2216	177575	177576	2	1	150	子弹运行速度	帝王花	
2217	177547	177544	2	1	150	子弹运行速度	苹果系普攻子弹	
2218	177615	177616	1	1200	-1	子弹的运行速度	毒舌菇普攻	
2219	177615	177616	8	1200	0	子弹的运行速度	毒影菇普攻	
2220	177658	177659	9	1200	0	子弹的运行速度	番莲工程师普攻	
