废	废	废
INT	INT	INT
id	type	addition
1	2	0
2	1	0
3	10	0
4	9	0
5	11	0
6	12	0
7	13	0
8	2	1
9	1	1
10	10	1
11	9	1
12	11	1
13	12	1
14	13	1
15	2	2
16	1	2
17	10	2
18	9	2
19	11	2
20	12	2
21	13	2
22	2	3
23	1	3
24	10	3
25	9	3
26	11	3
27	12	3
28	13	3
29	2	4
30	1	4
31	10	4
32	9	4
33	11	4
34	12	4
35	13	4
36	2	6
37	1	6
38	10	6
39	9	6
40	11	6
41	12	6
42	13	6
43	2	8
44	1	8
45	10	8
46	9	8
47	11	8
48	12	8
49	13	8
50	2	9
51	1	9
52	10	9
53	9	9
54	11	9
55	12	9
56	13	9
57	2	12
58	1	12
59	10	12
60	9	12
61	11	12
62	12	12
63	13	12
