废	废	废	废	废	废	废
INT	INT	STRING	INT	INT	INT	STRING
id	level	name	baseBuffPropId	expendPoint	nextId	pic
1	0	植物攻击加成	1	1	13	0
2	0	植物生命加成	2	1	14	0
3	0	对土系伤害加成	3	1	15	0
4	0	植物攻击加成	1	1	16	0
5	0	植物防御加成	4	1	17	0
6	0	对风系伤害加成	5	1	18	0
7	0	植物生命加成	2	1	19	0
8	0	植物防御加成	4	1	20	0
9	0	对火系伤害加成	6	1	21	0
10	0	植物防御加成	4	1	22	0
11	0	植物攻击加成	1	1	23	0
12	0	对水系伤害加成	7	1	24	0
13	1	植物攻击加成	8	1	25	0
14	1	植物生命加成	9	1	26	0
15	1	对土系伤害加成	10	1	27	0
16	1	植物攻击加成	8	1	28	0
17	1	植物防御加成	11	1	29	0
18	1	对风系伤害加成	12	1	30	0
19	1	植物生命加成	9	1	31	0
20	1	植物防御加成	11	1	32	0
21	1	对火系伤害加成	13	1	33	0
22	1	植物防御加成	11	1	34	0
23	1	植物攻击加成	8	1	35	0
24	1	对水系伤害加成	14	1	36	0
25	2	植物攻击加成	15	1	37	0
26	2	植物生命加成	16	1	38	0
27	2	对土系伤害加成	17	1	39	0
28	2	植物攻击加成	15	1	40	0
29	2	植物防御加成	18	1	41	0
30	2	对风系伤害加成	19	1	42	0
31	2	植物生命加成	16	1	43	0
32	2	植物防御加成	18	1	44	0
33	2	对火系伤害加成	20	1	45	0
34	2	植物防御加成	18	1	46	0
35	2	植物攻击加成	15	1	47	0
36	2	对水系伤害加成	21	1	48	0
37	3	植物攻击加成	22	1	49	0
38	3	植物生命加成	23	1	50	0
39	3	对土系伤害加成	24	1	51	0
40	3	植物攻击加成	22	1	52	0
41	3	植物防御加成	25	1	53	0
42	3	对风系伤害加成	26	1	54	0
43	3	植物生命加成	23	1	55	0
44	3	植物防御加成	25	1	56	0
45	3	对火系伤害加成	27	1	57	0
46	3	植物防御加成	25	1	58	0
47	3	植物攻击加成	22	1	59	0
48	3	对水系伤害加成	28	1	60	0
49	4	植物攻击加成	29	1	0	0
50	4	植物生命加成	30	1	0	0
51	4	对土系伤害加成	31	1	0	0
52	4	植物攻击加成	29	1	0	0
53	4	植物防御加成	32	1	0	0
54	4	对风系伤害加成	33	1	0	0
55	4	植物生命加成	30	1	0	0
56	4	植物防御加成	32	1	0	0
57	4	对火系伤害加成	34	1	0	0
58	4	植物防御加成	32	1	0	0
59	4	植物攻击加成	29	1	0	0
60	4	对水系伤害加成	35	1	0	0
61	0	植物攻击加成	1	3	73	0
62	0	植物生命加成	2	3	74	0
63	0	对土系伤害加成	3	3	75	0
64	0	植物攻击加成	1	3	76	0
65	0	植物防御加成	4	3	77	0
66	0	对风系伤害加成	5	3	78	0
67	0	植物生命加成	2	3	79	0
68	0	植物防御加成	4	3	80	0
69	0	对火系伤害加成	6	3	81	0
70	0	植物防御加成	4	3	82	0
71	0	植物攻击加成	1	3	83	0
72	0	对水系伤害加成	7	3	84	0
73	1	植物攻击加成	15	3	85	0
74	1	植物生命加成	16	3	86	0
75	1	对土系伤害加成	17	3	87	0
76	1	植物攻击加成	15	3	88	0
77	1	植物防御加成	18	3	89	0
78	1	对风系伤害加成	19	3	90	0
79	1	植物生命加成	16	3	91	0
80	1	植物防御加成	18	3	92	0
81	1	对火系伤害加成	20	3	93	0
82	1	植物防御加成	18	3	94	0
83	1	植物攻击加成	15	3	95	0
84	1	对水系伤害加成	21	3	96	0
85	2	植物攻击加成	29	3	97	0
86	2	植物生命加成	30	3	98	0
87	2	对土系伤害加成	31	3	99	0
88	2	植物攻击加成	29	3	100	0
89	2	植物防御加成	32	3	101	0
90	2	对风系伤害加成	33	3	102	0
91	2	植物生命加成	30	3	103	0
92	2	植物防御加成	32	3	104	0
93	2	对火系伤害加成	34	3	105	0
94	2	植物防御加成	32	3	106	0
95	2	植物攻击加成	29	3	107	0
96	2	对水系伤害加成	35	3	108	0
97	3	植物攻击加成	36	3	109	0
98	3	植物生命加成	37	3	110	0
99	3	对土系伤害加成	38	3	111	0
100	3	植物攻击加成	36	3	112	0
101	3	植物防御加成	39	3	113	0
102	3	对风系伤害加成	40	3	114	0
103	3	植物生命加成	37	3	115	0
104	3	植物防御加成	39	3	116	0
105	3	对火系伤害加成	41	3	117	0
106	3	植物防御加成	39	3	118	0
107	3	植物攻击加成	36	3	119	0
108	3	对水系伤害加成	42	3	120	0
109	4	植物攻击加成	43	3	0	0
110	4	植物生命加成	44	3	0	0
111	4	对土系伤害加成	45	3	0	0
112	4	植物攻击加成	43	3	0	0
113	4	植物防御加成	46	3	0	0
114	4	对风系伤害加成	47	3	0	0
115	4	植物生命加成	44	3	0	0
116	4	植物防御加成	46	3	0	0
117	4	对火系伤害加成	48	3	0	0
118	4	植物防御加成	46	3	0	0
119	4	植物攻击加成	43	3	0	0
120	4	对水系伤害加成	49	3	0	0
121	0	植物攻击加成	1	6	133	0
122	0	植物生命加成	2	6	134	0
123	0	对土系伤害加成	3	6	135	0
124	0	植物攻击加成	1	6	136	0
125	0	植物防御加成	4	6	137	0
126	0	对风系伤害加成	5	6	138	0
127	0	植物生命加成	2	6	139	0
128	0	植物防御加成	4	6	140	0
129	0	对火系伤害加成	6	6	141	0
130	0	植物防御加成	4	6	142	0
131	0	植物攻击加成	1	6	143	0
132	0	对水系伤害加成	7	6	144	0
133	1	植物攻击加成	22	6	145	0
134	1	植物生命加成	23	6	146	0
135	1	对土系伤害加成	24	6	147	0
136	1	植物攻击加成	22	6	148	0
137	1	植物防御加成	25	6	149	0
138	1	对风系伤害加成	26	6	150	0
139	1	植物生命加成	23	6	151	0
140	1	植物防御加成	25	6	152	0
141	1	对火系伤害加成	27	6	153	0
142	1	植物防御加成	25	6	154	0
143	1	植物攻击加成	22	6	155	0
144	1	对水系伤害加成	28	6	156	0
145	2	植物攻击加成	36	6	157	0
146	2	植物生命加成	37	6	158	0
147	2	对土系伤害加成	38	6	159	0
148	2	植物攻击加成	36	6	160	0
149	2	植物防御加成	39	6	161	0
150	2	对风系伤害加成	40	6	162	0
151	2	植物生命加成	37	6	163	0
152	2	植物防御加成	39	6	164	0
153	2	对火系伤害加成	41	6	165	0
154	2	植物防御加成	39	6	166	0
155	2	植物攻击加成	36	6	167	0
156	2	对水系伤害加成	42	6	168	0
157	3	植物攻击加成	50	6	169	0
158	3	植物生命加成	51	6	170	0
159	3	对土系伤害加成	52	6	171	0
160	3	植物攻击加成	50	6	172	0
161	3	植物防御加成	53	6	173	0
162	3	对风系伤害加成	54	6	174	0
163	3	植物生命加成	51	6	175	0
164	3	植物防御加成	53	6	176	0
165	3	对火系伤害加成	55	6	177	0
166	3	植物防御加成	53	6	178	0
167	3	植物攻击加成	50	6	179	0
168	3	对水系伤害加成	56	6	180	0
169	4	植物攻击加成	57	6	0	0
170	4	植物生命加成	58	6	0	0
171	4	对土系伤害加成	59	6	0	0
172	4	植物攻击加成	57	6	0	0
173	4	植物防御加成	60	6	0	0
174	4	对风系伤害加成	61	6	0	0
175	4	植物生命加成	58	6	0	0
176	4	植物防御加成	60	6	0	0
177	4	对火系伤害加成	62	6	0	0
178	4	植物防御加成	60	6	0	0
179	4	植物攻击加成	57	6	0	0
180	4	对水系伤害加成	63	6	0	0
