废	废	废
INT	FLOAT	STRING
id	scale	info
4001	0.22	"1,16,10001,1,1|1,16,10002,1,1|1,16,10003,1,1|1,16,10004,1,1|1,16,14001,1,1|1,16,14008,1,1|1,16,14015,1,1|1,16,12001,1,1|1,16,12007,1,1|1,16,12013,1,1|1,16,12019,1,1"
4002	0.22	"1,16,11005,1,1|1,16,11006,1,1|1,16,11007,1,1|1,16,11008,1,1|1,16,15002,1,1|1,16,15009,1,1|1,16,15016,1,1|1,16,12001,1,1|1,16,12007,1,1|1,16,12013,1,1|1,16,12019,1,1"
4003	0.22	"1,16,11009,1,1|1,16,11010,1,1|1,16,11011,1,1|1,16,11012,1,1|1,16,15002,1,1|1,16,15009,1,1|1,16,15016,1,1|1,16,13002,1,1|1,16,13008,1,1|1,16,13014,1,1|1,16,13020,1,1"
4004	0.22	"1,16,11013,1,1|1,16,11014,1,1|1,16,11015,1,1|1,16,11016,1,1|1,16,15003,1,1|1,16,15010,1,1|1,16,15017,1,1|1,16,13002,1,1|1,16,13008,1,1|1,16,13014,1,1|1,16,13020,1,1"
4005	0.22	"1,16,11017,1,1|1,16,11018,1,1|1,16,11019,1,1|1,16,11020,1,1|1,16,15003,1,1|1,16,15010,1,1|1,16,15017,1,1|1,16,13003,1,1|1,16,13009,1,1|1,16,13015,1,1|1,16,13021,1,1"
4006	0.22	"1,16,11021,1,1|1,16,11022,1,1|1,16,11023,1,1|1,16,11024,1,1|1,16,15004,1,1|1,16,15011,1,1|1,16,15018,1,1|1,16,13003,1,1|1,16,13009,1,1|1,16,13015,1,1|1,16,13021,1,1"
4007	0.22	"1,16,11025,1,1|1,16,11026,1,1|1,16,11027,1,1|1,16,11028,1,1|1,16,15004,1,1|1,16,15011,1,1|1,16,15018,1,1|1,16,13004,1,1|1,16,13010,1,1|1,16,13016,1,1|1,16,13022,1,1"
4008	0.22	"1,16,11029,1,1|1,16,11030,1,1|1,16,11031,1,1|1,16,11032,1,1|1,16,15005,1,1|1,16,15012,1,1|1,16,15019,1,1|1,16,13004,1,1|1,16,13010,1,1|1,16,13016,1,1|1,16,13022,1,1"
4009	0.22	"1,16,11033,1,1|1,16,11034,1,1|1,16,11035,1,1|1,16,11036,1,1|1,16,15005,1,1|1,16,15012,1,1|1,16,15019,1,1|1,16,13005,1,1|1,16,13011,1,1|1,16,13017,1,1|1,16,13023,1,1"
4010	0.22	"1,16,11037,1,1|1,16,11038,1,1|1,16,11039,1,1|1,16,11040,1,1|1,16,15006,1,1|1,16,15013,1,1|1,16,15020,1,1|1,16,13005,1,1|1,16,13011,1,1|1,16,13017,1,1|1,16,13023,1,1"
4011	0.22	"1,16,11041,1,1|1,16,11042,1,1|1,16,11043,1,1|1,16,11044,1,1|1,16,15006,1,1|1,16,15013,1,1|1,16,15020,1,1|1,16,13006,1,1|1,16,13012,1,1|1,16,13018,1,1|1,16,13024,1,1"
4012	0.22	"1,16,11045,1,1|1,16,11046,1,1|1,16,11047,1,1|1,16,11048,1,1|1,16,15007,1,1|1,16,15014,1,1|1,16,15021,1,1|1,16,13006,1,1|1,16,13012,1,1|1,16,13018,1,1|1,16,13024,1,1"
1	0.22	"6,16,5000,1,1|4,16,10001,1,1"
2	0.22	"6,16,5000,1,1|4,16,10002,1,1"
3	0.22	"6,16,5000,1,1|4,16,10003,1,1"
4	0.22	"6,16,5000,1,1|4,16,10004,1,1"
5	0.22	"6,16,5000,1,1|4,16,11005,1,1"
6	0.22	"6,16,5000,1,1|4,16,11006,1,1"
7	0.22	"6,16,5000,1,1|4,16,11007,1,1"
8	0.22	"6,16,5000,1,1|4,16,11008,1,1"
9	0.22	"6,16,5000,1,1|4,16,11009,1,1"
10	0.22	"6,16,5000,1,1|4,16,11010,1,1"
11	0.22	"6,16,5000,1,1|4,16,11011,1,1"
12	0.22	"6,16,5000,1,1|4,16,11012,1,1"
13	0.22	"6,16,5001,1,1|4,16,11013,1,1"
14	0.22	"6,16,5001,1,1|4,16,11014,1,1"
15	0.22	"6,16,5001,1,1|4,16,11015,1,1"
16	0.22	"6,16,5001,1,1|4,16,11016,1,1"
17	0.22	"6,16,5001,1,1|4,16,11017,1,1"
18	0.22	"6,16,5001,1,1|4,16,11018,1,1"
19	0.22	"6,16,5001,1,1|4,16,11019,1,1"
20	0.22	"6,16,5001,1,1|4,16,11020,1,1"
21	0.22	"6,16,5001,1,1|4,16,11021,1,1"
22	0.22	"6,16,5001,1,1|4,16,11022,1,1"
23	0.22	"6,16,5001,1,1|4,16,11023,1,1"
24	0.22	"6,16,5001,1,1|4,16,11024,1,1"
25	0.22	"6,16,5001,1,1|4,16,11025,1,1"
26	0.22	"6,16,5001,1,1|4,16,11026,1,1"
27	0.22	"6,16,5001,1,1|4,16,11027,1,1"
28	0.22	"6,16,5001,1,1|4,16,11028,1,1"
29	0.22	"6,16,5002,1,1|4,16,11029,1,1"
30	0.22	"6,16,5002,1,1|4,16,11030,1,1"
31	0.22	"6,16,5002,1,1|4,16,11031,1,1"
32	0.22	"6,16,5002,1,1|4,16,11032,1,1"
33	0.22	"6,16,5002,1,1|4,16,11033,1,1"
34	0.22	"6,16,5002,1,1|4,16,11034,1,1"
35	0.22	"6,16,5002,1,1|4,16,11035,1,1"
36	0.22	"6,16,5002,1,1|4,16,11036,1,1"
37	0.22	"6,16,5002,1,1|4,16,11037,1,1"
38	0.22	"6,16,5002,1,1|4,16,11038,1,1"
39	0.22	"6,16,5002,1,1|4,16,11039,1,1"
40	0.22	"6,16,5002,1,1|4,16,11040,1,1"
41	0.22	"6,16,5002,1,1|4,16,11041,1,1"
42	0.22	"6,16,5002,1,1|4,16,11042,1,1"
43	0.22	"6,16,5002,1,1|4,16,11043,1,1"
44	0.22	"6,16,5002,1,1|4,16,11044,1,1"
45	0.22	"6,16,5002,1,1|4,16,11045,1,1"
46	0.22	"6,16,5002,1,1|4,16,11046,1,1"
47	0.22	"6,16,5002,1,1|4,16,11047,1,1"
48	0.22	"6,16,5002,1,1|4,16,11048,1,1"
1001	0.22	"6,16,5000,1,1|4,16,12001,1,1"
1002	0.22	"6,16,5000,1,1|4,16,13002,1,1"
1003	0.22	"6,16,5001,1,1|4,16,13003,1,1"
1004	0.22	"6,16,5001,1,1|4,16,13004,1,1"
1005	0.22	"6,16,5002,1,1|4,16,13005,1,1"
1006	0.22	"6,16,5002,1,1|4,16,13006,1,1"
1101	0.22	"6,16,5000,1,1|4,16,12007,1,1"
1102	0.22	"6,16,5000,1,1|4,16,13008,1,1"
1103	0.22	"6,16,5001,1,1|4,16,13009,1,1"
1104	0.22	"6,16,5001,1,1|4,16,13010,1,1"
1105	0.22	"6,16,5002,1,1|4,16,13011,1,1"
1106	0.22	"6,16,5002,1,1|4,16,13012,1,1"
1201	0.22	"6,16,5000,1,1|4,16,12013,1,1"
1202	0.22	"6,16,5000,1,1|4,16,13014,1,1"
1203	0.22	"6,16,5001,1,1|4,16,13015,1,1"
1204	0.22	"6,16,5001,1,1|4,16,13016,1,1"
1205	0.22	"6,16,5002,1,1|4,16,13017,1,1"
1206	0.22	"6,16,5002,1,1|4,16,13018,1,1"
1301	0.22	"6,16,5000,1,1|4,16,12019,1,1"
1302	0.22	"6,16,5000,1,1|4,16,13020,1,1"
1303	0.22	"6,16,5001,1,1|4,16,13021,1,1"
1304	0.22	"6,16,5001,1,1|4,16,13022,1,1"
1305	0.22	"6,16,5002,1,1|4,16,13023,1,1"
1306	0.22	"6,16,5002,1,1|4,16,13024,1,1"
2001	0.22	"6,16,5000,1,1|4,16,14001,1,1"
2002	0.22	"6,16,5000,1,1|4,16,15002,1,1"
2003	0.22	"6,16,5001,1,1|4,16,15003,1,1"
2004	0.22	"6,16,5001,1,1|4,16,15004,1,1"
2005	0.22	"6,16,5002,1,1|4,16,15005,1,1"
2006	0.22	"6,16,5002,1,1|4,16,15006,1,1"
2007	0.22	"6,16,5002,1,1|4,16,15007,1,1"
2101	0.22	"6,16,5000,1,1|4,16,14008,1,1"
2102	0.22	"6,16,5000,1,1|4,16,15009,1,1"
2103	0.22	"6,16,5001,1,1|4,16,15010,1,1"
2104	0.22	"6,16,5001,1,1|4,16,15011,1,1"
2105	0.22	"6,16,5002,1,1|4,16,15012,1,1"
2106	0.22	"6,16,5002,1,1|4,16,15013,1,1"
2107	0.22	"6,16,5002,1,1|4,16,15014,1,1"
2201	0.22	"6,16,5000,1,1|4,16,14015,1,1"
2202	0.22	"6,16,5000,1,1|4,16,15016,1,1"
2203	0.22	"6,16,5001,1,1|4,16,15017,1,1"
2204	0.22	"6,16,5001,1,1|4,16,15018,1,1"
2205	0.22	"6,16,5002,1,1|4,16,15019,1,1"
2206	0.22	"6,16,5002,1,1|4,16,15020,1,1"
2207	0.22	"6,16,5002,1,1|4,16,15021,1,1"
3001	0.22	"6,16,5000,1,1|4,16,45001,1,1"
3002	0.22	"6,16,5000,1,1|4,16,45049,1,1"
3003	0.22	"6,16,5000,1,1|4,16,45073,1,1"
3004	0.22	"6,16,5000,1,1|4,16,45085,1,1"
3005	0.22	"6,16,5000,1,1|4,16,45097,1,1"
3006	0.22	"6,16,5000,1,1|4,16,45121,1,1"
3007	0.22	"6,16,5001,1,1|4,16,45025,1,1"
3008	0.22	"6,16,5001,1,1|4,16,45037,1,1"
3009	0.22	"6,16,5001,1,1|4,16,45061,1,1"
3010	0.22	"6,16,5001,1,1|4,16,45049,1,1"
3011	0.22	"6,16,5001,1,1|4,16,45133,1,1"
3012	0.22	"6,16,5001,1,1|4,16,45145,1,1"
3013	0.22	"6,16,5002,1,1|4,16,45157,1,1"
3014	0.22	"6,16,5002,1,1|4,16,45157,1,1"
3015	0.22	"6,16,5002,1,1|4,16,45169,1,1"
3016	0.22	"6,16,5002,1,1|4,16,45181,1,1"
3017	0.22	"6,16,5002,1,1|4,16,45193,1,1"
3018	0.22	"6,16,5002,1,1|4,16,45205,1,1"
3019	0.22	"6,16,5002,1,1|4,16,45217,1,1"
3020	0.22	"6,16,5002,1,1|4,16,45229,1,1"
3021	0.22	"6,16,5002,1,1|4,16,45241,1,1"
3022	0.22	"6,16,5002,1,1|4,16,45253,1,1"
3023	0.22	"6,16,5002,1,1|4,16,45265,1,1"
3024	0.22	"6,16,5002,1,1|4,16,45277,1,1"
30011	0.22	"1,16,90,90000,1"
30021	0.22	"1,16,90,140000,1"
30031	0.22	"1,16,90,200000,1"
30041	0.22	"1,16,90,300000,1"
40011	0.22	"1,16,94,30000,1"
40021	0.22	"1,16,94,50000,1"
40031	0.22	"1,16,94,80000,1"
40041	0.22	"1,16,94,120000,1"
70011	0.22	"1,16,22001,1,1|1,16,22002,1,1|1,16,22003,1,1|1,16,33001,1,1|1,16,33002,1,1|1,16,33003,1,1|1,16,33004,1,1|1,16,33005,1,1|1,16,33006,1,1"
70021	0.22	"1,16,33001,1,1|1,16,33002,1,1|1,16,33003,1,1|1,16,33004,1,1|1,16,33005,1,1|1,16,33006,1,1"
70031	0.22	"1,16,33001,1,1|1,16,33002,1,1|1,16,33003,1,1|1,16,33004,1,1|1,16,33005,1,1|1,16,33006,1,1|1,16,34004,1,1|1,16,34005,1,1|1,16,34006,1,1|1,16,34007,1,1|1,16,34008,1,1|1,16,34009,1,1"
70041	0.22	"1,16,34001,1,1|1,16,34002,1,1|1,16,34003,1,1|1,16,34004,1,1|1,16,34005,1,1|1,16,34006,1,1|1,16,34007,1,1|1,16,34008,1,1|1,16,34009,1,1"
70051	0.22	"1,16,35001,1,1|1,16,35002,1,1|1,16,35003,1,1|1,16,35004,1,1|1,16,35005,1,1|1,16,35006,1,1|1,16,35007,1,1|1,16,35008,1,1|1,16,35009,1,1"
71011	0.22	"1,1,60204,25,1"
71021	0.22	"1,1,60204,40,1"
71031	0.22	"1,1,60204,60,1"
71041	0.22	"1,1,60204,90,1"
71051	0.22	"1,1,60204,125,1"
