复合条件id	条件1	条件2	条件3	条件4	条件5	条件6	条件7	条件8	条件9												
INT	INT	INT	INT	INT	INT	INT	INT	INT	INT												
id	conditionId1	conditionId2	conditionId3	conditionId4	conditionId5	conditionId6	conditionId7	conditionId8	conditionId9												
20100	381301	-1	-1	-1	-1	-1	-1	-1	-1		新的条件命名格式：【XXYYYY】										
20200	381300	60001	-1	-1	-1	-1	-1	-1	-1		XX：条件类型；说明见pvzas-documents\策划相关说明\pvzas_策划相关说明\页：新手引导表格说明										
20400	381101	60002	-1	-1	-1	-1	-1	-1	-1		YY：条件的重要参数（对应很长参数的条件，大致标明下意思即可）										
20500	381100	380501	-1	-1	-1	-1	-1	-1	-1												
20600	381100	380601	-1	-1	-1	-1	-1	-1	-1												
20700	380600	380701	-1	-1	-1	-1	-1	-1	-1												
20800	380600	60002	-1	-1	-1	-1	-1	-1	-1												
20900	380600	380801	110073	110145	270400	270600	-1	-1	-1												
21000	380800	110073	270600	-1	-1	-1	-1	-1	-1												
21300	384901	60003	40001	-1	-1	-1	-1	-1	-1												
21400	384900	60003	-1	-1	-1	-1	-1	-1	-1												
21600	385001	60004	-1	-1	-1	-1	-1	-1	-1												
21700	385000	60004	-1	-1	-1	-1	-1	-1	-1												
21800	385000	20121	110121	270800	-1	-1	-1	-1	-1												
22100	60005	-1	-1	-1	-1	-1	-1	-1	-1												
22200	383300	-1	-1	-1	-1	-1	-1	-1	-1												
																					
10001	381301	-1	-1	-1	-1	-1	-1	-1	-1		第一次抽卡	10001	10001：开始{豌豆抽卡}								
10002	381300	381101	-1	-1	-1	-1	-1	-1	-1		金币抽卡	10002	10010：结束{豌豆抽卡}	10011：开始{首次抽卡}							
10003	381100	380601	-1	-1	-1	-1	-1	-1	-1		钻石抽卡	10003	10020：结束{首次抽卡}	10021：开始{二次抽卡}							
10004	380600	380801	110121	110073	270400	270600	110145	270800	20145		阵容第一个第二个植物引导	10004	10030：结束{二次抽卡}	10031：开始{第一次阵容选择}	10032：坚果未上阵	10033：小喷菇未上阵	10034：4号阵格未空	10035：6号阵格未空	10036;水滴射手未上阵	10037：8号阵格未空	13001：拥有植物145（水滴射手）
10005	380800	380901	110073	270600	110121	-1	20145	-1	-1		阵容第二个植物引导	10005	10040：结束{第一次阵容选择}	10041：开始{第二次阵容选择}	10042：小喷菇未上阵	10043：6号阵格未空	10044：坚果未上阵	10045：4号阵格未空	13001：拥有植物145（水滴射手）		
11005	380900	384501	110073	270600	20145	-1	-1	-1	-1		阵容第三个植物引导	11005	12001：结束{第二次阵容选择}	12002：开始{三个+1植物 第四个植物 装备引导}	12003：小喷菇未上阵	12004：6号阵格未空	13001：拥有植物145（水滴射手）				
10006	380600	60001	20145	-1	-1	-1	-1	-1	-1		第一次战斗开始+助战好友	10006	10050：结束{二次抽卡}	10051：第一关开启但未通关	13001：拥有植物145（水滴射手）	 n 					
10007	381001	60002	20145	-1	-1	-1	-1	-1	-1		装备引导	10007	10060：开始{第一次装备}	10061：第二关开启但未通关	13001：拥有植物145（水滴射手）						
10008	381000	60002	20145	-1	-1	-1	-1	-1	-1		第二次战斗开始	10008	10070：结束{第一次装备}	10071：第二关开启但未通关	13001：拥有植物145（水滴射手）						
10009	381000	60003	20145	-1	-1	-1	-1	-1	-1		第三次战斗开始	10009	10080：结束{第一次装备}	10081：第三关开启但未通关	13001：拥有植物145（水滴射手）						
10010	381401	60004	90003	230001	230002	230003	20145	-1	-1		坚果装备进化引导	10010	10090：开始{第二件装备}	10091：第四关开启但未通关	10092：坚果品质在1和1之间	10093：坚果没带12007装备	10094：坚果没带10003装备	10095：坚果带了14008装备	13001：拥有植物145（水滴射手）		
10011	381400	381501	90003	230004	20145	-1	-1	-1	-1		坚果装备第三件	10011	10100：结束{第二件装备}	10101：开始{第三件装备}	10102：坚果品质在1和1之间	10103：坚果没带10003装备	13001：拥有植物145（水滴射手）				
10012	381500	381601	90003	230005	230006	230007	20145	-1	-1		坚果进化	10012	10110：结束{第三件装备}	10111：开始{进化}	10112：坚果品质在1和1之间	10113：坚果带了12007装备	10114：坚果带了10003装备	10115：坚果带了14008装备	13001：拥有植物145（水滴射手）		
10100	381100	380501	-1	-1	-1	-1	-1	-1	-1		金币结束+钻石抽卡	10100	11001：结束{首次抽卡}	11002：开始{第一次抽卡结束}（废）							
10101	380600	380701	-1	-1	-1	-1	-1	-1	-1		钻石抽卡结束	10101	11011：结束{二次抽卡}	11012：开始{第二次抽卡结束}（废）							
10020	384701	730002	720000	-1	-1	-1	-1	-1	-1		购买能量豆	10020	13100：开始{购买能量豆}	13101：为2（关卡）的战斗场景	13102：能否购买能量豆						
																					
40100	11818	-1	-1	-1	-1	-1	-1	-1	-1												
40101	200602	11818	520006	400066	-1	-1	-1	-1	-1												
40102	200602	11818	520006	-1	-1	-1	-1	-1	-1												
40200	60006	-1	-1	-1	-1	-1	-1	-1	-1												
40203	60006	381000	385101	-1	-1	-1	-1	-1	-1												
40300	60011	385201	-1	-1	-1	-1	-1	-1	-1												
40400	170061	60007	385301	-1	-1	-1	-1	-1	-1												
50100	11099	100800	385900	-1	-1	-1	-1	-1	-1												
																					
1	60002	170011	381000	-1	-1	-1	-1	-1	-1												
2	220002	60003	-1	-1	-1	-1	-1	-1	-1												
3	60003	170021	-1	-1	-1	-1	-1	-1	-1												
4	220003	-1	-1	-1	-1	-1	-1	-1	-1												
8	170031	90002	-1	-1	-1	-1	-1	-1	-1		pointid	desc									
9	60004	381600	-1	-1	-1	-1	-1	-1	-1		13	豌豆抽卡	21	排位赛引导	33	能量槽引导					
10	170051	60006	70001	-1	-1	-1	-1	-1	-1		11	首次抽卡	22	戴夫杯引导	34	觉醒引导第一次					
11	170051	60006	560001	-1	-1	-1	-1	-1	-1		5	第一次抽卡结束(没有保存)	23	金盏花引导	35	觉醒引导第二次					
13	170061	60007	-1	-1	-1	-1	-1	-1	-1		6	二次抽卡	24	阳光菇引导	36	觉醒引导第三次					
14	50121	122020	130000	10899	-1	-1	-1	-1	-1		7	第二次抽卡结束(没有保存)	25	花园战争引导	37	觉醒引导第四次					
15	10899	50001	-1	-1	-1	-1	-1	-1	-1		8	第一次阵容选择	26	元素试炼引导	38	植物关卡技能引导					
16	170101	70003	60011	-1	-1	-1	-1	-1	-1		9	第二次阵容选择	27	无尽引导	39	服务器用，第六关第一次通关					
17	150037	140003	-1	-1	-1	-1	-1	-1	-1		10	第一次装备	28	每日日常引导	40	小推车阵容引导					
18	20121	270700	60026	160406	570121	-1	-1	-1	-1		12	元素相克提示	29	疯狂造币机引导	41	无尽商店					
19	20121	270701	-1	-1	-1	-1	-1	-1	-1		13	豌豆抽卡	30	2-3小推车引导	42	戴夫商店					
20	60009	-1	-1	-1	-1	-1	-1	-1	-1		14	第二件装备	31	技能引导	43	精灵抽取					
21	60010	-1	-1	-1	-1	-1	-1	-1	-1		15	第三件装备	32	传送带引导	44	精灵穿戴					
22	60011	-1	-1	-1	-1	-1	-1	-1	-1		16	进化	33	能量槽引导	45	第三次阵容选择					
23	60012	-1	-1	-1	-1	-1	-1	-1	-1		17	任务奖励	29	疯狂造币机引导	46	疯狂造币机引导二					
24	70004	60016	-1	-1	-1	-1	-1	-1	-1		18	第三次阵容选择	30	2-3小推车引导	47	购买能量豆					
25	70005	60021	-1	-1	-1	-1	-1	-1	-1		19	能量豆	31	技能引导	48	三个+1植物第四个植物装备引导					
26	70006	60031	-1	-1	-1	-1	-1	-1	-1		20	非强制钻石抽卡引导	32	传送带引导	49	第一次植物升级					
27	150097	140004	-1	-1	-1	-1	-1	-1	-1						50	第一次领取满星奖励					
28	20097	270900	570097	-1	-1	-1	-1	-1	-1												
29	70007	60036	-1	-1	-1	-1	-1	-1	-1												
30	80000	11199	-1	-1	-1	-1	-1	-1	-1												
31	180000	11199	-1	-1	-1	-1	-1	-1	-1												
50	180001	11199	-1	-1	-1	-1	-1	-1	-1												
32	70008	60041	-1	-1	-1	-1	-1	-1	-1												
34	70010	60046	-1	-1	-1	-1	-1	-1	-1												
35	150025	140005	-1	-1	-1	-1	-1	-1	-1												
36	20025	270800	-1	-1	-1	-1	-1	-1	-1												
37	70011	60051	-1	-1	-1	-1	-1	-1	-1												
38	70012	60056	-1	-1	-1	-1	-1	-1	-1												
39	70013	60061	-1	-1	-1	-1	-1	-1	-1												
40	150049	140006	-1	-1	-1	-1	-1	-1	-1												
41	20049	530001	190000	-1	-1	-1	-1	-1	-1												
42	60061	170461	190001	-1	-1	-1	-1	-1	-1												
44	100799	390000	60071	170701	12799	-1	-1	-1	-1												
45	390001	-1	-1	-1	-1	-1	-1	-1	-1												
52	60002	170011	381000	400001	-1	-1	-1	-1	-1												
53	60003	170021	400002	-1	-1	-1	-1	-1	-1												
59	60004	400003	-1	-1	-1	-1	-1	-1	-1												
60	50121	122020	130000	10899	400005	-1	-1	-1	-1												
61	50121	122020	130000	10899	400059	-1	-1	-1	-1												
64	100799	390000	400006	60071	170701	12799	-1	-1	-1												
65	10505	-1	-1	-1	-1	-1	-1	-1	-1												
66	10299	-1	-1	-1	-1	-1	-1	-1	-1												
67	11599	-1	-1	-1	-1	-1	-1	-1	-1												
68	170071	-1	-1	-1	-1	-1	-1	-1	-1												
69	10899	-1	-1	-1	-1	-1	-1	-1	-1												
70	11599	-1	-1	-1	-1	-1	-1	-1	-1												
71	170101	-1	-1	-1	-1	-1	-1	-1	-1												
72	10399	-1	-1	-1	-1	-1	-1	-1	-1												
73	12799	-1	-1	-1	-1	-1	-1	-1	-1												
74	20037	40037	510037	420000	-1	-1	-1	-1	-1												
75	20037	400011	40037	510037	420000	-1	-1	-1	-1												
76	410001	420000	430000	400010	-1	-1	-1	-1	-1												
77	460101	10110	500007	-1	-1	-1	-1	-1	-1												
78	20037	40037	400012	510037	420000	-1	-1	-1	-1												
79	440000	470121	-1	-1	-1	-1	-1	-1	-1												
80	440000	400013	470121	-1	-1	-1	-1	-1	-1												
81	480001	-1	-1	-1	-1	-1	-1	-1	-1												
82	60007	190001	-1	-1	-1	-1	-1	-1	-1												
83	11099	-1	-1	-1	-1	-1	-1	-1	-1												
84	10699	-1	-1	-1	-1	-1	-1	-1	-1												
85	60016	-1	-1	-1	-1	-1	-1	-1	-1												
86	70014	60026	-1	-1	-1	-1	-1	-1	-1												
87	70015	60004	-1	-1	-1	-1	-1	-1	-1												
88	10909	-1	-1	-1	-1	-1	-1	-1	-1												
90	11515	-1	-1	-1	-1	-1	-1	-1	-1												
91	200202	11515	520002	400014	-1	-1	-1	-1	-1												
92	200202	11515	520002	-1	-1	-1	-1	-1	-1												
93	200402	11515	520004	-1	-1	-1	-1	-1	-1												
94	200402	11515	520004	400016	-1	-1	-1	-1	-1												
95	200402	11515	520004	400017	-1	-1	-1	-1	-1												
96	11616	-1	-1	-1	-1	-1	-1	-1	-1												
97	200502	11616	520005	400018	-1	-1	-1	-1	-1												
98	200502	11616	520005	-1	-1	-1	-1	-1	-1												
99	60006	-1	-1	-1	-1	-1	-1	-1	-1												
100	11414	-1	-1	-1	-1	-1	-1	-1	-1												
101	200102	11414	520001	400020	-1	-1	-1	-1	-1												
102	200102	11414	520001	-1	-1	-1	-1	-1	-1												
103	12020	-1	-1	-1	-1	-1	-1	-1	-1												
104	200301	12020	-1	-1	-1	-1	-1	-1	-1												
105	200301	12020	-1	400022	-1	-1	-1	-1	-1												
106	170010	540001	381901	-1	-1	-1	-1	-1	-1												
107	170010	540001	381900	-1	-1	-1	-1	-1	-1												
108	170171	60018	-1	-1	-1	-1	-1	-1	-1												
109	170171	60018	400023	-1	-1	-1	-1	-1	-1												
110	170171	60018	500018	-1	-1	-1	-1	-1	-1												
111	12525	-1	-1	-1	-1	-1	-1	-1	-1												
112	60046	550001	-1	-1	-1	-1	-1	-1	-1												
113	60046	550001	400024	-1	-1	-1	-1	-1	-1												
114	60046	550001	-1	-1	-1	-1	-1	-1	-1												
115	60017	-1	-1	-1	-1	-1	-1	-1	-1												
116	190001	60017	500017	-1	-1	-1	-1	-1	-1												
117	381600	400026	-1	-1	-1	-1	-1	-1	-1												
118	580000	400027	-1	-1	-1	-1	-1	-1	-1												
119	580001	400028	-1	-1	-1	-1	-1	-1	-1												
120	580002	400029	-1	-1	-1	-1	-1	-1	-1												
121	580100	400030	-1	-1	-1	-1	-1	-1	-1												
122	580200	400031	-1	-1	-1	-1	-1	-1	-1												
123	580400	400032	-1	-1	-1	-1	-1	-1	-1												
124	580401	400033	-1	-1	-1	-1	-1	-1	-1												
125	580402	400034	-1	-1	-1	-1	-1	-1	-1												
126	170041	160106	590000	-1	-1	-1	-1	-1	-1												
127	600000	170061	-1	-1	-1	-1	-1	-1	-1												
128	60005	383201	610001	610101	620001	-1	-1	-1	-1												
129	60005	383201	610001	610101	620000	-1	-1	-1	-1												
130	170010	383301	-1	-1	-1	-1	-1	-1	-1												
131	630600	630700	630903	-1	-1	-1	-1	-1	-1												
132	400038	400039	400040	-1	-1	-1	-1	-1	-1												
133	383400	630600	630700	630801	-1	-1	-1	-1	-1												
134	383400	400044	400045	400046	-1	-1	-1	-1	-1												
135	383500	630600	630700	630902	-1	-1	-1	-1	-1												
136	383500	400050	400051	400052	-1	-1	-1	-1	-1												
137	383600	630600	630700	631000	-1	-1	-1	-1	-1												
138	400056	400057	400058	-1	-1	-1	-1	-1	-1												
139	160303	590000	100404	190000	-1	-1	-1	-1	-1												
140	640000	-1	-1	-1	-1	-1	-1	-1	-1												
141	650000	-1	-1	-1	-1	-1	-1	-1	-1												
142	13545	-1	-1	-1	-1	-1	-1	-1	-1												
143	660000	13545	-1	-1	-1	-1	-1	-1	-1												
150	670000	-1	-1	-1	-1	-1	-1	-1	-1												
151	500005	700001	60005	-1	-1	-1	-1	-1	-1												
152	500005	680201	60005	-1	-1	-1	-1	-1	-1												
153	500005	680202	710000	60005	-1	-1	-1	-1	-1												
154	500005	680205	710000	60005	-1	-1	-1	-1	-1												
155	500005	680206	710000	60005	384701	730002	720000	-1	-1												
156	500005	680203	710000	60005	-1	-1	-1	-1	-1												
160	500005	690000	60005	-1	-1	-1	-1	-1	-1												
161	400060	400061	400062	-1	-1	-1	-1	-1	-1												
162	400063	400064	400065	-1	-1	-1	-1	-1	-1												
170	740000	750000	-1	-1	-1	-1	-1	-1	-1												
171	740000	750000	-1	-1	-1	-1	-1	-1	-1												
180	60008	-1	-1	-1	-1	-1	-1	-1	-1												
1000	60008	-1	-1	-1	-1	-1	-1	-1	-1												
																					
60001	750001	-1	-1	-1	-1	-1	-1	-1	-1												
60002	750001	750002	-1	-1	-1	-1	-1	-1	-1												
60003	750001	750003	-1	-1	-1	-1	-1	-1	-1												
60004	750001	750004	-1	-1	-1	-1	-1	-1	-1												
60005	750001	750005		-1	-1	-1	-1	-1	-1												
60006	750001	750006	-1	-1	-1	-1	-1	-1	-1												
60007	750001	750005	750004	-1	-1	-1	-1	-1	-1												
60008	750001	750007	750008	-1	-1	-1	-1	-1	-1												
