唯一ID	说明	只有0	下部	如果本步引导不满足条件，则进行下一个引导	这大步的第一小步	这大步的最后一步	触发条件列表id	触发位置										
INT	STRING	INT	INT	INT	INT	INT	INT	INT										
id	name	nexttype	next	pass_next	firststepid	laststepid	conditionListId	startPoint										
20100	CG结束后获得豌豆射手	0	0	0	20100	20101	20100	0										
20200	第一关战斗开始	0	0	0	20200	20203	20200	0										
22200	植物放大招	0	0	0	22200	22200	22200	5										
20300	第一次战斗结束	0	0	0	20300	20301	-1	2										
20400	金币抽卡	0	0	0	20400	20404	20400	0										
20500	金币结束+钻石抽卡	0	0	0	20500	20503	20500	1										
20600	(中断)钻石抽卡	0	0	0	20600	20602	20600	0										
20700	钻石抽卡结束	0	20800	0	20700	20701	20700	1										
20800	第二关战斗开始	0	20900	0	20800	20801	20800	0										
20900	水滴射手、小喷菇上阵引导	0	0	21000	20900	20902	20900	-1										
21000	(中断)小喷菇上阵引导	0	0	21100	20901	20902	21000	-1										
21100	(中断)布阵界面点战斗	0	0	0	20902	20902	-1	-1										
21200	第二次战斗结束	0	0	0	21200	21200	-1	7										
21300	植物升级引导	0	21400	0	21300	21306	21300	0										
21400	第三关战斗	0	0	0	21400	21402	21400	0										
21500	第三关战斗结束	0	0	0	21500	21500	-1	7										
21600	满星奖励领取引导	0	21700	0	21600	21604	21600	0										
21700	第四关战斗开始	0	21800	0	21700	21701	21700	0										
21800	坚果上阵引导	0	0	23100	21702	21703	21800	-1										
23100	(中断)布阵界面点战斗	0	0	0	21703	21703	-1	-1										
23000	潘妮宝藏	0	0	0	23000	23004	40400	6										
24000	伙伴助战	0	0	0	24000	24001	50100	8										
																		
300001	伽刚特尔说话1	0	0	0	300001	300001	-1	-1										
300002	火龙草说话1向日葵大招	0	0	0	300002	300003	-1	-1										
300004	火龙草说话2末日菇大招	0	0	0	300004	300005	-1	-1										
300006	火龙草大招	0	0	0	300006	300006	-1	-1										
300007	BOSS说话 boss大招	0	0	0	300007	300007	-1	-1										
300008	机枪射手说话	0	0	0	300008	300008	-1	-1										
										旧版								
										999	第一次抽卡	0	0	0	9000	9000	10001	0
										1000	金币抽卡	0	0	0	10000	1001	10002	0
										1001	金币结束+钻石抽卡	0	0	0	10002	1004	10100	1
										1002	钻石抽卡	0	0	0	50001	1004	10003	0
										1003	钻石抽卡结束	0	1006	0	10005	1006	10101	1
										1006	第一次战斗开始+助战好友	0	1106	0	1020	1022	10006	0
										1106	阵容第一个第二个植物引导	0	0	1206	1112	1017	10004	-1
										1206	阵容第二个植物引导	0	0	1406	1114	1017	10005	-1
										1406	阵容第三个植物引导	0	0	1306	1115	1017	11005	-1
										1306	直接进入战斗	0	0	0	1017	1017	-1	-1
										1007	第一次战斗结束	0	0	0	1030	1035	-1	2
										1008	装备引导	0	1010	0	10040	1045	10007	0
										1009	属性相克提示	0	0	0	2001	2001	-1	3
										1010	第二次战斗开始	0	0	0	2021	2023	10008	0
										1011	第三次战斗开始	0	0	0	2121	2123	10009	0
										1012	坚果装备进化引导	0	0	0	2200	2210	10010	0
										1013	坚果装备第三件	0	0	0	2300	2310	10011	0
										1014	坚果进化	0	0	0	2400	2410	10012	0
										1015	购买能量豆	0	0	0	2900	2901	10020	5
