条件id	从conditionTypeDesc表中取条件命令	条件参数1	条件参数2	条件参数3	条件参数4				
INT	INT	INT	INT	INT	INT				
id	conditionType	conditionValue1	conditionValue2	conditionValue3	conditionValue4				
10101	1	1	1	-1	-1				
10202	1	2	2	-1	-1				
10303	1	3	3	-1	-1				
10404	1	4	4	-1	-1				
10505	1	5	5	-1	-1				
10102	1	1	2	-1	-1			类型	说明
10103	1	1	3	-1	-1			1	获取玩家等级
10110	1	1	10	-1	-1			2	拥有指定植物
10299	1	2	9999	-1	-1			3	指定道具
10399	1	3	9999	-1	-1			4	指定植物达到指定等级
10505	1	5	5	-1	-1			5	指定植物技能到达指定等级
10699	1	6	9999	-1	-1			6	指定关卡开启，但未通过
10899	1	8	9999	-1	-1			7	指定任务完成，未领取奖励
10909	1	9	9	-1	-1			8	是否更改昵称
11099	1	10	9999	-1	-1			9	指定植物到达指定品质
11199	1	11	99	-1	-1			10	拥有植物数量
11414	1	14	14	-1	-1			11	指定植物未上阵
11515	1	15	15	-1	-1			12	拥有超过指定数量的技能点数
11616	1	16	16	-1	-1			12	拥有超过指定数量的技能点数
11818	1	18	18	-1	-1				
11599	1	15	99	-1	-1			13	拥有指定金币数量超过指定值
12020	1	20	20	-1	-1			14	拥有指定道具数量超过指定值
12525	1	25	25	-1	-1			15	未拥有指定植物
12626	1	26	26	-1	-1				
12799	1	27	99	-1	-1			16	上阵植物数量小于指定值
13545	1	35	45	-1	-1			17	通关指定关卡
20001	2	1	-1	-1	-1			18	竞技场是否有排名
20025	2	25	-1	-1	-1			19	轨道车上是否有植物
20037	2	37	-1	-1	-1			20	挑战中活动（以前：无尽）的次数为指定值
20049	2	49	-1	-1	-1			21	指定日常任务完成未领取
20097	2	97	-1	-1	-1			22	首次通关指定关卡
20121	2	121	-1	-1	-1			23	指定植物携带指定装备
20145	2	145	-1	-1	-1			27	指定阵容位置上无植物
40001	4	1	1	1	-1				
40037	4	37	1	5	-1			33	是否获得历史最高排名奖励
50001	5	1	2	100	-1			38	服务器强制引导保存的步骤点
50121	5	121	1	1	-1			39	是否已有植物携带了小伙伴
60001	6	1	-1	-1	-1			40	截取界面参数
60002	6	2	-1	-1	-1			41	比较玩家与植物等级
60003	6	3	-1	-1	-1			42	表示玩家没有主动给植物升过级，不需要填写参数
60004	6	4	-1	-1	-1			43	表示之前一场pve战斗失败，不需要填写参数
60005	6	5	-1	-1	-1			44	标示玩家从来没有进行过升星操作
60006	6	6	-1	-1	-1			45	指定章节星星数
60007	6	7	-1	-1	-1			46	是否已经选中2倍速
60008	6	8	-1	-1	-1			47	判断是否有植物可以升星
60009	6	9	-1	-1	-1			48	是否可以满星兑换奖励
60010	6	10	-1	-1	-1			49	主界面是否在某advid界面
60011	6	11	-1	-1	-1			50	当前战斗是否是 某个subadvid 
60012	6	12	-1	-1	-1			51	判断指定植物是否比玩家的等级低
60016	6	16	-1	-1	-1			52	判断活动是否开启
60017	6	17	-1	-1	-1			53	接到任务，未完成
60018	6	18	-1	-1	-1			54	指定植物上阵
60021	6	21	-1	-1	-1			55	拥有指定钻石数量超过指定值
60026	6	26	-1	-1	-1			56	是否领取指定任务
60031	6	31	-1	-1	-1			57	阵容上没有指定植物 父id
60036	6	36	-1	-1	-1			58	快捷提醒类型是否吻合
60041	6	41	-1	-1	-1			59	拥有为上阵的植物
60046	6	46	-1	-1	-1			60	是否有为领取的任务
60051	6	51	-1	-1	-1			61	战斗中是否有植物/僵尸
60056	6	56	-1	-1	-1			62	传送带关卡是否有植物被选中
60061	6	61	-1	-1	-1			63	是否有植物可以觉醒
60066	6	66	-1	-1	-1			64	是否有一定数量的无尽钻石
60071	6	71	-1	-1	-1			65	拥有一定数量的戴夫奖牌
70001	7	10001	0	-1	-1			66	没有携带精灵并且拥有未穿戴的精灵
70002	7	10001	1	-1	-1			67	是否有植物可以合成
70003	7	10002	-1	-1	-1			68	正在进行的PVE波数 
70004	7	10003	-1	-1	-1			69	战斗是否胜利
70005	7	10004	-1	-1	-1			70	指定的波数结束 
70006	7	10005	-1	-1	-1			71	对方中是否有BOSS存活
70007	7	10006	-1	-1	-1			72	是否可以购买能量豆
70008	7	10007	-1	-1	-1			73	是否为指定战斗类型
70009	7	1	-1	-1	-1				
70010	7	10008	-1	-1	-1				
70011	7	10009	-1	-1	-1				
70012	7	10010	-1	-1	-1				
70013	7	10011	-1	-1	-1				
70014	7	10200	-1	-1	-1				
70015	7	10000	-1	-1	-1				
70016	7	10000	-1	-1	-1				
80000	8	0	-1	-1	-1				
80001	8	1	-1	-1	-1				
90001	9	1	1	1	-1				
90002	9	1	2	2	-1				
90003	9	121	1	1	-1				
100106	10	1	6	-1	-1				
100404	10	4	4	-1	-1				
100799	10	7	99	-1	-1				
100800	10	8	99	-1	-1				
110073	11	73	-1	-1	-1				
110121	11	121	-1	-1	-1				
110145	11	145	-1	-1	-1				
122020	12	20	20	-1	-1				
130000	13	100	9999999						
140001	14	12013	1	99	-1				
140002	14	14001	1	99	-1				
140003	14	45037	10	9999	-1				
140004	14	45097	10	9999	-1				
140005	14	45025	30	9999	-1				
140006	14	45049	10	9999	-1				
140007	14	114	9	9999999	-1				
150025	15	25	-1	-1	-1				
150037	15	37	-1	-1	-1				
150049	15	49	-1	-1	-1				
150097	15	97	-1	-1	-1				
160106	16	1	6	-1	-1				
160303	16	3	3	-1	-1				
160406	16	4	6	-1	-1				
170010	17	1	0	-1	-1				
170011	17	1	-1	-1	-1				
170021	17	2	-1	-1	-1				
170031	17	3	-1	-1	-1				
170041	17	4	-1	-1	-1				
170051	17	5	-1	-1	-1				
170061	17	6	-1	-1	-1				
170071	17	7	-1	-1	-1				
170101	17	10	-1	-1	-1				
170171	17	17	-1	-1	-1				
170201	17	20	-1	-1	-1				
170441	17	44	-1	-1	-1				
170461	17	46	-1	-1	-1				
170651	17	65	-1	-1	-1				
170701	17	70	-1	-1	-1				
180000	18	0	-1	-1	-1				
180001	18	1	-1	-1	-1				
190000	19	0	-1	-1	-1				
190001	19	1	-1	-1	-1				
200102	20	1	2	100	-1				
200301	20	3	1	100	-1				
200202	20	2	2	100	-1				
200402	20	4	2	100	-1				
200502	20	5	2	100	-1				
200602	20	6	2	100	-1				
220002	22	2	-1	-1	-1				
220003	22	3	-1	-1	-1				
230001	23	121	12007	0	-1				
230002	23	121	10003	0	-1				
230003	23	121	14008	1	-1				
230004	23	121	10003	0	-1				
230005	23	121	12007	1	-1				
230006	23	121	10003	1	-1				
230007	23	121	14008	1	-1				
270100	27	1	0	-1	-1				
270400	27	4	0	-1	-1				
270600	27	6	0	-1	-1				
270700	27	7	0	-1	-1				
270701	27	7	1	-1	-1				
270800	27	8	0	-1	-1				
270900	27	9	0	-1	-1				
380501	38	5	1	-1	-1				
380600	38	6	0	-1	-1				
380601	38	6	1	-1	-1				
380701	38	7	1	-1	-1				
380800	38	8	0	-1	-1				
380801	38	8	1	-1	-1				
380900	38	9	0	-1	-1				
380901	38	9	1	-1	-1				
381000	38	10	0	-1	-1				
381001	38	10	1	-1	-1				
381100	38	11	0	-1	-1				
381101	38	11	1	-1	-1				
381300	38	13	0	-1	-1				
381301	38	13	1	-1	-1				
381400	38	14	0	-1	-1				
381401	38	14	1	-1	-1				
381500	38	15	0	-1	-1				
381501	38	15	1	-1	-1				
381600	38	16	0	-1	-1				
381601	38	16	1	-1	-1				
381700	38	17	0	-1	-1				
381701	38	17	1	-1	-1				
381800	38	18	0	-1	-1				
381801	38	18	1	-1	-1				
381900	38	19	0	-1	-1				
381901	38	19	1	-1	-1				
382900	38	29	0	-1	-1				
382901	38	29	1	-1	-1				
383201	38	32	1	-1	-1				
383301	38	33	1	-1	-1				
383300	38	33	0	-1	-1				
383400	38	34	0	-1	-1				
383500	38	35	0	-1	-1				
383600	38	36	0	-1	-1				
384501	38	45	1	-1	-1				
384701	38	47	1	-1	-1				
384900	38	49	0	-1	-1				
384901	38	49	1	-1	-1				
385000	38	50	0	-1	-1				
385001	38	50	1	-1	-1				
385101	38	51	1	-1	-1				
385201	38	52	1	-1	-1				
385300	38	53	0	-1	-1				
385301	38	53	1	-1	-1				
385400	38	54	0	-1	-1				
385401	38	54	1	-1	-1				
385500	38	55	0	-1	-1				
385501	38	55	1	-1	-1				
385600	38	56	0	-1	-1				
385601	38	56	1	-1	-1				
385700	38	57	0	-1	-1				
385701	38	57	1	-1	-1				
385800	38	58	0	-1	-1				
385801	38	58	1	-1	-1				
385900	38	59	1	-1	-1				
390000	39	0	-1	-1	-1				
390001	39	1	-1	-1	-1				
400001	40	0	2	-1	-1				
400002	40	0	3	-1	-1				
400003	40	0	4	-1	-1				
400004	40	2	1	1	-1				
400005	40	7	121	3	-1				
400006	40	2	2	2	-1				
400007	40	4	1	12013	-1				
400008	40	4	1	14001	-1				
400009	40	2	-1	4	1				
400010	40	2	-1	0	1				
400011	40	7	37	3	-1				
400012	40	7	37	1	-1				
400013	40	7	-1	3	2				
400014	40	3	2	0	-1				
400015	40	3	2	1	-1				
400016	40	3	4	1	-1				
400017	40	3	4	0	-1				
400018	40	3	5	1	-1				
400019	40	3	5	0	-1				
400020	40	3	1	0	-1				
400021	40	3	1	1	-1				
400022	40	3	3	0	-1				
400023	40	0	18	-1	-1				
400024	40	5	1	1	-1				
400025	40	5	1	0	-1				
400026	40	2	-1	1	3				
400027	40	2	0	1	4				
400028	40	2	1	1	4				
400029	40	2	2	1	4				
400030	40	2	-1	1	3				
400031	40	2	-1	1	2				
400032	40	2	0	1	5				
400033	40	2	1	1	5				
400034	40	2	2	1	5				
400035	40	2	0	1	6				
400036	40	2	-1	1	7				
400037	40	2	1	1	9				
400038	40	6	0	1	6				
400039	40	6	-1	1	7				
400040	40	6	1	1	9				
400041	40	2	0	1	6				
400042	40	2	-1	1	7				
400043	40	2	1	1	8				
400044	40	6	0	1	6				
400045	40	6	-1	1	7				
400046	40	6	1	1	8				
400047	40	2	0	1	6				
400048	40	2	-1	1	7				
400049	40	2	2	1	9				
400050	40	6	0	1	6				
400051	40	6	-1	1	7				
400052	40	6	2	1	9				
400053	40	2	0	1	6				
400054	40	2	-1	1	7				
400055	40	2	-1	1	10				
400056	40	6	0	1	6				
400057	40	6	-1	1	7				
400058	40	6	-1	1	10				
400059	40	7	121	2	-1				
400060	40	7	0	-1	6				
400061	40	7	-1	-1	7				
400062	40	7	3	-1	9				
400063	40	7	121	-1	-1				
400064	40	7	2	-1	11				
400065	40	8	0	-1	-1				
400066	40	3	6	1	-1				
400067	40	3	6	0	-1				
410001	41	1	-1	-1	-1				
420000	42	-1	-1	-1	-1				
430000	43	-1	-1	-1	-1				
440000	44	-1	-1	-1	-1				
460101	46	1	1	-1	-1				
470001	47	1	-1	-1	-1				
470121	47	121	-1	-1	-1				
480001	48	1	-1	-1	-1				
500005	50	5	-1	-1	-1				
500007	50	7	-1	-1	-1				
500017	50	17	1	-1	-1				
500018	50	18	-1	-1	-1				
510037	51	37	-1	-1	-1				
520001	52	1	-1	-1	-1				
520002	52	2	-1	-1	-1				
520004	52	4	-1	-1	-1				
520005	52	5	-1	-1	-1				
520006	52	6	-1	-1	-1				
530001	53	10001	-1	-1	-1				
540001	54	1	-1	-1	-1				
550001	55	280	9999999	-1	-1				
550002	55	10	9999999	-1	-1				
560001	56	10001	0	-1	-1				
570097	57	97	-1	-1	-1				
570121	57	121	-1	-1	-1				
580000	58	0	0	-1	-1				
580001	58	0	1	-1	-1				
580002	58	0	2	-1	-1				
580100	58	1	-1	-1	-1				
580200	58	2	-1	-1	-1				
580400	58	4	0	-1	-1				
580401	58	4	1	-1	-1				
580402	58	4	2	-1	-1				
590000	59	-1	-1	-1	-1				
600000	60	-1	-1	-1	-1				
610001	61	0	1	-1	-1				
610101	61	1	1	-1	-1				
620000	62	0	-1	-1	-1				
620001	62	1	-1	-1	-1				
630600	63	6	0	-1	-1				
630700	63	7	-1	-1	-1				
630801	63	8	1	-1	-1				
630901	63	9	1	-1	-1				
630902	63	9	2	-1	-1				
630903	63	9	3	-1	-1				
631000	63	10	-1	-1	-1				
640000	64	1000	9999999	-1	-1				
650000	65	1000	9999999	-1	-1				
660000	66	-1	-1	-1	-1				
670000	67	-1	-1	-1	-1				
680201	68	2	1	-1	-1				
680202	68	2	2	-1	-1				
680203	68	2	3	-1	-1				
680205	68	2	5	-1	-1				
680206	68	2	6	-1	-1				
690000	69	-1	-1	-1	-1				
700001	70	1	-1	-1	-1				
710000	71	-1	-1	-1	-1				
720000	72	-1	-1	-1	-1				
730002	73	2	-1	-1	-1				
740000	74	2	3	3	-1				
750000	75	1	2	2	-1				
750001	1	15	999999	-1	-1		玩家等级达到15，触发远征，植物天赋引导		
750002	40	10	0	-1	-1				
750003	40	9	0	-1	-1				
750004	76	0	0	-1	-1				
750005	77	9004	0	-1	-1				
750006	78	9	0	-1	-1				
750007	79	-1	-1	-1	-1				
750008	77	9001	-1	-1	-1				
