唯一ID	所属植物·	重复次数	开始帧	结束帧	发射类型	偏移X	偏移Y	子弹动画ID	子弹爆炸ID	发子弹时间	子弹速度	拆分次数	伤害间隔时间	伤害比例
INT	STRING	INT	INT	INT	INT	FLOAT	FLOAT	INT	INT	INT	INT	INT	INT	FLOAT
ID	define	repeatNum	start_frame	end_frame	emitter_type	offsetX	offsetY	bullet_action	bomb_actionID	attack_start_time	damage_time	damage_count	damage_interval	damage_percent
1	豌豆射手	6	0	9	0	50	60	301	51604	30	240	13	100	7.7
2	双向射手	4	0	9	0	50	60	301	51604	30	100	10	200	8
3	双重射手	6	0	9	0	50	60	301	51604	30	100	15	200	4
4	回旋镖射手	2	0	5	2	-5	55	51101	-1	30	100	8	100	12.5
5	卷心菜投手	0	26	27	3	0	60	50103	50102	-1	-1			
6	冰西瓜	0	29	65	4	0	0	6205	6206	-1	-1			
7	寒冰射手	8	39	46	0	45	60	52201	52202	1500	100	13	200	7.7
8	雪人僵尸	0	43	44	3	0	170	18101	-1	-1	-1			
9	土豆地雷	0	23	24	3	0	60	10507	101301	-1	-1			
10	地刺	-1	0	0	-1	0	0	0	0	1066	1	5	305	20
11	机枪射手	6	19	28	0	50	60	301	51604	750	100	10	200	7
12	竹笋	-1	0	0	-1	0	0	0	0	1200	200	2	600	50
13	刚加特尔	-1	0	0	-1	0	0	0	0	1600	1	5	133	20
14	爆米花射手	0	60	61	3	0	60	107601	107602	-1				
15	水滴射手	1	43	45	0	50	60	108601	108702	1433	100	3	100	33.3
16	小西瓜	0	89	90	3	0	60	109301	109302	-1	-1			
17	玉米投手	0	25	26	3	0	60	107601	107602	-1				
18	西瓜投手	0	32	67	5	0	0	110401	110402	-1	-1			
19	警长僵尸	6	41	51	0	50	60	0	200301	1400	1	5	330	20
20	小辣椒	0	23	24	3	0	20	109601	109602	-1	-1			
21	刚地刺	-1	0	0	-1	0	0	0	0	30	1	5	305	20
22	雪人僵尸cb3	-1	0	0	-1	0	0	0	0	1350	1	5	830	20
23	椰子弹弓	-1	0	0	-1	0	0	0	0	2000	100	5	167	20
24	椰子加农炮	-1	40	41	0	47	39	8213	8215	1367	100	1	0	100
25	狗尾巴草	-1	0	0	-1	0	0	0	0	1750	1	3	550	33
26	猫尾草	-1	0	0	-1	0	0	0	0	2000	1	3	150	33
27	boss探险僵尸	0	37	38	3	0	60	915615	915616	633	100	1	0	100
28	灵符僵尸	-1	0	0	-1	0	0	0	0	1950	1	2	250	50
29	长城战车	-1	81	82	0	50	60	24003	24006	1350	100	1	0	100
30	功夫火炬	-1	0	0	-1	0	0	0	0	1350	1	5	305	20
31	蟠桃赵丹	-1	0	0	-1	0	0	0	0	500	1	2	500	50
32	狼人僵尸	-1	0	0	-1	0	0	0	0	1200	100	2	150	50
33	郁金香号手	0	20	22	6	50	60	175013	175014	-1	-1			
34	魔音甜菜	0	35	37	6	50	60	175013	175014	-1	-1			
35	DJ喇叭花	0	20	22	6	50	60	175013	175014	-1	-1			
36	针叶爆破手	0	17	86	7	50	60	176052	-1	-1	-1	4	100	25
37	赤针花	0	26	67	8	50	60	176052	-1	-1	-1	4	100	25
38	红莲女王	0	14	41	9	-10	0	176053	-1	-1	-1	6	100	16.6
39	南瓜巫师	0	35	90	10	0	0	177072	177074	-1	-1			
40	月光花	0	20	22	6	50	60	177191	177193	-1	-1			
41	暗影龙葵	0	35	37	6	50	60	177181	177193	-1	-1			
42	暗樱草	0	20	22	6	50	60	177171	177193	-1	-1			
43	苹果掷弹手	0	17	19	11	0	60	177548	177545	-1	-1			
44	苹果榴弹炮	0	17	19	11	0	60	177548	177545	-1	-1			
45	苹果迫击炮	0	17	19	11	0	60	177548	177545	-1	-1			
46	噬毒花	0	17	37	11	0	60	177548	177576	-1	-1			
47	大王花	0	17	37	11	0	60	177548	177576	-1	-1			
48	帝王花	0	17	37	11	0	60	177548	177576	-1	-1			
49	番莲工程师	0	17	37	11	0	60	177658	177659	-1	-1			
