植物ID	待机动画ID	待机动画名	开始移动动画ID	移动中动画ID	移动结束动画ID	移动名	攻击动画ID	攻击动画名	死亡动画ID	死亡名	子弹发射帧	子弹偏移X	子弹偏移Y	普通攻击产生伤害帧	子弹ID	特殊子弹ID	填0	远程填0，近战填与目标之间距离，3无子弹远程	废	废	废	大招ID	受击ID	击中特效	大招释放中产生的部件ID	装扮显示部件1	装扮显示部件2	装扮显示部件3	
INT	INT	STRING	INT	INT	INT	STRING	INT	STRING	INT	STRING	INT	FLOAT	FLOAT	INT	INT	INT	INT	FLOAT	INT	INT	INT	INT	INT	INT	INT	STRING	STRING	STRING	STRING
id	idle_actionid	idle_name	walk_ready_actionid	walk_actionid	walk_over_actionid	walk_name	attack_actionid	attack_name	die_actionid	die_name	fire_frame	fire_posx	fire_posy	attack_frame	bulletid	specialBulletID	attack_targetid	attack_effect_distance	act_audio	walk_audio	die_audio	plantFood_id	hurtAction_id	beaten_id	component_id	equipPartName1	equipPartName2	equipPartName3	name
1002	201	idle	204	205	206	walking	202	attack	-1	-1	16	47.5	53	-1	1003	-1	0	0	-1	-1	-1	1	203	-1	-1	custom_03			豌豆射手
1045	4501	idle	-1	-1	-1	-1	4502	attack	-1	-1	-1	0	0	5	-1	-1	0	1	-1	-1	-1	4	4504	200301	-1	custom_03			菜问
1047	4701	idle	4705	4706	4707	walking	4703	attack	-1	-1	-1	0	0	10	-1	-1	0	0	-1	-1	-1	5	4708	200301	-1	custom_01			钢地刺（旧）
1048	4801	idle	-1	4808	-1	1	4802	attack	-1	-1	7	47.5	35	-1	19951	-1	0	0	-1	-1	-1	6	4807	-1	-1	custom_03			金盏花
1062	6201	idle	-1	-1	-1	-1	6202	attack	-1	-1	24	10	50	-1	1087	-1	0	0	-1	-1	-1	15	6204	-1	-1	custom_03			冰西瓜
1068	6801	idle	6803	6804	6805	walking	6802	attack	-1	-1	24	47.5	70	-1	1511	-1	0	0	-1	-1	-1	18	6809	-1	-1	costume			回旋镖射手（旧）
1076	7601	idle	-1	-1	-1	walking	7605	attack	-1	-1	-1	0	0	18	-1	-1	0	1	-1	-1	-1	22	7607	200301	2	custom_04			高坚果
1082	8201	idle	8204	8205	8206	walking	8207	attack	-1	-1	14	47	-2	-1	151502	-1	0	0	-1	-1	-1	27	8211	-1	-1	custom_01			椰子加农炮(旧)
1086	8601	idle	-1	-1	-1	walking	8605	attack	-1	-1	-1	0	0	21	-1	-1	0	1	-1	-1	-1	28	8611	200301	-1	costume			捕蝇草
1092	9201	idle	-1	-1	-1	walking	9203	attack	-1	-1	20	50	5	-1	11111	-1	0	0	-1	-1	-1	32	9204	-1	-1	costume_front	costume_front_expanded	costume_back	胆小菇
1094	9401	idle 1	9404	9405	9406	walking	9403	attack	-1	-1	-1	0	0	22	-1	-1	0	1	-1	-1	-1	34	9408	200301	-1	_custom	custom_02		地刺(旧)
1096	9601	idle	-1	-1	-1	walking	9605	attack	-1	-1	16	47.5	60	-1	1522	-1	0	0	-1	-1	-1	36	9607	-1	-1	wy_custom	custom_03		寒冰射手
1100	10001	idle	-1	-1	-1	-1	10002	attack	-1	-1	16	50	20	-1	11000	-1	0	1	-1	-1	-1	40	10006	-1	-1	custom_03			萝卜
1104	10401	idle	-1	-1	-1	walking	10403	attack	-1	-1	16	47.5	50	-1	1101202	1	0	0	-1	-1	-1	44	10408	-1	-1	custom_04			双重射手
1109	10901	idle	10903	10903	10905	walking	10906	attack	10909	-1	-1	0	0	10	-1	-1	0	1	-1	-1	-1	49	10908	200301	-1	custom_03			阳光菇
1110	11001	idle	-1	-1	-1	-1	11002	attack	-1	-1	-1	0	0	15	-1	-1	0	1	-1	-1	-1	50	11003	200301	-1	custom_01_left	custom_01_right		樱桃炸弹
1112	11201	idle	-1	-1	-1	walking	11204	attack	-1	-1	-1	0	0	18	-1	-1	0	1	-1	-1	-1	52	11205	200301	1	custom_01			坚果
1115	11501	idle	11503	11504	11505	walking	11506	attack	-1	-1	24	47.5	0	-1	11151	-1	0	0	-1	-1	-1	55	11508	-1	-1	custom_03			狗尾巴草(旧版）
2000	107401	idle	-1	-1	-1	walking	107402	attack	-1	-1	16	-55	110	-1	11704	2	0	0	-1	-1	-1	57	107404	-1	-1	Bao_60	Bao_42	Bao_35	爆米花射手
2001	110001	idle	-1	-1	-1	-1	110002	attack	-1	-1	20	30	25	-1	11101	-1	0	0	-1	-1	-1	58	110004	-1	-1	costume			开心果
2002	109901	idle	-1	-1	-1	-1	109902	attack	-1	-1	-1	0	0	10	-1	-1	0	1	-1	-1	-1	59	109904	200301	-1	custom			拍拍草
2003	109801	idle	-1	-1	-1	-1	109802	attack	-1	-1	-1	0	0	14	-1	-1	0	1	-1	-1	-1	60	109804	200301	-1	custom_01			蟠桃炸弹
2004	108101	idle	-1	-1	-1	-1	108106	attack	-1	-1	23	47.5	0	-1	11109	-1	0	0	-1	-1	-1	61	108102	-1	-1	custom_02			向日葵
2005	109701	idle	-1	-1	-1	-1	109706	attack	-1	-1	19	47.5	0	-1	11109	-1	0	0	-1	-1	-1	62	109702	-1	-1	custom_03_wu_xrk2			双头向日葵
2006	108501	idle	-1	-1	-1	-1	108502	attack	-1	-1	17	47.5	50	-1	11086	-1	0	0	-1	-1	-1	63	108504	-1	-1	custom_01			水滴射手
2007	107301	idle	-1	-1	-1	-1	107302	attack	-1	-1	1	47.5	50	-1	11110	-1	0	0	-1	-1	-1	64	107303	-1	-1	costume			榛果
2009	107701	idle	-1	-1	-1	-1	107702	attack	-1	-1	25	55	55	-1	11115	-1	0	0	-1	-1	-1	66	107703	-1	-1	costume			小喷菇
2010	109401	idle	-1	-1	-1	-1	109402	attack	-1	-1	17	47.5	50	-1	11095	-1	0	0	-1	-1	-1	67	109404	-1	-1	costume	costume_back	costume_shadow	小青椒
2011	109101	idle	-1	-1	-1	-1	109102	attack	-1	-1	16	-55	110	-1	11092	-1	0	0	-1	-1	-1	68	109104	-1	-1	_custom	custom_03		小西瓜
2012	107201	idle	-1	-1	-1	-1	107202	attack	-1	-1	19	50	180	-1	11113	-1	0	0	-1	-1	-1	69	107205	-1	-1	custom_02			玉米投手
2013	110301	idle	-1	-1	-1	-1	110302	attack	-1	-1	22	25	115	-1	11114	-1	0	0	-1	-1	-1	70	110304	-1	-1	custom_02	_custom		西瓜投手
2014	110501	idle	-1	-1	-1	-1	110503	attack	-1	-1	18	47.5	-30	-1	11106	-1	0	0	-1	-1	-1	71	110504	-1	-1	costume	costume_back		火爆辣椒
2015	111801	idle	-1	-1	-1	-1	111804	attack	-1	-1	16	0	0	-1	99998	-1	0	0	-1	-1	-1	75	111805	111901	-1				火炬树桩（旧版）
2016	7001	idle	-1	-1	-1	-1	7004	attack	-1	-1	20	0	0	-1	11220	-1	0	1	-1	-1	-1	20	7009	-1	-1	custom_01			火龙草（旧版）
2017	105701	idle	-1	-1	-1	-1	105703	attack	-1	-1	-1	0	0	33	-1	-1	0	1	-1	-1	-1	72	105704	200301	-1	wuxh_laoshuzhuang			老树桩（旧版）
2018	8001	idle	-1	-1	-1	-1	8006	attack	-1	-1	23	0	0	-1	11190	-1	0	0	-1	-1	-1	25	8009	-1	-1	custom2	custom3	custom5	三叶草
2019	116001	idle	-1	-1	-1	-1	116002	attack	-1	-1	26	0	0	-1	11170	-1	0	0	-1	-1	-1	73	116004	-1	-1	costume			四叶草
2020	113001	idle	-1	-1	-1	-1	113002	attack	-1	-1	15	-35	-10	-1	11220	-1	0	0	-1	-1	-1	74	113004	-1	-1	COSTUME			蜥蜴草（旧版）
2021	10701	idle	-1	-1	-1	-1	10702	attack	-1	-1	15	0	0	-1	11210	-1	0	0	-1	-1	-1	47	10703	-1	-1	wuxh_cactu_yaodai	wuxh_jie	wuxh_shengzi	仙人球
2022	108801	idle	-1	-1	-1	-1	108802	attack	-1	-1	15	0	0	-1	11230	32	0	0	-1	-1	-1	65	108804	-1	-1	wuxh_yaodai			仙人掌
2023	130001	idle	-1	-1	-1	walking	130002	attack	-1	-1	21	20	85	-1	11300	-1	0	0	-1	-1	-1	121	130004	-1	-1	costume			椰子弹弓（旧版）
2024	129001	idle	-1	-1	-1	-1	129002	attack	-1	-1	29	47.5	50	-1	11290	7	0	0	-1	-1	-1	122	129004	-1	-1	custom_02			暴躁菇
2025	131001	idle	-1	-1	-1	-1	131003	attack	-1	-1	21	47.5	50	-1	11310	-1	0	0	-1	-1	-1	123	131002	-1	-1	custom_03			小萝卜
2028	134001	idle	-1	-1	-1	-1	134002	attack	-1	-1	29	47.5	50	-1	2101	-1	0	0	-1	-1	-1	125	134004	-1	-1	costume			飞盘射手
2029	105901	iele	-1	-1	-1	-1	105902	attack	-1	-1	7	47.5	50	7	11290	6	0	0	-1	-1	-1	126	105903	-1	-1	custom_03			末日菇（旧版）
2030	135001	iele	-1	-1	-1	-1	135002	attack	-1	-1	6	-50	0	-1	11350	-1	0	0	-1	-1	-1	127	135003	-1	-1	custom_03			猫尾草（旧版）
3001	994801	idle	-1	994808	-1	1	994802	attack	-1	-1	7	47.5	42	-1	19951	-1	0	1	-1	-1	-1	6	994807	-1	-1	custom_03			大型金盏花
3002	994901	idle	-1	994908	-1	1	994902	attack	-1	-1	7	47.5	52	-1	19952	-1	0	1	-1	-1	-1	6	994907	-1	-1	custom_03			巨型金盏花
3003	910901	idle	910903	910903	910905	walking	910906	attack	910910	-1	-1	0	0	10	-1	-1	0	1	-1	-1	-1	120	910908	200301	-1	custom_03			大型阳光菇
3004	994911	idle	-1	994918	-1	1	994912	attack	-1	-1	7	47.5	70	-1	19952	-1	0	1	-1	-1	-1	6	994917	-1	-1	custom_03			BOSS金盏花
2031	135101	idle	-1	-1	-1	-1	135103	attack	-1	-1	17	47.5	50	-1	11351	11	0	0	-1	-1	-1	182	135105	-1	-1	custom_03			大喷菇
2032	135201	idle	-1	-1	-1	-1	135203	attack	-1	-1	22	47.5	50	-1	11352	-1	0	0	-1	-1	-1	183	135202	-1	-1	custom_03			电风扇
2034	138301	idle	-1	-1	-1	-1	138303	attack	-1	-1	19	0	0	-1	11354	22	0	0	-1	-1	-1	185	138302	-1	-1	custom_03			双头神龙草(旧版）
2035	135501	idle	-1	-1	-1	-1	135502	attack	-1	-1	-1	0	0	74	-1	-1	0	1	-1	-1	-1	186	135503	135507	-1	custom_03			鬼火树桩（旧版）
2036	135601	idle	-1	-1	-1	-1	135603	attack	-1	-1	36	47.5	50	-1	2107	17	0	0	-1	-1	-1	187	135602	135606	-1	custom_03			人参
2037	135701	idle	-1	-1	-1	-1	135703	attack	-1	-1	-1	0	0	36	-1	-1	0	1	-1	-1	-1	188	135702	200301	3	tie			全息高坚果
2038	135801	idle	-1	-1	-1	-1	135803	attack	-1	-1	14	47.5	0	-1	11358	9	0	0	-1	-1	-1	189	135802	135805	-1	custom_03			三头向日葵
2039	138401	idle	-1	-1	-1	-1	138403	attack	-1	-1	29	0	0	-1	2114	21	0	0	-1	-1	-1	190	138402	-1	-1	Tween 14			狐尾草（旧版）
2041	136101	idle	-1	-1	-1	-1	136103	attack	-1	-1	19	47.5	50	-1	2104	13	0	0	-1	-1	-1	192	136102	136106	-1	custom_03			炸弹蘑菇（旧版）
2042	136201	idle	-1	-1	-1	-1	136203	attack	-1	-1	25	47.5	50	-1	11356	12	0	0	-1	-1	-1	193	136202	136206	-1	custom_03			榛果球
2043	136301	idle	-1	-1	-1	-1	136303	attack	-1	-1	-1	0	0	15	-1	-1	0	1	-1	-1	-1	194	136304	-1	-1	custom_03			核桃炸弹
2044	136401	idle	-1	-1	-1	-1	136402	attack	-1	-1	16	50	30	-1	11364	10	0	0	-1	-1	-1	195	136407	136412	-1	custom_03			机枪射手
2045	136501	idle	-1	-1	-1	-1	136502	attack	-1	-1	16	47.5	50	-1	11365	-1	0	0	-1	-1	-1	196	136504	-1	-1	custom_03			椰子火箭炮(旧)
2046	500001	idle	-1	-1	-1	-1	500002	attack	-1	-1	16	47.5	50	-1	11355	14	0	0	-1	-1	-1	197	500006	500007	-1	custom_03			仙人树
2047	401	idle	-1	-1	-1	-1	403	attack	-1	-1	-1	0	0	42	-1	-1	0	1	-1	-1	-1	198	402	200301	-1	custom_04			菜极
2048	136601	idle	-1	-1	-1	-1	136602	attack	-1	-1	26	0	0	-1	2105	-1	0	0	-1	-1	-1	199	136603	200301	-1	custom_02			冰箭射手
2049	136701	idle	-1	-1	-1	-1	136702	attack	-1	-1	10	0	0	-1	2106	15	0	0	-1	-1	-1	200	136704	-1	-1	custom_03			玉米加农炮
2050	136801	idle	-1	-1	-1	-1	136803	attack	-1	-1	38	0	0	-1	2109	16	0	0	-1	-1	-1	201	136805	-1	-1	Ribbons			流星锤(旧）
2052	137001	idle	-1	-1	-1	-1	137003	attack	-1	-1	15	0	0	-1	2108	-1	0	0	-1	-1	-1	203	137004	-1	-1	custom_03			恶魔辣椒
2053	137101	idle	-1	-1	-1	-1	137103	attack	-1	-1	-1	0	0	14	-1	-1	0	1	-1	-1	-1	204	137102	-1	-1	senior_tie			高级捕蝇草2054
2054	500101	idle	-1	-1	-1	-1	500103	attack	-1	-1	17	0	0	-1	2110	-1	0	1	-1	-1	-1	205	500104	-1	-1	custom_03			钻石地刺（OLD）
6003	510010	idle	-1	-1	-1	1	510014	attack	-1	-1	-1	0	0	-1	2103	-1	0	0	-1	-1	-1	303	510015	-1	-1	costume			魔术菇
2055	138001	idle	-1	-1	-1	-1	138002	attack	-1	-1	5	0	0	-1	2111	18	0	0	-1	-1	-1	211	138003	-1	-1	hat			闪电芦苇
2056	138101	idle	-1	-1	-1	-1	138102	attack	-1	-1	20	0	0	-1	2112	19	0	0	-1	-1	-1	212	138104	-1	-1	hat			棱镜草
2057	138201	idle	-1	-1	-1	-1	138203	attack	-1	-1	29	0	0	-1	2113	20	0	0	-1	-1	-1	213	138202	-1	-1	hat			雷神草
2058	138501	idle	-1	-1	-1	-1	138502	attack	-1	-1	-1	0	0	15	-1	-1	0	1	-1	-1	-1	406	138503	200301	-1	custom_03			菜本
2059	138601	idle	-1	-1	-1	-1	138602	attack	-1	-1	-1	0	0	51	-1	-1	0	1	-1	-1	-1	407	138603	-1	-1	custom_03			鬼火树桩
2060	138701	idle	-1	-1	-1	-1	138703	attack	-1	-1	16	0	0	-1	99998	-1	0	0	-1	-1	-1	408	138704	-1	-1				火炬树桩
2061	138801	idle	-1	-1	-1	-1	138802	attack	-1	-1	-1	0	0	33	-1	-1	0	1	-1	-1	-1	409	138803	-1	-1	wuxh_laoshuzhuang			老树桩
2062	138901	idle	-1	-1	-1	-1	138902	attack	-1	-1	7	47.5	50	7	2116	6	0	0	-1	-1	-1	410	138903	-1	-1	custom_03			末日菇
2063	139101	idle	-1	-1	-1	-1	139103	attack	-1	-1	19	47.5	50	-1	2117	13	0	0	-1	-1	-1	411	139102	-1	-1	custom_03			炸弹蘑菇
2064	139201	idle	-1	-1	-1	-1	139204	attack	-1	-1	18	0	0	-1	2118	-1	0	0	-1	-1	-1	412	139203	-1	-1	custom_03			小树丛
2065	139301	idle	-1	-1	-1	-1	139304	attack	-1	-1	17	0	0	-1	2119	-1	0	0	-1	-1	-1	413	139303	-1	-1	glass			梧桐树
2066	139401	idle	-1	-1	-1	-1	139404	attack	-1	-1	17	0	0	-1	2120	-1	0	0	-1	-1	-1	414	139402	-1	-1	custom_03			柏树
2067	139501	idle	-1	-1	-1	-1	139503	attack	-1	-1	-1	0	0	24	-1	-1	0	1	-1	-1	-1	415	139502	-1	-1	_custom			磁力菇
2068	139601	idle	-1	-1	-1	-1	139603	attack	-1	-1	-1	0	0	24	-1	-1	0	1	-1	-1	-1	416	139602	-1	-1	_custom			电磁菇
2069	139701	idle	-1	-1	-1	-1	139703	attack	-1	-1	-1	0	0	24	-1	-1	0	1	-1	-1	-1	417	139702	-1	-1	_custom			万磁菇
2070	115501	idle	-1	-1	-1	-1	115502	attack	-1	-1	15	-35	-10	-1	2122	-1	0	0	-1	-1	-1	74	115504	-1	-1	COSTUME			蜥蜴草
2071	139801	idle	-1	-1	-1	-1	139802	attack	-1	-1	20	0	0	-1	2122	-1	0	1	-1	-1	-1	419	139804	-1	-1	custom_01			火龙草
2072	139901	idle	-1	-1	-1	-1	139902	attack	-1	-1	29	47.5	50	-1	2101	-1	0	0	-1	-1	-1	420	139904	-1	-1	costume			飞盘射手
2073	140001	idle	-1	-1	-1	-1	140003	attack	-1	-1	19	0	0	-1	2124	24	0	0	-1	-1	-1	421	140002	-1	-1	custom_03			双头神龙草
2074	140101	idle	-1	-1	-1	-1	140102	attack	-1	-1	24	47.5	70	-1	2126	-1	0	0	-1	-1	-1	422	140104	-1	-1	costume			回旋镖射手
2075	140201	idle	-1	-1	-1	-1	140202	attack	-1	-1	38	0	0	-1	2127	16	0	0	-1	-1	-1	423	140204	-1	-1	Ribbons			流星锤
2076	136531	idle	-1	-1	-1	-1	136532	attack	-1	-1	16	47.5	50	-1	11381	-1	0	0	-1	-1	-1	501	136534	-1	-1	custom_03			椰子火箭炮
2077	130501	idle	-1	-1	-1	-1	130502	attack	-1	-1	21	20	85	-1	11391	-1	0	0	-1	-1	-1	511	130504	-1	-1	costume			椰子弹弓
2078	8251	idle	-1	-1	-1	-1	8252	attack	-1	-1	14	47	-2	-1	11401	-1	0	0	-1	-1	-1	521	8254	-1	-1	custom_01			椰子加农炮
2079	9451	idle 1	-1	-1	-1	-1	9452	attack	-1	-1	-1	0	0	22	-1	-1	0	1	-1	-1	-1	601	9454	-1	-1	_custom	custom_02		地刺
2080	4751	idle	-1	-1	-1	-1	4752	attack	-1	-1	-1	0	0	10	-1	-1	0	1	-1	-1	-1	602	4754	-1	-1	custom_01			钢地刺
2081	500151	idle	-1	-1	-1	-1	500154	attack	-1	-1	17	0	0	44	-1	-1	0	1	-1	-1	-1	603	500153	-1	-1	custom_03			钻石地刺
2082	11601	idle	-1	-1	-1	-1	11602	attack	-1	-1	24	47.5	0	-1	2133	-1	0	0	-1	-1	-1	433	11604	-1	-1	custom_03			狗尾巴草
2083	140301	idle	-1	-1	-1	-1	140303	attack	-1	-1	29	0	0	-1	2134	21	0	0	-1	-1	-1	434	140302	-1	-1	Tween 14			狐尾草
2084	140401	idle	-1	-1	-1	-1	140402	attack	-1	-1	6	-50	0	-1	2135	-1	0	0	-1	-1	-1	435	140403	-1	-1	custom_03			猫尾草
2085	140501	idle	-1	-1	-1	-1	140503	attack	-1	-1	23	0	0	-1	2136	31	0	0	-1	-1	-1	436	140502	-1	-1	custom_03			黄金菊
2086	140601	idle	-1	-1	-1	-1	140602	attack	-1	-1	23	0	0	-1	2136	31	0	0	-1	-1	-1	437	140603	-1	-1	custom_03			金盏花
2087	140701	idle	-1	-1	-1	-1	140702	attack	-1	-1	23	0	0	-1	2136	31	0	0	-1	-1	-1	438	140703	-1	-1	custom_03			小雏菊
2088	150101	idle1	-1	-1	-1	-1	150102	attack	-1	-1	23	47.5	90	-1	2148	31	0	0	-1	-1	-1	604	150104	-1	-1	custom_03			咖啡豆
2089	150141	idle	-1	-1	-1	-1	150142	attack	-1	-1	23	47.5	90	-1	2148	31	0	0	-1	-1	-1	605	150144	-1	-1	custom_03			拿铁咖啡豆
2090	150121	idle1	-1	-1	-1	-1	150123	attack	-1	-1	23	47.5	90	-1	2148	31	0	0	-1	-1	-1	606	150122	-1	-1	custom_03			摩卡咖啡豆
2091	150201	idle	-1	-1	-1	-1	150203	attack	150205	die	23	0	50	-1	2151	-1	0	0	-1	-1	-1	608	150202	-1	-1	custom_03			美人菇
2092	150221	idle	-1	-1	-1	-1	150222	attack	150225	die	23	0	50	-1	2152	-1	0	0	-1	-1	-1	609	150224	-1	-1	custom_03			魅惑菇
2093	150241	idle	-1	-1	-1	-1	150243	attack	150245	die	23	0	50	-1	2150	-1	0	0	-1	-1	-1	607	150242	-1	-1	custom_03			灵符菇
2094	167101	idle	-1	-1	-1	-1	167102	attack	-1	-1	-1	0	0	-1	-1	-1	0	0	-1	-1	-1	-1	167103	-1	-1	custom_03			坚果分身
2095	167106	idle	-1	-1	-1	-1	167107	attack	-1	-1	-1	0	0	-1	-1	-1	0	0	-1	-1	-1	-1	167108	-1	-1	custom_03			高坚果分身
2096	167111	idle	-1	-1	-1	-1	167112	attack	-1	-1	-1	0	0	-1	-1	-1	0	0	-1	-1	-1	-1	167113	-1	-1	custom_03			全息高坚果分身
2101	171001	idle	-1	-1	-1	-1	171003	attack	-1	-1	-1	0	0	10	-1	-1	0	3	-1	-1	-1	751	171002	-1	-1	custom_03			能量豆
2102	171011	idle	-1	-1	-1	-1	171012	attack	-1	-1	-1	0	0	10	-1	-1	0	3	-1	-1	-1	752	171014	-1	-1	custom_03			激光豆
2103	171021	idle	-1	-1	-1	-1	171023	attack	-1	-1	-1	0	0	10	-1	-1	0	3	-1	-1	-1	753	171022	-1	-1	custom_03			超人豆
2104	171201	idle	-1	-1	-1	-1	171203	attack	-1	-1	23	0	0	-1	2160	-1	0	0	-1	-1	-1	754	171202	-1	-1	custom_03			小黄桃
2105	171211	idle	-1	-1	-1	-1	171212	attack	-1	-1	30	0	0	-1	2161	-1	0	0	-1	-1	-1	755	171214	-1	-1	custom_03			脉冲黄桃
2106	171221	idle	-1	-1	-1	-1	171223	attack	-1	-1	30	0	0	-1	2162	-1	0	0	-1	-1	-1	756	171222	-1	-1	custom_03			心电桃
2107	171301	idle	-1	-1	-1	-1	171303	attack	-1	-1	20	0	0	-1	2163	-1	0	0	-1	-1	-1	757	171302	-1	-1	custom_03			小金桔
2108	171321	idle	-1	-1	-1	-1	171323	attack	-1	-1	26	0	0	-1	2164	-1	0	0	-1	-1	-1	758	171322	-1	-1	custom_03			充能柚子
2109	171351	idle	-1	-1	-1	-1	171353	attack	-1	-1	20	0	0	-1	2165	-1	0	0	-1	-1	-1	759	171352	-1	-1	custom_03			超能柚子
2110	172011	idle	-1	-1	-1	-1	172041	attack	-1	-1	-1	0	0	23	-1	-1	0	1	-1	-1	-1	801	172021	-1	-1	custom_03			小路灯花
2111	173011	idle	-1	-1	-1	-1	173031	attack	-1	-1	-1	0	0	32	-1	-1	0	1	-1	-1	-1	802	173021	-1	-1	custom_03			路灯花
2112	174011	idle	-1	-1	-1	-1	174031	attack	-1	-1	-1	0	0	28	-1	-1	0	1	-1	-1	-1	803	174021	-1	-1	custom_03			灯塔花
2113	175001	idle2_2	-1	-1	-1	-1	175002	attack	-1	-1	16	47.5	53	-1	2201	-1	0	0	-1	-1	-1	804	175001	-1	-1	custom_01			郁金香号手
2114	175005	idle2	-1	-1	-1	-1	175006	attack	-1	-1	15	47.5	53	-1	2201	-1	0	0	-1	-1	-1	805	175005	-1	-1	custom_01			魔音甜菜
2115	175009	idle	-1	-1	-1	-1	175010	attack	-1	-1	16	47.5	53	-1	2201	-1	0	0	-1	-1	-1	806	175009	-1	-1	custom_01			DJ喇叭花
2116	176001	idle	-1	-1	-1	-1	176002	attack	-1	-1	16	47.5	53	-1	2202	-1	0	0	-1	-1	-1	807	176001	-1	-1	custom_01			针叶爆破手
2117	176011	idle	-1	-1	-1	-1	176012	attack	-1	-1	25	47.5	53	-1	2203	-1	0	0	-1	-1	-1	808	176011	-1	-1	custom_01			赤针花
2118	176021	idle	-1	-1	-1	-1	176022	attack	-1	-1	15	0	0	-1	2204	36	0	0	-1	-1	-1	809	176021	-1	-1	custom_01			红莲女王
2119	177001	idle	-1	-1	-1	-1	177002	attack	-1	-1	15	50	53	-1	2205	-1	0	0	-1	-1	-1	810	177004	-1	-1	custom_01			魔术菇
2120	177011	idle	-1	-1	-1	-1	177012	attack	-1	-1	5	47.5	53	-1	2206	37	0	0	-1	-1	-1	811	177011	-1	-1	custom_01			金缕梅女巫
2121	177021	idle	-1	-1	-1	-1	177022	attack	-1	-1	30	50	53	-1	2207	-1	0	0	-1	-1	-1	812	177021	-1	-1	custom_01			南瓜巫师
2122	177091	idle	-1	-1	-1	-1	177096	attack	-1	-1	6	-30	53	-1	2208	-1	0	0	-1	-1	-1	813	177091	-1	-1	custom_01			月光花
2123	177101	idle	-1	-1	-1	-1	177103	attack	-1	-1	40	47.5	53	-1	2209	-1	0	0	-1	-1	-1	814	177101	-1	-1	custom_01			暗影龙葵
2124	177111	idle	-1	-1	-1	-1	177113	attack	-1	-1	17	50	53	-1	2210	-1	0	0	-1	-1	-1	815	177111	-1	-1	custom_01			暗樱草
2125	177121	idle	-1	-1	-1	-1	177124	attack	-1	-1	-1	0	0	10	-1	-1	0	1	-1	-1	-1	816	177122	-1	-1	_custom			旋转菠萝
2126	177131	idle	-1	-1	-1	-1	177133	attack	-1	-1	-1	0	0	11	-1	-1	0	1	-1	-1	-1	817	177132	-1	-1	endurian_plantfood_crystal_armor	endurian_plantfood_armor		榴莲
2127	177141	idle	-1	-1	-1	-1	177143	attack	-1	-1	-1	0	0	10	-1	-1	0	1	-1	-1	-1	818	177142	-1	-1	custom_03			菠萝蜜
2128	177521	idle	-1	-1	-1	-1	177522	attack	-1	-1	15	10	50	-1	2217	-1	0	0	-1	-1	-1	819	177521	-1	-1	custom_03			苹果掷弹手
2129	177531	idle	-1	-1	-1	-1	177532	attack	-1	-1	15	10	50	-1	2217	-1	0	0	-1	-1	-1	820	177531	-1	-1	custom_03			苹果榴弹炮
2130	177541	idle	-1	-1	-1	-1	177542	attack	-1	-1	15	10	50	-1	2217	-1	0	0	-1	-1	-1	821	177541	-1	-1	custom_03			苹果迫击炮
2131	177551	idle	-1	-1	-1	-1	177552	attack	-1	-1	16	0	110	-1	2214	-1	0	0	-1	-1	-1	822	177554	-1	-1	_custom	custom_03		噬毒花
2132	177561	idle	-1	-1	-1	-1	177562	attack	-1	-1	16	0	110	-1	2215	-1	0	0	-1	-1	-1	823	177564	-1	-1	custom_02	_custom		大王花
2133	177571	idle	-1	-1	-1	-1	177572	attack	-1	-1	16	0	110	-1	2216	-1	0	0	-1	-1	-1	824	177574	-1	-1	custom_03			帝王花
2134	177591	idle	-1	-1	-1	-1	177592	attack	-1	-1	12	0	0	-1	2218	-1	0	0	-1	-1	-1	825	177593	-1	-1	custom_03			毒舌菇
2135	177601	idle	-1	-1	-1	-1	177602	attack	-1	-1	12	0	0	-1	2218	-1	0	0	-1	-1	-1	826	177603	-1	-1	custom_03			血毒菇
2136	177611	idle	-1	-1	-1	-1	177612	attack	-1	-1	12	0	0	-1	2219	-1	0	0	-1	-1	-1	827	177613	-1	-1	Tween 14			毒影菇
2137	177621	idle2	-1	-1	-1	-1	177622	attack	-1	-1	-1	0	0	10	-1	-1	0	1	-1	-1	-1	828	177621	-1	-1	_custom			剑术门徒
2138	177631	idle2	-1	-1	-1	-1	177632	attack	-1	-1	-1	0	0	11	-1	-1	0	1	-1	-1	-1	829	177631	-1	-1	endurian_plantfood_crystal_armor			玫瑰剑客
2139	177641	idle2	-1	-1	-1	-1	177642	attack	-1	-1	-1	0	0	10	-1	-1	0	1	-1	-1	-1	830	177641	-1	-1	custom_03			剑术大师
2140	177649	idle	-1	-1	-1	-1	177650	attack	-1	-1	12	60	-50	10	2220	-1	0	1	-1	-1	-1	831	177649	-1	-1	custom_01			番莲工程师
2141	177652	idle	-1	-1	-1	-1	177653	attack	-1	-1	12	60	-50	11	2220	-1	0	1	-1	-1	-1	832	177652	-1	-1	custom_01			番莲工程师
2142	177655	idle	-1	-1	-1	-1	177656	attack	-1	-1	12	60	-50	10	2220	-1	0	1	-1	-1	-1	833	177655	-1	-1	custom_01			番莲工程师
