大招ID	所属植物	程序特殊大招ID	大招起手动作	链接plantPeas_id	是否重复帧	插入帧1	从哪边释放1	插入动画1	插入子弹1	子弹1偏移X	子弹1偏移Y	伤害拆分作假值1	插入帧1	从哪边释放1	插入动画1	插入子弹1	子弹1偏移X	子弹1偏移Y	伤害拆分作假值1	插入帧1	从哪边释放1	插入动画1	插入子弹1	子弹1偏移X	子弹1偏移Y	伤害拆分作假值1	插入帧1	从哪边释放1	插入动画1	插入子弹1	子弹1偏移X	子弹1偏移Y	伤害拆分作假值1	插入帧1	从哪边释放1	插入动画1	插入子弹1	子弹1偏移X	子弹1偏移Y	伤害拆分作假值1	大招结束动画	从哪释放	时间控制播放动画	时间控制播放动画ID	伤害产生时间	在大招过程中显示自己时间	是否冲锋0屏幕中心1头2脸	冲锋是否回	大招特写ID	是否使用大招发光效果	是否在每个格子画出特效	是否显示阴影
INT	STRING	INT	INT	INT	INT	INT	INT	INT	INT	FLOAT	FLOAT	INT	INT	INT	INT	INT	FLOAT	FLOAT	INT	INT	INT	INT	INT	FLOAT	FLOAT	INT	INT	INT	INT	INT	FLOAT	FLOAT	INT	INT	INT	INT	INT	FLOAT	FLOAT	INT	INT	INT	INT	INT	INT	INT	INT	INT	INT	INT	INT	INT
ID	define	specialType	plantfood_act	plantPeas_id	isFrameByUpdate	frame_1	type_1	action_id_1	bullet_id_1	bullet_posx_1	bullet_posy_1	damagePercent_1	frame_2	type_2	action_id_2	bullet_id_2	bullet_posx_2	bullet_posy_2	damagePercent_2	frame_3	type_3	action_id_3	bullet_id_3	bullet_posx_3	bullet_posy_3	damagePercent_3	frame_4	type_4	action_id_4	bullet_id_4	bullet_posx_4	bullet_posy_4	damagePercent_4	frame_5	type_5	action_id_5	bullet_id_5	bullet_posx_5	bullet_posy_5	damagePercent_5	plantfood_end	end_type	impact_actiontime	impact_action_id	impact_time	ishowSelf_time	start_type	endtype	start_effectId	showLight	isEffectByGrid	showShadow
1	豌豆射手	-1	207	1	1	3	0	-1	1003	47.5	50	-1	-1	-1	-1	-1	-1	-1	-1	-1	-1	-1	-1	-1	-1	-1	-1	-1	-1	-1	-1	-1	-1	-1	-1	-1	-1	-1	-1	-1	-1	-1	-1	-1	2500	2300	-1	-1	200015	1	-1	-1
2	黄瓜	-1	403	-1	-1	-1	-1	-1	-1	-1	-1	-1	-1	-1	-1	-1	-1	-1	-1	-1	-1	-1	-1	-1	-1	-1	-1	-1	-1	-1	-1	-1	-1	-1	-1	-1	-1	-1	-1	-1	102801	2	-1	-1	5333	-1	-1	-1	-1	-1	-1	-1
3	卷心菜射手	-1	4404	5	1	-1	0	-1	-1	-1	-1	-1	-1	-1	-1	-1	-1	-1	-1	-1	-1	-1	-1	-1	-1	-1	-1	-1	-1	-1	-1	-1	-1	-1	-1	-1	-1	-1	-1	-1	-1	-1	-1	-1	2000	-1	-1	-1	-1	1	-1	-1
4	菜问	-1	4503	-1	-1	-1	-1	-1	-1	-1	-1	-1	-1	-1	-1	-1	-1	-1	-1	-1	-1	-1	-1	-1	-1	-1	-1	-1	-1	-1	-1	-1	-1	-1	-1	-1	-1	-1	-1	-1	-1	-1	-1	-1	1500	-1	2	1	200025	-1	-1	-1
5	钢地刺	-1	4704	21	-1	1	1	108001	-1	-1	-1	-1	-1	-1	-1	-1	-1	-1	-1	-1	-1	-1	-1	-1	-1	-1	-1	-1	-1	-1	-1	-1	-1	-1	-1	-1	-1	-1	-1	-1	-1	-1	-1	-1	1700	-1	-1	-1	200020	-1	1	-1
6	金盏花	-1	994920	-1	-1	50	2	101601	-1	-1	-1	-1	-1	-1	-1	-1	-1	-1	-1	-1	-1	-1	-1	-1	-1	-1	-1	-1	-1	-1	-1	-1	-1	-1	-1	-1	-1	-1	-1	-1	-1	-1	-1	-1	2667	-1	-1	-1	-1	-1	-1	-1
7	苹果	-1	5007	-1	-1	-1	-1	-1	-1	-1	-1	-1	-1	-1	-1	-1	-1	-1	-1	-1	-1	-1	-1	-1	-1	-1	-1	-1	-1	-1	-1	-1	-1	-1	-1	-1	-1	-1	-1	-1	101701	2	-1	-1	7200	7200	-1	-1	-1	-1	-1	-1
8	咖啡豆	-1	5207	-1	-1	25	2	101801	-1	-1	-1	-1	-1	-1	-1	-1	-1	-1	-1	-1	-1	-1	-1	-1	-1	-1	-1	-1	-1	-1	-1	-1	-1	-1	-1	-1	-1	-1	-1	-1	-1	-1	-1	-1	2500	-1	-1	-1	-1	-1	-1	-1
9	苦瓜	-1	5304	-1	-1	46	0	101901	-1	-1	-1	-1	-1	-1	-1	-1	-1	-1	-1	-1	-1	-1	-1	-1	-1	-1	-1	-1	-1	-1	-1	-1	-1	-1	-1	-1	-1	-1	-1	-1	-1	-1	-1	-1	3333	-1	-1	-1	-1	-1	-1	-1
10	喇叭花	-1	5607	-1	-1	-1	 	-1	-1	-1	-1	-1	-1	-1	-1	-1	-1	-1	-1	-1	-1	-1	-1	-1	-1	-1	-1	-1	-1	-1	-1	-1	-1	-1	-1	-1	-1	-1	-1	-1	-1	-1	-1	-1	5000	-1	-1	-1	-1	-1	-1	-1
11	生梨	-1	5707	-1	-1	-1	-1	-1	-1	-1	-1	-1	-1	-1	-1	-1	-1	-1	-1	-1	-1	-1	-1	-1	-1	-1	-1	-1	-1	-1	-1	-1	-1	-1	-1	-1	-1	-1	-1	-1	102001	2	-1	-1	7200	7200	-1	-1	-1	-1	-1	-1
12	芦荟	-1	5807	-1	-1	-1	-1	-1	-1	-1	-1	-1	-1	-1	-1	-1	-1	-1	-1	-1	-1	-1	-1	-1	-1	-1	-1	-1	-1	-1	-1	-1	-1	-1	-1	-1	-1	-1	-1	-1	102101	2	-1	-1	7200	7200	-1	-1	-1	-1	-1	-1
13	宝石花	-1	5907	-1	-1	-1	-1	-1	-1	-1	-1	-1	-1	-1	-1	-1	-1	-1	-1	-1	-1	-1	-1	-1	-1	-1	-1	-1	-1	-1	-1	-1	-1	-1	-1	-1	-1	-1	-1	-1	102201	2	-1	-1	7200	7200	-1	-1	-1	-1	-1	-1
14	冰川菇	-1	6006	-1	-1	25	2	102301	-1	-1	-1	-1	-1	-1	-1	-1	-1	-1	-1	-1	-1	-1	-1	-1	-1	-1	-1	-1	-1	-1	-1	-1	-1	-1	-1	-1	-1	-1	-1	-1	-1	-1	4666	102401	5326	-1	-1	-1	-1	-1	-1	-1
15	冰西瓜	-1	6203	6	-1	-1	-1	-1	-1	-1	-1	-1	-1	-1	-1	-1	-1	-1	-1	-1	-1	-1	-1	-1	-1	-1	-1	-1	-1	-1	-1	-1	-1	-1	-1	-1	-1	-1	-1	-1	-1	-1	-1	-1	-1	-1	-1	-1	200062	1	-1	-1
16	大嘴花	-1	6306	-1	-1	15	1	102502	-1	-1	-1	-1	-1	-1	-1	-1	-1	-1	-1	-1	-1	-1	-1	-1	-1	-1	-1	-1	-1	-1	-1	-1	-1	-1	-1	-1	-1	-1	-1	-1	-1	-1	2000	102601	2700	-1	1	1	-1	-1	-1	-1
17	多嘴小蘑菇	-1	6606	-1	-1	79	1	102701	-1	-1	-1	-1	-1	-1	-1	-1	-1	-1	-1	-1	-1	-1	-1	-1	-1	-1	-1	-1	-1	-1	-1	-1	-1	-1	-1	-1	-1	-1	-1	-1	-1	-1	-1	-1	2666	-1	1	1	-1	-1	-1	-1
18	回旋镖射手（旧）	142	6807	4	1	21	0	-1	-1	-1	-1	-1	-1	-1	-1	-1	-1	-1	-1	-1	-1	-1	-1	-1	-1	-1	-1	0	-1	-1	-1	-1	-1	-1	-1	-1	-1	-1	-1	-1	-1	-1	-1	-1	3000	-1	-1	-1	200035	-1	-1	-1
19	火葫芦	-1	6907	-1	-1	-1	-1	-1	-1	-1	-1	-1	-1	-1	-1	-1	-1	-1	-1	-1	-1	-1	-1	-1	-1	-1	-1	-1	-1	-1	-1	-1	-1	-1	-1	-1	-1	-1	-1	-1	-1	-1	-1	-1	1633	-1	-1	-1	-1	-1	-1	-1
20	火龙草（旧版）	-1	7005	-1	-1	61	0	122003	-1	-1	-1	-1	-1	-1	-1	-1	-1	-1	-1	-1	-1	-1	-1	-1	-1	-1	-1	-1	-1	-1	-1	-1	-1	-1	-1	-1	-1	-1	-1	-1	-1	-1	-1	-1	2900	-1	2	1	200032	-1	-1	-1
21	萝卜伞	-1	7206	-1	-1	84	1	103001	-1	-1	-1	-1	114	1	103003	-1	-1	-1	-1	-1	-1	-1	-1	-1	-1	-1	-1	-1	-1	-1	-1	-1	-1	-1	-1	-1	-1	-1	-1	-1	7207	0	-1	-1	3800	-1	-1	-1	-1	-1	-1	-1
22	高坚果	-1	7606	-1	-1	-1	-1	-1	-1	-1	-1	-1	-1	-1	-1	-1	-1	-1	-1	-1	-1	-1	-1	-1	-1	-1	-1	-1	-1	-1	-1	-1	-1	-1	-1	-1	-1	-1	-1	-1	-1	-1	-1	-1	3000	-1	-1	-1	200007	-1	-1	-1
23	南瓜	-1	7704	-1	-1	62	1	103301	-1	-1	-1	-1	-1	-1	-1	-1	-1	-1	-1	-1	-1	-1	-1	-1	-1	-1	-1	-1	-1	-1	-1	-1	-1	-1	-1	-1	-1	-1	-1	-1	-1	-1	-1	-1	3000	-1	-1	-1	-1	1	-1	-1
24	巴豆	-1	7804	-1	-1	-1	-1	-1	-1	-1	-1	-1	-1	-1	-1	-1	-1	-1	-1	-1	-1	-1	-1	-1	-1	-1	-1	-1	-1	-1	-1	-1	-1	-1	-1	-1	-1	-1	-1	-1	105001	2	-1	-1	7000	-1	-1	-1	-1	-1	-1	-1
25	三叶草	-1	8008	-1	-1	55	2	8012	-1	-1	-1	-1	-1	-1	-1	-1	-1	-1	-1	-1	-1	-1	-1	-1	-1	-1	-1	-1	-1	-1	-1	-1	-1	-1	-1	-1	-1	-1	-1	-1	-1	-1	-1	-1	3000	-1	-1	-1	200027	-1	-1	-1
26	吸金菇	-1	8103	-1	-1	42	1	103501	-1	-1	-1	-1	-1	-1	-1	-1	-1	-1	-1	-1	-1	-1	-1	-1	-1	-1	-1	-1	-1	-1	-1	-1	-1	-1	-1	-1	-1	-1	-1	-1	-1	-1	-1	-1	2233	-1	-1	-1	-1	-1	-1	-1
27	椰子加农炮	-1	8208	24	-1	40	0	-1	1515	47	39	-1	-1	-1	-1	-1	-1	-1	-1	-1	-1	-1	-1	-1	-1	-1	-1	-1	-1	-1	-1	-1	-1	-1	-1	-1	-1	-1	-1	-1	8210	0	-1	-1	1275	-1	-1	-1	200037	-1	-1	-1
28	捕蝇草	-1	8606	-1	-1	-1	-1	-1	-1	-1	-1	-1	-1	-1	-1	-1	-1	-1	-1	-1	-1	-1	-1	-1	-1	-1	-1	-1	-1	-1	-1	-1	-1	-1	-1	-1	-1	-1	-1	-1	-1	-1	-1	-1	1466	-1	2	1	200022	-1	-1	-1
29	冰冻生菜	-1	8904	-1	-1	22	1	100201	-1	-1	-1	-1	-1	-1	-1	-1	-1	-1	-1	-1	-1	-1	-1	-1	-1	-1	-1	-1	-1	-1	-1	-1	-1	-1	-1	-1	-1	-1	-1	-1	-1	-1	1733	102401	1733	-1	-1	-1	-1	1	-1	-1
30	菠萝	-1	9007	-1	-1	-1	-1	-1	-1	-1	-1	-1	-1	-1	-1	-1	-1	-1	-1	-1	-1	-1	-1	-1	-1	-1	-1	-1	-1	-1	-1	-1	-1	-1	-1	-1	-1	-1	-1	-1	-1	-1	-1	-1	3433	-1	-1	-1	-1	-1	-1	-1
31	缠绕水草	-1	9108	-1	-1	47	1	100401	-1	-1	-1	-1	-1	-1	-1	-1	-1	-1	-1	-1	-1	-1	-1	-1	-1	-1	-1	-1	-1	-1	-1	-1	-1	-1	-1	-1	-1	-1	-1	-1	-1	-1	-1	-1	3300	-1	-1	-1	-1	1	-1	-1
32	胆小菇	32	9205	-1	-1	-1	-1	-1	-1	-1	-1	-1	-1	-1	-1	-1	-1	-1	-1	-1	-1	-1	-1	-1	-1	-1	-1	-1	-1	-1	-1	-1	-1	-1	-1	-1	-1	-1	-1	-1	-1	-1	-1	-1	1600	-1	-1	-1	200002	-1	-1	-1
33	弹簧豆	-1	9307	-1	-1	7	0	100601	-1	-1	-1	-1	-1	-1	-1	-1	-1	-1	-1	-1	-1	-1	-1	-1	-1	-1	-1	-1	-1	-1	-1	-1	-1	-1	-1	-1	-1	-1	-1	-1	-1	-1	-1	-1	3100	-1	1	1	-1	-1	-1	-1
34	地刺（旧版）	-1	9407	10	-1	32	1	106801	-1	-1	-1	-1	-1	-1	-1	-1	-1	-1	-1	-1	-1	-1	-1	-1	-1	-1	-1	-1	-1	-1	-1	-1	-1	-1	-1	-1	-1	-1	-1	-1	-1	-1	-1	-1	2700	-1	-1	-1	200003	-1	1	-1
35	甘蔗	-1	9507	-1	-1	-1	-1	-1	-1	-1	-1	-1	-1	-1	-1	-1	-1	-1	-1	-1	-1	-1	-1	-1	-1	-1	-1	-1	-1	-1	-1	-1	-1	-1	-1	-1	-1	-1	-1	-1	-1	-1	-1	-1	3000	-1	-1	-1	-1	-1	-1	-1
36	寒冰射手	128	9606	15	-1	3	0	-1	-1	-1	-1	-1	-1	-1	-1	-1	-1	-1	-1	-1	-1	-1	-1	-1	-1	-1	-1	-1	-1	-1	-1	-1	-1	-1	-1	-1	-1	-1	-1	-1	-1	-1	-1	-1	2800	-1	-1	-1	200009	-1	-1	-1
37	鸡腿菇	-1	9707	-1	-1	-1	-1	-1	-1	-1	-1	-1	-1	-1	-1	-1	-1	-1	-1	-1	-1	-1	-1	-1	-1	-1	-1	-1	-1	-1	-1	-1	-1	-1	-1	-1	-1	-1	-1	-1	-1	-1	-1	-1	2800	-1	-1	-1	-1	-1	-1	-1
38	蓝莓	-1	9806	-1	-1	-1	-1	-1	-1	-1	-1	-1	-1	-1	-1	-1	-1	-1	-1	-1	-1	-1	-1	-1	-1	-1	-1	-1	-1	-1	-1	-1	-1	-1	-1	-1	-1	-1	-1	-1	-1	-1	-1	-1	2222	-1	-1	-1	-1	-1	-1	-1
39	荔枝	-1	9907	-1	-1	19	0	101001	-1	-1	-1	-1	-1	-1	-1	-1	-1	-1	-1	-1	-1	-1	-1	-1	-1	-1	-1	-1	-1	-1	-1	-1	-1	-1	-1	-1	-1	-1	-1	-1	-1	-1	-1	-1	4000	-1	-1	-1	-1	-1	-1	-1
40	萝卜	-1	10007	-1	-1	-1	-1	-1	-1	-1	-1	-1	-1	-1	-1	-1	-1	-1	-1	-1	-1	-1	-1	-1	-1	-1	-1	-1	-1	-1	-1	-1	-1	-1	-1	-1	-1	-1	-1	-1	-1	-1	1100	10010	1500	-1	-1	-1	200040	1	-1	-1
41	茄子	-1	10108	-1	-1	-1	-1	-1	-1	-1	-1	-1	-1	-1	-1	-1	-1	-1	-1	-1	-1	-1	-1	-1	-1	-1	-1	-1	-1	-1	-1	-1	-1	-1	-1	-1	-1	-1	-1	-1	-1	-1	-1	-1	1466	-1	-1	-1	-1	-1	-1	-1
42	石榴	-1	10208	-1	-1	-1	-1	-1	-1	-1	-1	-1	-1	-1	-1	-1	-1	-1	-1	-1	-1	-1	-1	-1	-1	-1	-1	-1	-1	-1	-1	-1	-1	-1	-1	-1	-1	-1	-1	-1	-1	-1	-1	-1	2166	-1	-1	-1	-1	-1	-1	-1
43	双向射手	-1	10306	2	1	19	0	-1	1003	47.5	50	20	-1	-1	-1	-1	-1	-1	-1	-1	-1	-1	-1	-1	-1	-1	-1	-1	-1	-1	-1	-1	-1	-1	-1	-1	-1	-1	-1	-1	-1	-1	-1	-1	1000	-1	-1	-1	-1	1	-1	-1
44	双重射手	-1	10404	3	1	61	0	-1	1101203	47.5	50	20	71	0	-1	1101203	47.5	50	20	-1	-1	-1	-1	-1	-1	-1	-1	-1	-1	-1	-1	-1	-1	-1	-1	-1	-1	-1	-1	-1	-1	-1	-1	-1	6000	-1	-1	-1	200004	1	-1	-1
45	土豆地雷	-1	10504	9	-1	-1	-1	-1	-1	-1	-1	-1	-1	-1	-1	-1	-1	-1	-1	-1	-1	-1	-1	-1	-1	-1	-1	-1	-1	-1	-1	-1	-1	-1	-1	-1	-1	-1	-1	-1	-1	-1	-1	-1	2500	-1	-1	-1	-1	-1	-1	-1
46	西红柿	-1	10607	-1	-1	-1	-1	-1	-1	-1	-1	-1	-1	-1	-1	-1	-1	-1	-1	-1	-1	-1	-1	-1	-1	-1	-1	-1	-1	-1	-1	-1	-1	-1	-1	-1	-1	-1	-1	-1	-1	-1	-1	-1	1600	-1	-1	-1	-1	-1	-1	-1
47	仙人球	47	10704	-1	-1	15	0	121003	-1	-1	-1	-1	-1	-1	-1	-1	-1	-1	-1	-1	-1	-1	-1	-1	-1	-1	-1	-1	-1	-1	-1	-1	-1	-1	-1	-1	-1	-1	-1	-1	-1	-1	-1	-1	1500	-1	-1	-1	200028	1	-1	-1
48	星星果	-1	10804	-1	-1	10	0	105101	-1	-1	-1	-1	-1	-1	-1	-1	-1	-1	-1	-1	-1	-1	-1	-1	-1	-1	-1	-1	-1	-1	-1	-1	-1	-1	-1	-1	-1	-1	-1	-1	10806	0	-1	-1	1733	-1	1	1	-1	-1	-1	-1
49	阳光菇	-1	10907	-1	-1	-1	-1	-1	-1	-1	-1	-1	-1	-1	-1	-1	-1	-1	-1	-1	-1	-1	-1	-1	-1	-1	-1	-1	-1	-1	-1	-1	-1	-1	-1	-1	-1	-1	-1	-1	-1	-1	-1	-1	2766	-1	-1	-1	-1	-1	-1	-1
50	樱桃炸弹	-1	11004	-1	-1	-1	-1	-1	-1	-1	-1	-1	-1	-1	-1	-1	-1	-1	-1	-1	-1	-1	-1	-1	-1	-1	-1	-1	-1	-1	-1	-1	-1	-1	-1	-1	-1	-1	-1	-1	11005	0	-1	-1	2500	3000	1	1	200001	-1	-1	-1
51	竹笋	-1	11108	12	-1	-1	-1	-1	-1	-1	-1	-1	-1	-1	-1	-1	-1	-1	-1	-1	-1	-1	-1	-1	-1	-1	-1	-1	-1	-1	-1	-1	-1	-1	-1	-1	-1	-1	-1	-1	-1	-1	-1	-1	3000	-1	-1	-1	-1	-1	-1	-1
52	坚果	-1	11203	-1	-1	-1	-1	-1	-1	-1	-1	-1	-1	-1	-1	-1	-1	-1	-1	-1	-1	-1	-1	-1	-1	-1	-1	-1	-1	-1	-1	-1	-1	-1	-1	-1	-1	-1	-1	-1	-1	-1	-1	-1	1433	-1	-1	-1	200023	-1	-1	-1
53	能量花	-1	11304	-1	-1	-1	-1	-1	-1	-1	-1	-1	-1	-1	-1	-1	-1	-1	-1	-1	-1	-1	-1	-1	-1	-1	-1	-1	-1	-1	-1	-1	-1	-1	-1	-1	-1	-1	-1	-1	-1	-1	-1	-1	1133	-1	-1	-1	-1	-1	-1	-1
54	豌豆荚	-1	11403	-1	-1	61	3	-1	1114	47.5	50	20	93	-1	-1	1114	47.5	50	20	125	-1	-1	1114	47.5	50	20	157	-1	-1	1114	47.5	50	20	189	-1	-1	1114	47.5	50	20	-1	-1	-1	-1	6833	-1	-1	-1	-1	1	-1	-1
55	狗尾巴草	-1	11507	25	-1	49	1	11511	-1	-1	-1	-1	-1	-1	-1	-1	-1	-1	-1	-1	-1	-1	-1	-1	-1	-1	-1	-1	-1	-1	-1	-1	-1	-1	-1	-1	-1	-1	-1	-1	-1	-1	-1	-1	1600	-1	-1	-1	200039	-1	-1	-1
56	机枪射手	-1	7106	11	1	20	0	-1	1003	47.5	50	-1	-1	-1	-1	-1	-1	-1	-1	-1	-1	-1	-1	-1	-1	-1	-1	-1	-1	-1	-1	-1	-1	-1	-1	-1	-1	-1	-1	-1	-1	-1	-1	-1	4000	-1	-1	-1	200026	1	-1	-1
57	爆米花射手	141	107403	14	1	-1	0	-1	-1	-1	-1	-1	-1	-1	-1	-1	-1	-1	-1	-1	-1	-1	-1	-1	-1	-1	-1	-1	-1	-1	-1	-1	-1	-1	-1	-1	-1	-1	-1	-1	-1	-1	-1	-1	2800	-1	-1	-1	200018	1	-1	-1
100	伽刚特尔	231	17908	-1	1	91	2	14515	2074101	-1	-1	-1	-1	-1	-1	-1	-1	-1	-1	-1	-1	-1	-1	-1	-1	-1	-1	-1	-1	-1	-1	-1	-1	-1	-1	-1	-1	-1	-1	-1	-1	-1	-1	-1	2266	-1	-1	-1	-1	1	-1	-1
101	雪人僵尸	-1	14613	22	-1	24	2	24601	-1	-1	-1	-1	-1	-1	-1	-1	-1	-1	-1	-1	-1	-1	-1	-1	-1	-1	-1	-1	-1	-1	-1	-1	-1	-1	-1	-1	-1	-1	-1	-1	-1	-1	-1	-1	5333	-1	-1	-1	-1	1	-1	-1
102	卡车司机	103	18208	-1	-1	33	2	18301	-1	-1	-1	-1	-1	-1	-1	-1	-1	-1	-1	-1	-1	-1	-1	-1	-1	-1	-1	-1	-1	-1	-1	-1	-1	-1	-1	-1	-1	-1	-1	-1	-1	-1	-1	-1	2600	-1	-1	-1	-1	1	-1	-1
58	开心果	-1	110003	-1	-1	-1	-1	-1	-1	-1	-1	-1	-1	-1	-1	-1	-1	-1	-1	-1	-1	-1	-1	-1	-1	-1	-1	-1	-1	-1	-1	-1	-1	-1	-1	-1	-1	-1	-1	-1	-1	-1	2166	110201	3166	-1	-1	-1	200017	1	-1	-1
59	拍拍草	-1	109903	-1	-1	-1	-1	-1	-1	-1	-1	-1	-1	-1	-1	-1	-1	-1	-1	-1	-1	-1	-1	-1	-1	-1	-1	-1	-1	-1	-1	-1	-1	-1	-1	-1	-1	-1	-1	-1	-1	-1	-1	-1	1600	-1	2	1	200006	-1	-1	-1
60	蟠桃炸弹	-1	109803	-1	-1	-1	-1	-1	-1	-1	-1	-1	-1	-1	-1	-1	-1	-1	-1	-1	-1	-1	-1	-1	-1	-1	-1	-1	-1	-1	-1	-1	-1	-1	-1	-1	-1	-1	-1	-1	-1	-1	-1	-1	2800	-1	1	1	200014	-1	-1	-1
61	向日葵	-1	108104	-1	-1	39	0	108301	-1	-1	-1	-1	-1	-1	-1	-1	-1	-1	-1	-1	-1	-1	-1	-1	-1	-1	-1	-1	-1	-1	-1	-1	-1	-1	-1	-1	-1	-1	-1	-1	-1	-1	1433	108201	2433	-1	-1	-1	200021	-1	-1	-1
62	双头向日葵	-1	109704	-1	-1	32	0	108301	-1	-1	-1	-1	-1	-1	-1	-1	-1	-1	-1	-1	-1	-1	-1	-1	-1	-1	-1	-1	-1	-1	-1	-1	-1	-1	-1	-1	-1	-1	-1	-1	-1	-1	1433	108201	1600	-1	-1	-1	200005	-1	-1	-1
63	水滴射手	1	108503	15	-1	3	0	-1	-1	-1	-1	-1	-1	-1	-1	-1	-1	-1	-1	-1	-1	-1	-1	-1	-1	-1	-1	-1	-1	-1	-1	-1	-1	-1	-1	-1	-1	-1	-1	-1	-1	-1	-1	-1	2800	-1	-1	-1	200024	-1	-1	-1
64	松果	-1	107304	-1	-1	-1	-1	-1	-1	-1	-1	-1	-1	-1	-1	-1	-1	-1	-1	-1	-1	-1	-1	-1	-1	-1	-1	-1	-1	-1	-1	-1	-1	-1	-1	-1	-1	-1	-1	-1	-1	-1	-1	-1	3400	-1	-1	-1	200016	-1	-1	-1
65	仙人掌	72	108803	-1	-1	46	0	108807	-1	-1	-1	-1	56	-1	-1	-1	-1	-1	-1	-1	-1	-1	-1	-1	-1	-1	-1	-1	-1	-1	-1	-1	-1	-1	-1	-1	-1	-1	-1	-1	-1	-1	-1	-1	3000	-1	-1	-1	200034	-1	-1	-1
66	小喷菇	0	107705	-1	-1	37	0	107801	-1	-1	-1	-1	-1	-1	-1	-1	-1	-1	-1	-1	-1	-1	-1	-1	-1	-1	-1	-1	-1	-1	-1	-1	-1	-1	-1	-1	-1	-1	-1	-1	-1	-1	1300	106701	1300	-1	-1	-1	200019	1	-1	-1
67	小青椒	402	109403	-1	1	-1	0	-1	-1	-1	-1	-1	-1	-1	-1	-1	-1	-1	-1	-1	-1	-1	-1	-1	-1	-1	-1	-1	-1	-1	-1	-1	-1	-1	-1	-1	-1	-1	-1	-1	-1	-1	-1	-1	2000	-1	-1	-1	200008	1	-1	-1
68	小西瓜	-1	109103	16	1	-1	0	-1	-1	-1	-1	-1	-1	-1	-1	-1	-1	-1	-1	-1	-1	-1	-1	-1	-1	-1	-1	-1	-1	-1	-1	-1	-1	-1	-1	-1	-1	-1	-1	-1	-1	-1	-1	-1	2800	-1	-1	-1	200012	1	-1	-1
69	玉米投手	140	107204	17	-1	-1	-1	-1	-1	-1	-1	-1	-1	-1	-1	-1	-1	-1	-1	-1	-1	-1	-1	-1	-1	-1	-1	-1	-1	-1	-1	-1	-1	-1	-1	-1	-1	-1	-1	-1	-1	-1	-1	-1	2500	-1	-1	-1	200011	1	-1	-1
70	西瓜投手	-1	110303	18	-1	-1	-1	-1	-1	-1	-1	-1	-1	-1	-1	-1	-1	-1	-1	-1	-1	-1	-1	-1	-1	-1	-1	-1	-1	-1	-1	-1	-1	-1	-1	-1	-1	-1	-1	-1	-1	-1	-1	-1	-1	-1	-1	-1	200013	1	-1	-1
71	火爆辣椒	-1	110502	-1	-1	25	0	110506	-1	-1	-1	-1	30	1	110507	-1	-1	-1	-1	-1	-1	-1	-1	-1	-1	-1	-1	-1	-1	-1	-1	-1	-1	-1	-1	-1	-1	-1	-1	-1	-1	-1	-1	-1	1200	-1	-1	-1	200010	-1	1	-1
192	炸弹蘑菇	-1	136104	-1	-1	-1	0	-1	-1	-1	-1	-1	-1	-1	-1	-1	-1	-1	-1	-1	-1	-1	-1	-1	-1	-1	-1	-1	-1	-1	-1	-1	-1	-1	-1	-1	-1	-1	-1	-1	-1	-1	-1	-1	3000	-1	1	1	200015	1	-1	-1
103	蜗牛大招	-1	22004	-1	-1	20	0	22103	-1	-1	-1	-1	-1	-1	-1	-1	-1	-1	-1	-1	-1	-1	-1	-1	-1	-1	-1	-1	-1	-1	-1	-1	-1	-1	-1	-1	-1	-1	-1	-1	22104	0	-1	-1	3266	-1	-1	-1	-1	-1	-1	-1
104	太阳神大招	122	15311	-1	-1	21	2	-1	-1	-1	-1	-1	-1	-1	-1	-1	-1	-1	-1	-1	-1	-1	-1	-1	-1	-1	-1	-1	-1	-1	-1	-1	-1	-1	-1	-1	-1	-1	-1	-1	-1	-1	1200	15314	3000	-1	-1	-1	-1	-1	-1	-1
105	警长僵尸	-1	20406	19	1	3	0	-1	-1	-1	-1	-1	-1	-1	-1	-1	-1	-1	-1	-1	-1	-1	-1	-1	-1	-1	-1	-1	-1	-1	-1	-1	-1	-1	-1	-1	-1	-1	-1	-1	-1	-1	-1	-1	3500	-1	-1	-1	-1	1	-1	-1
106	战车僵尸	-1	23906	-1	-1	60	0	-1	12401	-1	-1	-1	-1	-1	-1	-1	-1	-1	-1	-1	-1	-1	-1	-1	-1	-1	-1	-1	-1	-1	-1	-1	-1	-1	-1	-1	-1	-1	-1	-1	-1	-1	-1	-1	1800	-1	-1	-1	-1	1	-1	-1
107	蜗牛大招	-1	22004	-1	-1	20	0	22103	-1	-1	-1	-1	-1	-1	-1	-1	-1	-1	-1	-1	-1	-1	-1	-1	-1	-1	-1	-1	-1	-1	-1	-1	-1	-1	-1	-1	-1	-1	-1	-1	22104	2	-1	-1	3266	-1	-1	-1	-1	-1	-1	-1
6001	阳光菇	-1	10907	-1	-1	-1	-1	-1	-1	-1	-1	-1	-1	-1	-1	-1	-1	-1	-1	-1	-1	-1	-1	-1	-1	-1	-1	-1	-1	-1	-1	-1	-1	-1	-1	-1	-1	-1	-1	-1	-1	-1	-1	-1	1500	1000	-1	-1	-1	-1	-1	-1
24121	模拟战僵尸	-1	24121	-1	-1	-1	-1	-1	-1	-1	-1	-1	-1	-1	-1	-1	-1	-1	-1	-1	-1	-1	-1	-1	-1	-1	-1	-1	-1	-1	-1	-1	-1	-1	-1	-1	-1	-1	-1	-1	-1	-1	-1	-1	3000	-1	-1	-1	-1	-1	-1	-1
108	精英美国铁僵技能	-1	330008	-1	-1	-1	-1	-1	-1	-1	-1	-1	-1	-1	-1	-1	-1	-1	-1	-1	-1	-1	-1	-1	-1	-1	-1	-1	-1	-1	-1	-1	-1	-1	-1	-1	-1	-1	-1	-1	-1	-1	-1	-1	1166	-1	-1	-1	-1	-1	-1	-1
109	精英美国路障技能	-1	330009	-1	-1	-1	-1	-1	-1	-1	-1	-1	-1	-1	-1	-1	-1	-1	-1	-1	-1	-1	-1	-1	-1	-1	-1	-1	-1	-1	-1	-1	-1	-1	-1	-1	-1	-1	-1	-1	-1	-1	-1	-1	1500	-1	-1	-1	-1	-1	-1	-1
110	僵尸博士	100	24120	-1	-1	-1	-1	-1	-1	-1	-1	-1	-1	-1	-1	-1	-1	-1	-1	-1	-1	-1	-1	-1	-1	-1	-1	-1	-1	-1	-1	-1	-1	-1	-1	-1	-1	-1	-1	-1	-1	-1	-1	-1	1500	-1	-1	-1	-1	-1	-1	-1
111	精英美国撑杆技能	111	330308	-1	-1	-1	-1	-1	-1	-1	-1	-1	-1	-1	-1	-1	-1	-1	-1	-1	-1	-1	-1	-1	-1	-1	-1	-1	-1	-1	-1	-1	-1	-1	-1	-1	-1	-1	-1	-1	-1	-1	-1	-1	3733	-1	-1	-1	-1	-1	-1	-1
112	精英美国旗帜僵尸	102	330108	-1	-1	33	-1	330601	200012	-1	-1	-1	35	-1	330601	200012	-1	-1	-1	-1	-1	-1	-1	-1	-1	-1	-1	-1	-1	-1	-1	-1	-1	-1	-1	-1	-1	-1	-1	-1	-1	-1	-1	-1	1500	-1	-1	-1	-1	-1	-1	-1
113	精英美国橄榄技能	113	330208	-1	-1	-1	-1	-1	-1	-1	-1	-1	-1	-1	-1	-1	-1	-1	-1	-1	-1	-1	-1	-1	-1	-1	-1	-1	-1	-1	-1	-1	-1	-1	-1	-1	-1	-1	-1	-1	-1	-1	-1	-1	1033	-1	-1	-1	-1	-1	-1	-1
72	老树桩（旧版）	72	105705	-1	-1	70	0	105709	-1	-1	-1	-1	75	-1	105710	-1	-1	-1	-1	-1	-1	-1	-1	-1	-1	-1	-1	-1	-1	-1	-1	-1	-1	-1	-1	-1	-1	-1	-1	-1	-1	-1	-1	-1	2900	-1	-1	-1	200030	-1	-1	-1
73	四叶草	-1	116003	-1	-1	1	2	118001	-1	-1	-1	-1	-1	-1	-1	-1	-1	-1	-1	-1	-1	-1	-1	-1	-1	-1	-1	-1	-1	-1	-1	-1	-1	-1	-1	-1	-1	-1	-1	-1	-1	-1	-1	-1	1900	-1	-1	-1	200031	-1	-1	-1
74	蜥蜴草（旧版）	116	113003	-1	-1	-1	-1	-1	-1	-1	-1	-1	-1	-1	-1	-1	-1	-1	-1	-1	-1	-1	-1	-1	-1	-1	-1	-1	-1	-1	-1	-1	-1	-1	-1	-1	-1	-1	-1	-1	-1	-1	1333	115002	1555	-1	-1	-1	200029	-1	-1	-1
75	火炬树桩（旧版）	117	111803	-1	-1	25	2	112001	-1	-1	-1	-1	-1	-1	-1	-1	-1	-1	-1	-1	-1	-1	-1	-1	-1	-1	-1	-1	-1	-1	-1	-1	-1	-1	-1	-1	-1	-1	-1	-1	-1	-1	-1	-1	2100	-1	-1	-1	200033	-1	-1	-1
114	boss原始骑鸟	104	21908	-1	-1	-1	-1	-1	-1	-1	-1	-1	-1	-1	-1	-1	-1	-1	-1	-1	-1	-1	-1	-1	-1	-1	-1	-1	-1	-1	-1	-1	-1	-1	-1	-1	-1	-1	-1	-1	-1	-1	-1	-1	3000	-1	-1	-1	-1	-1	-1	-1
115	boss原始面具	-1	921610	-1	-1	-1	-1	-1	-1	-1	-1	-1	-1	-1	-1	-1	-1	-1	-1	-1	-1	-1	-1	-1	-1	-1	-1	-1	-1	-1	-1	-1	-1	-1	-1	-1	-1	-1	-1	-1	-1	-1	2800	108201	3000	-1	-1	-1	-1	-1	-1	-1
116	boss原始木棍	-1	921707	-1	-1	-1	-1	-1	-1	-1	-1	-1	-1	-1	-1	-1	-1	-1	-1	-1	-1	-1	-1	-1	-1	-1	-1	-1	-1	-1	-1	-1	-1	-1	-1	-1	-1	-1	-1	-1	-1	-1	-1	-1	1000	-1	-1	-1	-1	-1	-1	-1
117	boss原始蜂窝	120	921407	-1	-1	-1	-1	-1	-1	-1	-1	-1	-1	-1	-1	-1	-1	-1	-1	-1	-1	-1	-1	-1	-1	-1	-1	-1	-1	-1	-1	-1	-1	-1	-1	-1	-1	-1	-1	-1	-1	-1	-1	-1	-1	-1	-1	-1	-1	-1	-1	-1
118	boss原始弹弓	105	921307	-1	-1	-1	-1	-1	-1	-1	-1	-1	-1	-1	-1	-1	-1	-1	-1	-1	-1	-1	-1	-1	-1	-1	-1	-1	-1	-1	-1	-1	-1	-1	-1	-1	-1	-1	-1	-1	-1	-1	-1	-1	-1	-1	-1	-1	-1	-1	-1	-1
119	boss原始铁通	-1	921807	-1	-1	-1	-1	-1	-1	-1	-1	-1	-1	-1	-1	-1	-1	-1	-1	-1	-1	-1	-1	-1	-1	-1	-1	-1	-1	-1	-1	-1	-1	-1	-1	-1	-1	-1	-1	-1	-1	-1	-1	-1	1116	-1	-1	-1	-1	-1	-1	-1
120	阳光菇BOSS	-1	910907	-1	-1	-1	-1	-1	-1	-1	-1	-1	-1	-1	-1	-1	-1	-1	-1	-1	-1	-1	-1	-1	-1	-1	-1	-1	-1	-1	-1	-1	-1	-1	-1	-1	-1	-1	-1	-1	-1	-1	-1	-1	2766	-1	-1	-1	-1	-1	-1	-1
121	椰子弹弓大招(旧版)	-1	130003	23	-1	60	0	-1	11300	45	90	-1	65	0	-1	11300	45	90	-1	-1	-1	-1	-1	11300	-1	-1	70	0	-1	11300	45	90	-1	75	0	-1	11300	45	90	-1	-1	-1	-1	-1	3000	-1	-1	-1	200036	-1	-1	-1
122	暴躁菇大招	-1	129003	-1	-1	-1	-1	-1	-1	-1	-1	-1	-1	-1	-1	-1	-1	-1	-1	-1	-1	-1	-1	-1	-1	-1	-1	-1	-1	-1	-1	-1	-1	-1	-1	-1	-1	-1	-1	-1	-1	-1	-1	-1	1533	-1	2	1	200044	-1	-1	-1
123	小萝卜大招	-1	131004	-1	-1	-1	-1	-1	-1	-1	-1	-1	-1	-1	-1	-1	-1	-1	-1	-1	-1	-1	-1	-1	-1	-1	-1	-1	-1	-1	-1	-1	-1	-1	-1	-1	-1	-1	-1	-1	-1	-1	2000	108201	2000	-1	-1	-1	200043	-1	-1	-1
125	飞盘射手(旧版）	37	134007	-1	-1	-1	-1	-1	-1	-1	-1	-1	-1	-1	-1	-1	-1	-1	-1	-1	-1	-1	-1	-1	-1	-1	-1	-1	-1	-1	-1	-1	-1	-1	-1	-1	-1	-1	-1	-1	-1	-1	-1	-1	2000	-1	-1	-1	200038	-1	-1	-1
126	末日菇	-1	105904	-1	-1	-1	-1	-1	-1	-1	-1	-1	-1	-1	-1	-1	-1	-1	-1	-1	-1	-1	-1	-1	-1	-1	-1	-1	-1	-1	-1	-1	-1	-1	-1	-1	-1	-1	-1	-1	-1	-1	-1	-1	2133	-1	1	1	200042	-1	-1	-1
127	猫尾草	-1	135004	26	-1	49	1	135007	-1	-1	-1	-1	-1	-1	-1	-1	-1	-1	-1	-1	-1	-1	-1	-1	-1	-1	-1	-1	-1	-1	-1	-1	-1	-1	-1	-1	-1	-1	-1	-1	-1	-1	1700	135007	2200	-1	-1	-1	200041	-1	-1	-1
128	大墓地BOSS	101	25806	-1	-1	-1	-1	-1	-1	-1	-1	-1	-1	-1	-1	-1	-1	-1	-1	-1	-1	-1	-1	-1	-1	-1	-1	-1	-1	-1	-1	-1	-1	-1	-1	-1	-1	-1	-1	-1	-1	-1	-1	-1	1500	-1	-1	-1	-1	-1	-1	-1
129	推筒僵尸大招	-1	917504	-1	-1	-1	-1	-1	-1	-1	-1	-1	-1	-1	-1	-1	-1	-1	-1	-1	-1	-1	-1	-1	-1	-1	-1	-1	-1	-1	-1	-1	-1	-1	-1	-1	-1	-1	-1	-1	-1	-1	-1	-1	1766	-1	-1	-1	-1	-1	-1	-1
130	警长BOSS	150	20406	-1	-1	-1	-1	-1	-1	-1	-1	-1	-1	-1	-1	-1	-1	-1	-1	-1	-1	-1	-1	-1	-1	-1	-1	-1	-1	-1	-1	-1	-1	-1	-1	-1	-1	-1	-1	-1	-1	-1	-1	-1	1600	-1	-1	-1	-1	-1	-1	-1
131	淘金BOSS	125	917207	-1	-1	-1	-1	-1	-1	-1	-1	-1	-1	-1	-1	-1	-1	-1	-1	-1	-1	-1	-1	-1	-1	-1	-1	-1	-1	-1	-1	-1	-1	-1	-1	-1	-1	-1	-1	-1	-1	-1	-1	-1	1500	-1	-1	-1	-1	-1	-1	-1
132	小鬼僵尸炮	-1	14809	-1	-1	-1	-1	-1	-1	-1	-1	-1	-1	-1	-1	-1	-1	-1	-1	-1	-1	-1	-1	-1	-1	-1	-1	-1	-1	-1	-1	-1	-1	-1	-1	-1	-1	-1	-1	-1	-1	-1	2200	20603	2500	-1	-1	-1	-1	-1	-1	-1
133	埃及艳后	1020	15809	-1	-1	201	15	15810	3040220	-1	-1	-1	204	-1	-1	3040220	-1	-1	-1	206	-1	-1	70121	-1	-1	-1	-1	-1	-1	-1	-1	-1	-1	-1	-1	-1	-1	-1	-1	-1	-1	-1	2000	108201	2300	-1	-1	-1	-1	-1	-1	-1
134	猛犸僵尸	124	21208	-1	-1	-1	-1	-1	-1	-1	-1	-1	-1	-1	-1	-1	-1	-1	-1	-1	-1	-1	-1	-1	-1	-1	-1	-1	-1	-1	-1	-1	-1	-1	-1	-1	-1	-1	-1	-1	-1	-1	-1	-1	1784	-1	-1	-1	-1	-1	-1	-1
135	鸡贼僵尸大招	-1	918909	-1	-1	-1	-1	-1	-1	-1	-1	-1	-1	-1	-1	-1	-1	-1	-1	-1	-1	-1	-1	-1	-1	-1	-1	-1	-1	-1	-1	-1	-1	-1	-1	-1	-1	-1	-1	-1	-1	-1	-1	-1	2033	-1	-1	-1	-1	-1	-1	-1
136	海盗路障	-1	916208	-1	-1	-1	-1	-1	-1	-1	-1	-1	-1	-1	-1	-1	-1	-1	-1	-1	-1	-1	-1	-1	-1	-1	-1	-1	-1	-1	-1	-1	-1	-1	-1	-1	-1	-1	-1	-1	-1	-1	-1	-1	1500	-1	-1	-1	-1	-1	-1	-1
137	海盗铁桶	-1	916209	-1	-1	-1	-1	-1	-1	-1	-1	-1	-1	-1	-1	-1	-1	-1	-1	-1	-1	-1	-1	-1	-1	-1	-1	-1	-1	-1	-1	-1	-1	-1	-1	-1	-1	-1	-1	-1	-1	-1	-1	-1	1000	-1	-1	-1	-1	-1	-1	-1
138	力士僵尸	126	21108	-1	-1	-1	-1	-1	-1	-1	-1	-1	-1	-1	-1	-1	-1	-1	-1	-1	-1	-1	-1	-1	-1	-1	-1	-1	-1	-1	-1	-1	-1	-1	-1	-1	-1	-1	-1	-1	-1	-1	-1	-1	-1	-1	-1	-1	-1	-1	-1	-1
150	长城投石车	121	923410	-1	-1	-1	-1	-1	-1	-1	-1	-1	-1	-1	-1	-1	-1	-1	-1	-1	-1	-1	-1	-1	-1	-1	-1	-1	-1	-1	-1	-1	-1	-1	-1	-1	-1	-1	-1	-1	-1	-1	-1	-1	1500	-1	-1	-1	-1	-1	-1	-1
151	埃及路障	-1	915010	-1	-1	-1	-1	-1	-1	-1	-1	-1	-1	-1	-1	-1	-1	-1	-1	-1	-1	-1	-1	-1	-1	-1	-1	-1	-1	-1	-1	-1	-1	-1	-1	-1	-1	-1	-1	-1	-1	-1	-1	-1	1500	-1	-1	-1	-1	-1	-1	-1
152	埃及铁桶	-1	915009	-1	-1	-1	-1	-1	-1	-1	-1	-1	-1	-1	-1	-1	-1	-1	-1	-1	-1	-1	-1	-1	-1	-1	-1	-1	-1	-1	-1	-1	-1	-1	-1	-1	-1	-1	-1	-1	-1	-1	-1	-1	1166	-1	-1	-1	-1	-1	-1	-1
153	埃及旗帜	102	915108	-1	-1	33	2	330601	3040201	-1	-1	-1	35	-1	330601	3040201	-1	-1	-1	-1	-1	-1	-1	-1	-1	-1	-1	-1	-1	-1	-1	-1	-1	-1	-1	-1	-1	-1	-1	-1	-1	-1	-1	-1	1500	-1	-1	-1	-1	-1	-1	-1
154	探险僵尸大招	123	915606	27	-1	-1	-1	-1	-1	-1	-1	-1	-1	-1	-1	-1	-1	-1	-1	-1	-1	-1	-1	-1	-1	-1	-1	-1	-1	-1	-1	-1	-1	-1	-1	-1	-1	-1	-1	-1	-1	-1	-1	-1	1800	-1	-1	-1	-1	-1	-1	-1
155	长城路障	-1	923607	-1	-1	-1	-1	-1	-1	-1	-1	-1	-1	-1	-1	-1	-1	-1	-1	-1	-1	-1	-1	-1	-1	-1	-1	-1	-1	-1	-1	-1	-1	-1	-1	-1	-1	-1	-1	-1	-1	-1	-1	-1	1500	-1	-1	-1	-1	-1	-1	-1
156	长城铁桶	-1	923707	-1	-1	-1	-1	-1	-1	-1	-1	-1	-1	-1	-1	-1	-1	-1	-1	-1	-1	-1	-1	-1	-1	-1	-1	-1	-1	-1	-1	-1	-1	-1	-1	-1	-1	-1	-1	-1	-1	-1	-1	-1	1200	-1	-1	-1	-1	-1	-1	-1
157	长城旗尸	102	925907	-1	-1	33	2	330601	3030801	-1	-1	-1	35	-1	330601	3030801	-1	-1	-1	-1	-1	-1	-1	-1	-1	-1	-1	-1	-1	-1	-1	-1	-1	-1	-1	-1	-1	-1	-1	-1	-1	-1	-1	-1	1500	-1	-1	-1	-1	-1	-1	-1
158	长城皇帝僵尸	1021	23806	-1	-1	62	15	23809	3031025	-1	-1	-1	79	-1	-1	3031025	-1	-1	-1	101	-1	-1	2040319	-1	-1	-1	-1	-1	-1	-1	-1	-1	-1	-1	-1	-1	-1	-1	-1	-1	-1	-1	-1	-1	1500	-1	-1	-1	-1	-1	-1	-1
159	灵符僵尸	-1	923110	28	-1	-1	-1	-1	-1	-1	-1	-1	-1	-1	-1	-1	-1	-1	-1	-1	-1	-1	-1	-1	-1	-1	-1	-1	-1	-1	-1	-1	-1	-1	-1	-1	-1	-1	-1	-1	-1	-1	-1	-1	1933	-1	-1	-1	-1	-1	-1	-1
160	长城圆锤BOSS	-1	23507	-1	-1	-1	-1	-1	-1	-1	-1	-1	-1	-1	-1	-1	-1	-1	-1	-1	-1	-1	-1	-1	-1	-1	-1	-1	-1	-1	-1	-1	-1	-1	-1	-1	-1	-1	-1	-1	-1	-1	-1	-1	783	-1	-1	-1	-1	-1	-1	-1
161	长城僵尸炮	-1	23907	-1	-1	81	0	-1	12401	47	39	-1	-1	-1	-1	-1	-1	-1	-1	-1	-1	-1	-1	-1	-1	-1	-1	-1	-1	-1	-1	-1	-1	-1	-1	-1	-1	-1	-1	-1	-1	-1	-1	-1	1900	-1	-1	-1	-1	-1	-1	-1
162	长城大刀	-1	923306	-1	-1	-1	-1	-1	-1	-1	-1	-1	-1	-1	-1	-1	-1	-1	-1	-1	-1	-1	-1	-1	-1	-1	-1	-1	-1	-1	-1	-1	-1	-1	-1	-1	-1	-1	-1	-1	-1	-1	-1	-1	1433	-1	-1	-1	-1	-1	-1	-1
163	埃及法老僵尸	-1	15418	-1	-1	-1	-1	-1	-1	-1	-1	-1	-1	-1	-1	-1	-1	-1	-1	-1	-1	-1	-1	-1	-1	-1	-1	-1	-1	-1	-1	-1	-1	-1	-1	-1	-1	-1	-1	-1	-1	-1	-1	-1	650	-1	-1	-1	-1	-1	-1	-1
164	西部铁桶	-1	916811	-1	-1	-1	-1	-1	-1	-1	-1	-1	-1	-1	-1	-1	-1	-1	-1	-1	-1	-1	-1	-1	-1	-1	-1	-1	-1	-1	-1	-1	-1	-1	-1	-1	-1	-1	-1	-1	-1	-1	-1	-1	800	-1	-1	-1	-1	-1	-1	-1
165	西部旗僵	102	916908	-1	-1	33	2	330601	70141	-1	-1	-1	35	-1	330601	70141	-1	-1	-1	-1	-1	-1	-1	-1	-1	-1	-1	-1	-1	-1	-1	-1	-1	-1	-1	-1	-1	-1	-1	-1	-1	-1	-1	-1	1500	-1	-1	-1	-1	-1	-1	-1
166	路障武师boss	-1	924709	-1	-1	-1	-1	-1	-1	-1	-1	-1	-1	-1	-1	-1	-1	-1	-1	-1	-1	-1	-1	-1	-1	-1	-1	-1	-1	-1	-1	-1	-1	-1	-1	-1	-1	-1	-1	-1	-1	-1	-1	-1	1500	-1	-1	-1	-1	-1	-1	-1
167	西部路僵	-1	916812	-1	-1	-1	-1	-1	-1	-1	-1	-1	-1	-1	-1	-1	-1	-1	-1	-1	-1	-1	-1	-1	-1	-1	-1	-1	-1	-1	-1	-1	-1	-1	-1	-1	-1	-1	-1	-1	-1	-1	-1	-1	1500	-1	-1	-1	-1	-1	-1	-1
168	长城铁僵	-1	924708	-1	-1	-1	-1	-1	-1	-1	-1	-1	-1	-1	-1	-1	-1	-1	-1	-1	-1	-1	-1	-1	-1	-1	-1	-1	-1	-1	-1	-1	-1	-1	-1	-1	-1	-1	-1	-1	-1	-1	-1	-1	800	-1	-1	-1	-1	-1	-1	-1
169	海盗旗帜	102	916308	-1	-1	33	2	330601	70131	-1	-1	-1	35	-1	330601	70131	-1	-1	-1	-1	-1	-1	-1	-1	-1	-1	-1	-1	-1	-1	-1	-1	-1	-1	-1	-1	-1	-1	-1	-1	-1	-1	-1	-1	1500	-1	-1	-1	-1	-1	-1	-1
170	功夫气功	-1	925308	-1	-1	29	0	-1	912540	0	-15	-1	-1	-1	-1	-1	-1	-1	-1	-1	-1	-1	-1	-1	-1	-1	-1	-1	-1	-1	-1	-1	-1	-1	-1	-1	-1	-1	-1	-1	-1	-1	-1	-1	1300	-1	-1	-1	-1	-1	-1	-1
171	功夫火炬	-1	925607	-1	-1	-1	-1	-1	-1	-1	-1	-1	-1	-1	-1	-1	-1	-1	-1	-1	-1	-1	-1	-1	-1	-1	-1	-1	-1	-1	-1	-1	-1	-1	-1	-1	-1	-1	-1	-1	-1	-1	-1	-1	1466	-1	-1	-1	-1	-1	-1	-1
172	僵尸牛	-1	17814	-1	-1	-1	-1	-1	-1	-1	-1	-1	-1	-1	-1	-1	-1	-1	-1	-1	-1	-1	-1	-1	-1	-1	-1	-1	-1	-1	-1	-1	-1	-1	-1	-1	-1	-1	-1	-1	-1	-1	-1	-1	1500	-1	-1	-1	-1	-1	-1	-1
173	白骨精	-1	331507	-1	-1	-1	-1	-1	-1	-1	-1	-1	-1	-1	-1	-1	-1	-1	-1	-1	-1	-1	-1	-1	-1	-1	-1	-1	-1	-1	-1	-1	-1	-1	-1	-1	-1	-1	-1	-1	-1	-1	-1	-1	1500	-1	-1	-1	-1	-1	-1	-1
174	蜘蛛精	-1	331605	-1	-1	89	2	331611	-1	-1	-1	-1	-1	-1	-1	-1	-1	-1	-1	-1	-1	-1	-1	-1	-1	-1	-1	-1	-1	-1	-1	-1	-1	-1	-1	-1	-1	-1	-1	-1	-1	-1	-1	-1	3500	-1	-1	-1	-1	-1	-1	-1
175	牛魔王	-1	331706	-1	-1	41	0	331707	-1	-1	-1	-1	-1	-1	-1	-1	-1	-1	-1	-1	-1	-1	-1	-1	-1	-1	-1	-1	-1	-1	-1	-1	-1	-1	-1	-1	-1	-1	-1	-1	-1	-1	-1	-1	3000	-1	-1	-1	-1	-1	-1	-1
176	红孩儿BOSS	-1	9331206	-1	-1	20	0	-1	193312	-50	-1	-1	-1	-1	-1	-1	-1	-1	-1	-1	-1	-1	-1	-1	-1	-1	-1	-1	-1	-1	-1	-1	-1	-1	-1	-1	-1	-1	-1	-1	-1	-1	-1	-1	1800	-1	-1	-1	-1	-1	-1	-1
177	土地爷爷BOSS	-1	9331107	-1	-1	52	1	9331108	-1	-1	-1	-1	-1	-1	-1	-1	-1	-1	-1	-1	-1	-1	-1	-1	-1	-1	-1	-1	-1	-1	-1	-1	-1	-1	-1	-1	-1	-1	-1	-1	-1	-1	-1	-1	1200	-1	-1	-1	-1	-1	-1	-1
178	黄梅大王BOSS	178	331404	-1	-1	-1	-1	-1	-1	-1	-1	-1	-1	-1	-1	-1	-1	-1	-1	-1	-1	-1	-1	-1	-1	-1	-1	-1	-1	-1	-1	-1	-1	-1	-1	-1	-1	-1	-1	-1	-1	-1	-1	-1	1500	-1	-1	-1	-1	-1	-1	-1
179	黑熊精BOSS	-1	9331307	-1	-1	45	1	9331308	-1	-1	-1	-1	-1	-1	-1	-1	-1	-1	-1	-1	-1	-1	-1	-1	-1	-1	-1	-1	-1	-1	-1	-1	-1	-1	-1	-1	-1	-1	-1	-1	-1	-1	-1	-1	2200	-1	-1	-1	-1	-1	-1	-1
180	叉子小鬼BOSS	-1	9331007	-1	-1	25	1	9331009	-1	-1	-1	-1	-1	-1	-1	-1	-1	-1	-1	-1	-1	-1	-1	-1	-1	-1	-1	-1	-1	-1	-1	-1	-1	-1	-1	-1	-1	-1	-1	-1	-1	-1	-1	-1	2700	-1	-1	-1	-1	-1	-1	-1
181	铁锅小鬼BOSS	-1	9330902	-1	-1	-1	-1	-1	-1	-1	-1	-1	-1	-1	-1	-1	-1	-1	-1	-1	-1	-1	-1	-1	-1	-1	-1	-1	-1	-1	-1	-1	-1	-1	-1	-1	-1	-1	-1	-1	-1	-1	-1	-1	1500	-1	-1	-1	-1	-1	-1	-1
182	大喷菇大招	130	135104	-1	-1	41	0	135107	-1	-1	-1	-1	-1	-1	-1	-1	-1	-1	-1	-1	-1	-1	-1	-1	-1	-1	-1	-1	-1	-1	-1	-1	-1	-1	-1	-1	-1	-1	-1	-1	-1	-1	-1	-1	3000	-1	-1	-1	200053	1	-1	-1
183	电风扇大招	-1	135204	-1	-1	57	2	135207	-1	-1	-1	-1	-1	-1	-1	-1	-1	-1	-1	-1	-1	-1	-1	-1	-1	-1	-1	-1	-1	-1	-1	-1	-1	-1	-1	-1	-1	-1	-1	-1	-1	-1	-1	-1	2500	-1	-1	-1	200057	1	-1	-1
184	恶魔辣椒	-1	135305	-1	-1	-1	0	-1	-1	-1	-1	-1	-1	-1	-1	-1	-1	-1	-1	-1	-1	-1	-1	-1	-1	-1	-1	-1	-1	-1	-1	-1	-1	-1	-1	-1	-1	-1	-1	-1	-1	-1	-1	-1	2433	-1	-1	-1	200015	1	-1	-1
185	双头神龙草(旧）	-1	138304	-1	-1	75	0	138309	-1	-1	-1	-1	-1	-1	-1	-1	-1	-1	-1	-1	-1	-1	-1	-1	-1	-1	-1	-1	-1	-1	-1	-1	-1	-1	-1	-1	-1	-1	-1	-1	-1	-1	-1	-1	3000	-1	2	1	200068	1	-1	-1
186	鬼火树桩(旧版）	-1	135504	-1	-1	50	0	135508	-1	-1	-1	-1	-1	-1	-1	-1	-1	-1	-1	-1	-1	-1	-1	-1	-1	-1	-1	-1	-1	-1	-1	-1	-1	-1	-1	-1	-1	-1	-1	-1	-1	-1	-1	-1	3000	-1	-1	-1	200069	1	-1	-1
187	人参	-1	135604	-1	-1	20	0	-1	-1	-1	-1	-1	-1	-1	-1	-1	-1	-1	-1	-1	-1	-1	-1	-1	-1	-1	-1	-1	-1	-1	-1	-1	-1	-1	-1	-1	-1	-1	-1	-1	-1	-1	-1	-1	3000	-1	-1	-1	200054	1	-1	-1
188	全息高坚果	-1	135704	-1	-1	23	0	135705	-1	-1	-1	-1	-1	-1	-1	-1	-1	-1	-1	-1	-1	-1	-1	-1	-1	-1	-1	-1	-1	-1	-1	-1	-1	-1	-1	-1	-1	-1	-1	-1	-1	-1	-1	-1	3000	-1	-1	-1	200056	1	-1	-1
189	三头向日葵	-1	135804	-1	-1	-1	0	-1	-1	-1	-1	-1	-1	-1	-1	-1	-1	-1	-1	-1	-1	-1	-1	-1	-1	-1	-1	-1	-1	-1	-1	-1	-1	-1	-1	-1	-1	-1	-1	-1	-1	-1	1433	108201	1600	-1	-1	-1	200059	1	-1	-1
190	狐尾草	214	138404	-1	-1	64	0	138407	-1	-1	-1	-1	-1	-1	-1	-1	-1	-1	-1	-1	-1	-1	-1	-1	-1	-1	-1	-1	-1	-1	-1	-1	-1	-1	-1	-1	-1	-1	-1	-1	-1	-1	-1	-1	3000	-1	-1	-1	200066	1	-1	-1
192	炸弹蘑菇	-1	136104	-1	-1	-1	0	-1	-1	-1	-1	-1	-1	-1	-1	-1	-1	-1	-1	-1	-1	-1	-1	-1	-1	-1	-1	-1	-1	-1	-1	-1	-1	-1	-1	-1	-1	-1	-1	-1	-1	-1	-1	-1	3000	-1	2	1	200047	1	-1	-1
193	榛果	-1	136204	-1	-1	36	0	-1	-1	-1	-1	-1	-1	-1	-1	-1	-1	-1	-1	-1	-1	-1	-1	-1	-1	-1	-1	-1	-1	-1	-1	-1	-1	-1	-1	-1	-1	-1	-1	-1	-1	-1	-1	-1	3000	-1	-1	-1	200045	1	-1	-1
194	核桃炸弹	-1	136302	-1	-1	-1	0	-1	-1	-1	-1	-1	-1	-1	-1	-1	-1	-1	-1	-1	-1	-1	-1	-1	-1	-1	-1	-1	-1	-1	-1	-1	-1	-1	-1	-1	-1	-1	-1	-1	-1	-1	-1	-1	3000	-1	1	1	200061	1	-1	-1
195	机枪射手	56	136408	11	1	61	0	-1	113641	47.5	0	10	73	0	-1	113641	47.5	0	10	85	0	-1	113641	47.5	0	10	-1	-1	-1	-1	-1	-1	-1	-1	-1	-1	-1	-1	-1	-1	-1	-1	-1	-1	6000	-1	-1	-1	200026	1	-1	-1
196	椰子火箭炮(旧版)	196	136503	-1	-1	-1	0	-1	-1	-1	-1	-1	-1	-1	-1	-1	-1	-1	-1	-1	-1	-1	-1	-1	-1	-1	-1	-1	-1	-1	-1	-1	-1	-1	-1	-1	-1	-1	-1	-1	-1	-1	-1	-1	3000	-1	-1	-1	200046	1	-1	-1
197	仙人树	-1	500004	-1	-1	44	0	-1	-1	-1	-1	-1	-1	-1	-1	-1	-1	-1	-1	-1	-1	-1	-1	-1	-1	-1	-1	-1	-1	-1	-1	-1	-1	-1	-1	-1	-1	-1	-1	-1	-1	-1	-1	-1	1466	-1	1	1	200060	1	-1	-1
198	菜极大招	-1	404	-1	-1	-1	-1	-1	-1	-1	-1	-1	-1	-1	-1	-1	-1	-1	-1	-1	-1	-1	-1	-1	-1	-1	-1	-1	-1	-1	-1	-1	-1	-1	-1	-1	-1	-1	-1	-1	-1	-1	-1	-1	2800	-1	2	1	200049	1	-1	-1
199	冰箭大招	199	136604	-1	-1	-1	-1	-1	-1	-1	-1	-1	-1	-1	-1	-1	-1	-1	-1	-1	-1	-1	-1	-1	-1	-1	-1	-1	-1	-1	-1	-1	-1	-1	-1	-1	-1	-1	-1	-1	-1	-1	-1	-1	1500	-1	-1	-1	200052	-1	-1	-1
200	玉米加农炮	200	136703	-1	-1	57	2	136707	-1	-1	-1	-1	-1	-1	-1	-1	-1	-1	-1	-1	-1	-1	-1	-1	-1	-1	-1	-1	-1	-1	-1	-1	-1	-1	-1	-1	-1	-1	-1	-1	-1	-1	-1	-1	2400	-1	-1	-1	200050	1	-1	-1
201	流星锤大招（旧）	-1	136804	-1	-1	-1	0	-1	-1	-1	-1	-1	-1	-1	-1	-1	-1	-1	-1	-1	-1	-1	-1	-1	-1	-1	-1	-1	-1	-1	-1	-1	-1	-1	-1	-1	-1	-1	-1	-1	-1	-1	-1	-1	1500	-1	-1	-1	200055	1	-1	-1
203	恶魔辣椒	203	137002	-1	-1	-1	-1	-1	-1	-1	-1	-1	-1	-1	-1	-1	-1	-1	-1	-1	-1	-1	-1	-1	-1	-1	-1	-1	-1	-1	-1	-1	-1	-1	-1	-1	-1	-1	-1	-1	-1	-1	-1	-1	1500	-1	-1	-1	200067	1	-1	-1
204	高级捕蝇草	-1	137104	-1	-1	-1	-1	-1	-1	-1	-1	-1	-1	-1	-1	-1	-1	-1	-1	-1	-1	-1	-1	-1	-1	-1	-1	-1	-1	-1	-1	-1	-1	-1	-1	-1	-1	-1	-1	-1	-1	-1	-1	-1	2400	-1	2	1	200058	1	-1	-1
205	钻石地刺（旧的）	-1	500102	-1	-1	37	0	500105	-1	-1	-1	-1	-1	-1	-1	-1	-1	-1	-1	-1	-1	-1	-1	-1	-1	-1	-1	-1	-1	-1	-1	-1	-1	-1	-1	-1	-1	-1	-1	-1	-1	-1	-1	-1	1500	-1	-1	-1	200051	1	-1	-1
211	闪电芦苇	211	138004	-1	-1	18	0	138010	34	-1	-1	-1	21	-1	138009	85	-1	-1	-1	-1	-1	-1	-1	-1	-1	-1	-1	-1	-1	-1	-1	-1	-1	-1	-1	-1	-1	-1	-1	-1	-1	-1	-1	-1	2400	-1	-1	-1	200063	1	-1	-1
212	棱镜草	72	138103	-1	-1	61	0	138109	-1	-1	-1	-1	80	-1	-1	-1	-1	-1	-1	-1	-1	-1	-1	-1	-1	-1	-1	-1	-1	-1	-1	-1	-1	-1	-1	-1	-1	-1	-1	-1	-1	-1	-1	-1	1500	-1	-1	-1	200064	1	-1	-1
213	雷神草	72	138204	-1	-1	83	0	138209	-1	-1	-1	-1	102	-1	-1	-1	-1	-1	-1	-1	-1	-1	-1	-1	-1	-1	-1	-1	-1	-1	-1	-1	-1	-1	-1	-1	-1	-1	-1	-1	-1	-1	-1	-1	1500	-1	-1	-1	200065	1	-1	-1
220	僵尸酋长	220	20108	-1	-1	-1	-1	-1	-1	-1	-1	-1	-1	-1	-1	-1	-1	-1	-1	-1	-1	-1	-1	-1	-1	-1	-1	-1	-1	-1	-1	-1	-1	-1	-1	-1	-1	-1	-1	-1	-1	-1	-1	-1	1500	-1	-1	-1	-1	-1	-1	-1
226	钢琴BOSS	250	916104	-1	-1	-1	-1	-1	-1	-1	-1	-1	-1	-1	-1	-1	-1	-1	-1	-1	-1	-1	-1	-1	-1	-1	-1	-1	-1	-1	-1	-1	-1	-1	-1	-1	-1	-1	-1	-1	-1	-1	-1	-1	1500	-1	-1	-1	-1	-1	-1	-1
221	大锤武师BOSS	222	925108	-1	-1	-1	-1	-1	-1	-1	-1	-1	-1	-1	-1	-1	-1	-1	-1	-1	-1	-1	-1	-1	-1	-1	-1	-1	-1	-1	-1	-1	-1	-1	-1	-1	-1	-1	-1	-1	-1	-1	-1	-1	1500	-1	-1	-1	-1	-1	-1	-1
225	海盗船长	225	16410	-1	-1	-1	-1	-1	-1	-1	-1	-1	-1	-1	-1	-1	-1	-1	-1	-1	-1	-1	-1	-1	-1	-1	-1	-1	-1	-1	-1	-1	-1	-1	-1	-1	-1	-1	-1	-1	-1	-1	-1	-1	1500	-1	-1	-1	-1	-1	-1	-1
300	刺客僵尸	151	331802	-1	-1	-1	-1	-1	-1	-1	-1	-1	-1	-1	-1	-1	-1	-1	-1	-1	-1	-1	-1	-1	-1	-1	-1	-1	-1	-1	-1	-1	-1	-1	-1	-1	-1	-1	-1	-1	-1	-1	-1	-1	1500	-1	-1	-1	-1	-1	-1	-1
301	迷幻菇	-1	510003	-1	-1	-1	-1	-1	-1	-1	-1	-1	-1	-1	-1	-1	-1	-1	-1	-1	-1	-1	-1	-1	-1	-1	-1	-1	-1	-1	-1	-1	-1	-1	-1	-1	-1	-1	-1	-1	-1	-1	-1	-1	2200	-1	-1	-1	-1	-1	-1	-1
303	魔术绿色加血	303	510012	-1	-1	-1	-1	-1	-1	-1	-1	-1	-1	-1	-1	-1	-1	-1	-1	-1	-1	-1	-1	-1	-1	-1	-1	-1	-1	-1	-1	-1	-1	-1	-1	-1	-1	-1	-1	-1	-1	-1	-1	-1	2200	-1	-1	-1	-1	-1	-1	-1
304	魔术红色群攻	304	510011	-1	-1	5	2	510019	-1	-1	-1	-1	-1	-1	-1	-1	-1	-1	-1	-1	-1	-1	-1	-1	-1	-1	-1	-1	-1	-1	-1	-1	-1	-1	-1	-1	-1	-1	-1	-1	-1	-1	-1	-1	2200	-1	-1	-1	-1	-1	-1	-1
305	魔术黄色群攻带晕	305	510013	-1	-1	-1	-1	-1	-1	-1	-1	-1	-1	-1	-1	-1	-1	-1	-1	-1	-1	-1	-1	-1	-1	-1	-1	-1	-1	-1	-1	-1	-1	-1	-1	-1	-1	-1	-1	-1	-1	-1	-1	-1	2200	-1	-1	-1	-1	-1	-1	-1
400	海鸥僵尸大招	400	917608	-1	-1	-1	-1	-1	-1	-1	-1	-1	-1	-1	-1	-1	-1	-1	-1	-1	-1	-1	-1	-1	-1	-1	-1	-1	-1	-1	-1	-1	-1	-1	-1	-1	-1	-1	-1	-1	-1	-1	-1	-1	1370	-1	-1	-1	-1	1	-1	-1
220	僵尸酋长	220	20108	-1	-1	-1	-1	-1	-1	-1	-1	-1	-1	-1	-1	-1	-1	-1	-1	-1	-1	-1	-1	-1	-1	-1	-1	-1	-1	-1	-1	-1	-1	-1	-1	-1	-1	-1	-1	-1	-1	-1	-1	-1	1500	-1	-1	-1	-1	-1	-1	-1
401	刀客僵尸大招	401	341001	-1	-1	-1	-1	-1	-1	-1	-1	-1	-1	-1	-1	-1	-1	-1	-1	-1	-1	-1	-1	-1	-1	-1	-1	-1	-1	-1	-1	-1	-1	-1	-1	-1	-1	-1	-1	-1	-1	-1	-1	-1	1500	-1	-1	-1	-1	1	-1	-1
402	飞索僵尸BOSS	182	917311	-1	-1	-1	-1	-1	-1	-1	-1	-1	-1	-1	-1	-1	-1	-1	-1	-1	-1	-1	-1	-1	-1	-1	-1	-1	-1	-1	-1	-1	-1	-1	-1	-1	-1	-1	-1	-1	-1	-1	-1	-1	1500	-1	-1	-1	-1	-1	-1	-1
403	死神大招	232	915508	-1	-1	-1	-1	-1	-1	-1	-1	-1	-1	-1	-1	-1	-1	-1	-1	-1	-1	-1	-1	-1	-1	-1	-1	-1	-1	-1	-1	-1	-1	-1	-1	-1	-1	-1	-1	-1	-1	-1	-1	-1	1500	-1	-1	-1	-1	-1	-1	-1
404	淘金僵尸	125	17207	-1	-1	-1	-1	-1	-1	-1	-1	-1	-1	-1	-1	-1	-1	-1	-1	-1	-1	-1	-1	-1	-1	-1	-1	-1	-1	-1	-1	-1	-1	-1	-1	-1	-1	-1	-1	-1	-1	-1	-1	-1	1500	-1	-1	-1	-1	-1	-1	-1
405	铜锣大招BOSS	-1	926006	-1	-1	33	2	330601	2060145	-1	-1	-1	35	-1	330601	70131	-1	-1	-1	-1	-1	-1	-1	-1	-1	-1	-1	-1	-1	-1	-1	-1	-1	-1	-1	-1	-1	-1	-1	-1	-1	-1	-1	-1	1500	-1	-1	-1	-1	-1	-1	-1
406	菜本大招	-1	138504	-1	-1	-1	-1	-1	-1	-1	-1	-1	-1	-1	-1	-1	-1	-1	-1	-1	-1	-1	-1	-1	-1	-1	-1	-1	-1	-1	-1	-1	-1	-1	-1	-1	-1	-1	-1	-1	-1	-1	-1	-1	2800	-1	2	1	200048	-1	-1	-1
407	鬼火树桩	-1	138604	-1	-1	-1	-1	-1	-1	-1	-1	-1	-1	-1	-1	-1	-1	-1	-1	-1	-1	-1	-1	-1	-1	-1	-1	-1	-1	-1	-1	-1	-1	-1	-1	-1	-1	-1	-1	-1	-1	-1	-1	-1	600	-1	-1	-1	200069	1	-1	-1
408	火炬树桩	-1	138702	-1	-1	-1	-1	-1	-1	-1	-1	-1	-1	-1	-1	-1	-1	-1	-1	-1	-1	-1	-1	-1	-1	-1	-1	-1	-1	-1	-1	-1	-1	-1	-1	-1	-1	-1	-1	-1	-1	-1	-1	-1	600	-1	-1	-1	200033	-1	-1	-1
409	老树桩	-1	138804	-1	-1	-1	-1	-1	-1	-1	-1	-1	-1	-1	-1	-1	-1	-1	-1	-1	-1	-1	-1	-1	-1	-1	-1	-1	-1	-1	-1	-1	-1	-1	-1	-1	-1	-1	-1	-1	-1	-1	-1	-1	600	-1	-1	-1	200030	-1	-1	-1
410	末日菇	72	138904	-1	-1	22	0	138905	-1	-1	-1	-1	43	-1	-1	-1	-1	-1	-1	-1	-1	-1	-1	-1	-1	-1	-1	-1	-1	-1	-1	-1	-1	-1	-1	-1	-1	-1	-1	-1	-1	-1	-1	-1	2133	-1	2	1	200042	-1	-1	-1
411	炸弹蘑菇	72	139104	-1	-1	22	0	139105	-1	-1	-1	-1	45	-1	-1	-1	-1	-1	-1	-1	-1	-1	-1	-1	-1	-1	-1	-1	-1	-1	-1	-1	-1	-1	-1	-1	-1	-1	-1	-1	-1	-1	-1	-1	2133	-1	2	1	200047	1	-1	-1
412	小树丛	-1	139205	-1	-1	-1	-1	-1	-1	-1	-1	-1	-1	-1	-1	-1	-1	-1	-1	-1	-1	-1	-1	-1	-1	-1	-1	-1	-1	-1	-1	-1	-1	-1	-1	-1	-1	-1	-1	-1	-1	-1	-1	-1	2500	-1	-1	-1	200070	-1	-1	-1
413	梧桐树	-1	139305	-1	-1	-1	-1	-1	-1	-1	-1	-1	-1	-1	-1	-1	-1	-1	-1	-1	-1	-1	-1	-1	-1	-1	-1	-1	-1	-1	-1	-1	-1	-1	-1	-1	-1	-1	-1	-1	-1	-1	-1	-1	2500	-1	-1	-1	200071	-1	-1	-1
414	柏树	-1	139405	-1	-1	-1	-1	-1	-1	-1	-1	-1	-1	-1	-1	-1	-1	-1	-1	-1	-1	-1	-1	-1	-1	-1	-1	-1	-1	-1	-1	-1	-1	-1	-1	-1	-1	-1	-1	-1	-1	-1	-1	-1	2500	-1	-1	-1	200072	-1	-1	-1
415	磁力菇	404	139504	-1	-1	-1	-1	-1	400267	-1	-1	-1	-1	-1	-1	-1	-1	-1	-1	-1	-1	-1	-1	-1	-1	-1	-1	-1	-1	-1	-1	-1	-1	-1	-1	-1	-1	-1	-1	-1	-1	-1	-1	-1	2500	-1	-1	-1	200073	-1	-1	-1
416	电磁菇	404	139604	-1	-1	-1	-1	-1	400268	-1	-1	-1	-1	-1	-1	-1	-1	-1	-1	-1	-1	-1	-1	-1	-1	-1	-1	-1	-1	-1	-1	-1	-1	-1	-1	-1	-1	-1	-1	-1	-1	-1	-1	-1	2500	-1	-1	-1	200074	-1	-1	-1
417	万磁菇	404	139704	-1	-1	-1	-1	-1	400269	-1	-1	-1	-1	-1	-1	-1	-1	-1	-1	-1	-1	-1	-1	-1	-1	-1	-1	-1	-1	-1	-1	-1	-1	-1	-1	-1	-1	-1	-1	-1	-1	-1	-1	-1	2500	-1	-1	-1	200075	-1	-1	-1
418	蜥蜴草	116	115503	-1	-1	-1	-1	-1	-1	-1	-1	-1	-1	-1	-1	-1	-1	-1	-1	-1	-1	-1	-1	-1	-1	-1	-1	-1	-1	-1	-1	-1	-1	-1	-1	-1	-1	-1	-1	-1	-1	-1	1333	115508	1555	-1	-1	-1	200029	-1	-1	-1
419	火龙草	-1	139803	-1	-1	61	0	139807	-1	-1	-1	-1	-1	-1	-1	-1	-1	-1	-1	-1	-1	-1	-1	-1	-1	-1	-1	-1	-1	-1	-1	-1	-1	-1	-1	-1	-1	-1	-1	-1	-1	-1	-1	-1	2900	-1	2	1	200032	-1	-1	-1
420	飞盘射手	403	139903	-1	-1	42	-1	139906	-1	-1	-1	-1	68	-1	139907	-1	-1	-1	-1	75	-1	139908	-1	-1	-1	-1	-1	-1	-1	-1	-1	-1	-1	-1	-1	-1	-1	-1	-1	-1	-1	-1	-1	-1	2000	-1	-1	-1	200038	-1	-1	-1
421	双头神龙草	-1	140004	-1	-1	67	0	140010	-1	-1	-1	-1	97	0	140009	-1	-1	-1	-1	-1	-1	-1	-1	-1	-1	-1	-1	-1	-1	-1	-1	-1	-1	-1	-1	-1	-1	-1	-1	-1	-1	-1	-1	-1	3000	-1	2	1	200068	1	-1	-1
422	回旋镖射手	403	140103	-1	-1	20	-1	140106	-1	-1	-1	-1	46	-1	140107	-1	-1	-1	-1	57	-1	140108	-1	-1	-1	-1	-1	-1	-1	-1	-1	-1	-1	-1	-1	-1	-1	-1	-1	-1	-1	-1	-1	-1	2000	-1	-1	-1	200035	-1	-1	-1
423	流星锤大招	403	140203	-1	-1	36	-1	140207	-1	-1	-1	-1	64	-1	140206	-1	-1	-1	-1	68	-1	140208	-1	-1	-1	-1	-1	-1	-1	-1	-1	-1	-1	-1	-1	-1	-1	-1	-1	-1	-1	-1	-1	-1	2000	-1	-1	-1	200055	-1	-1	-1
424	伽刚特尔（传送带）	231	17908	-1	1	91	2	14515	2074101	-1	-1	-1	-1	-1	-1	-1	-1	-1	-1	-1	-1	-1	-1	-1	-1	-1	-1	-1	-1	-1	-1	-1	-1	-1	-1	-1	-1	-1	-1	-1	-1	-1	-1	-1	2266	-1	-1	-1	-1	1	-1	-1
425	绵羊僵尸（年兽）	405	341104	-1	-1	-1	-1	-1	-1	-1	-1	-1	-1	-1	-1	-1	-1	-1	-1	-1	-1	-1	-1	-1	-1	-1	-1	-1	-1	-1	-1	-1	-1	-1	-1	-1	-1	-1	-1	-1	-1	-1	-1	-1	2266	-1	-1	-1	-1	1	-1	-1
426	维京号角僵尸Boss	102	9310106	-1	-1	111	2	310109	3093515	3093615	3093715	3093815	121	-1	-1	-1	-1	-1	-1	134	-1	-1	-1	-1	-1	-1	-1	-1	-1	-1	-1	-1	-1	-1	-1	-1	-1	-1	-1	-1	-1	-1	-1	-1	2266	-1	-1	-1	-1	1	-1	-1
427	维京飞龙饲养员Boss	406	9310214	-1	-1	-1	-1	9310215	-1	0	0	-1	-1	-1	9310216	-1	-113	0	-1	-1	-1	-1	-1	-150	-80	-1	-1	-1	-1	-1	-10	-100	-1	-1	-1	-1	-1	-1	-1	-1	-1	-1	-1	-1	2266	-1	-1	-1	-1	1	-1	-1
428	维京飞龙饲养员Boss（带金币）	406	9310213	-1	-1	-1	-1	9310217	-1	0	0	-1	-1	-1	9310218	-1	-113	0	-1	-1	-1	-1	-1	-150	-80	-1	-1	-1	-1	-1	-10	-100	-1	-1	-1	-1	-1	-1	-1	-1	-1	-1	-1	-1	2266	-1	-1	-1	-1	1	-1	-1
429	维京龙骑兵	407	310315	-1	-1	-1	-1	-1	-1	-1	-1	-1	-1	-1	-1	-1	-1	-1	-1	-1	-1	-1	-1	-1	-1	-1	-1	-1	-1	-1	-1	-1	-1	-1	-1	-1	-1	-1	-1	-1	-1	-1	-1	-1	2266	-1	-1	-1	-1	1	-1	-1
430	维京龙骑兵（吞金币）	-1	310316	-1	-1	-1	-1	-1	-1	-1	-1	-1	-1	-1	-1	-1	-1	-1	-1	-1	-1	-1	-1	-1	-1	-1	-1	-1	-1	-1	-1	-1	-1	-1	-1	-1	-1	-1	-1	-1	-1	-1	-1	-1	2266	-1	-1	-1	-1	1	-1	-1
431	维京路障僵尸boss	-1	9310006	-1	-1	-1	-1	-1	-1	-1	-1	-1	-1	-1	-1	-1	-1	-1	-1	-1	-1	-1	-1	-1	-1	-1	-1	-1	-1	-1	-1	-1	-1	-1	-1	-1	-1	-1	-1	-1	-1	-1	-1	-1	1166	-1	-1	-1	-1	-1	-1	-1
432	维京铁桶僵尸boss	-1	9310005	-1	-1	-1	-1	-1	-1	-1	-1	-1	-1	-1	-1	-1	-1	-1	-1	-1	-1	-1	-1	-1	-1	-1	-1	-1	-1	-1	-1	-1	-1	-1	-1	-1	-1	-1	-1	-1	-1	-1	-1	-1	1500	-1	-1	-1	-1	-1	-1	-1
433	狗尾草	-1	11603	-1	-1	-1	-1	-1	-1	-1	-1	-1	-1	-1	-1	-1	-1	-1	-1	-1	-1	-1	-1	-1	-1	-1	-1	-1	-1	-1	-1	-1	-1	-1	-1	-1	-1	-1	-1	-1	-1	-1	-1	-1	1500	-1	-1	-1	-1	-1	-1	-1
434	狐尾草	-1	140304	-1	-1	-1	-1	-1	-1	-1	-1	-1	-1	-1	-1	-1	-1	-1	-1	-1	-1	-1	-1	-1	-1	-1	-1	-1	-1	-1	-1	-1	-1	-1	-1	-1	-1	-1	-1	-1	-1	-1	-1	-1	1500	-1	-1	-1	-1	-1	-1	-1
435	猫尾草	-1	140404	-1	-1	-1	-1	-1	-1	-1	-1	-1	-1	-1	-1	-1	-1	-1	-1	-1	-1	-1	-1	-1	-1	-1	-1	-1	-1	-1	-1	-1	-1	-1	-1	-1	-1	-1	-1	-1	-1	-1	-1	-1	1500	-1	-1	-1	-1	-1	-1	-1
436	黄金菊	408	140504	-1	-1	60	2	140803	-1	-1	-1	-1	-1	-1	-1	-1	-1	-1	-1	-1	-1	-1	-1	-1	-1	-1	-1	-1	-1	-1	-1	-1	-1	-1	-1	-1	-1	-1	-1	-1	-1	-1	-1	-1	2000	-1	-1	-1	200076	-1	-1	-1
437	金盏花	408	140604	-1	-1	59	2	140803	-1	-1	-1	-1	-1	-1	-1	-1	-1	-1	-1	-1	-1	-1	-1	-1	-1	-1	-1	-1	-1	-1	-1	-1	-1	-1	-1	-1	-1	-1	-1	-1	-1	-1	-1	-1	2000	-1	-1	-1	200077	-1	-1	-1
438	小雏菊	408	140704	-1	-1	59	2	140803	-1	-1	-1	-1	-1	-1	-1	-1	-1	-1	-1	-1	-1	-1	-1	-1	-1	-1	-1	-1	-1	-1	-1	-1	-1	-1	-1	-1	-1	-1	-1	-1	-1	-1	-1	-1	2000	-1	-1	-1	200078	-1	-1	-1
439	伽刚特尔（老传送带）	-1	17908	13	-1	47	0	24401	-1	-1	-1	-1	-1	-1	-1	-1	-1	-1	-1	-1	-1	-1	-1	-1	-1	-1	-1	-1	-1	-1	-1	-1	-1	-1	-1	-1	-1	-1	-1	-1	-1	-1	2000	24402	2266	-1	-1	-1	-1	1	-1	-1
501	椰子火箭炮	-1	136533	-1	-1	-1	0	-1	-1	-1	-1	-1	-1	-1	-1	-1	-1	-1	-1	-1	-1	-1	-1	-1	-1	-1	-1	-1	-1	-1	-1	-1	-1	-1	-1	-1	-1	-1	-1	-1	-1	-1	-1	-1	3000	-1	-1	-1	200046	1	-1	-1
511	椰子弹弓大招	-1	130503	-1	-1	-1	-1	-1	-1	-1	-1	-1	-1	-1	-1	-1	-1	-1	-1	-1	-1	-1	-1	-1	-1	-1	-1	-1	-1	-1	-1	-1	-1	-1	-1	-1	-1	-1	-1	-1	-1	-1	-1	-1	3000	-1	-1	-1	200036	-1	-1	-1
521	椰子加农炮大招	-1	8253	-1	-1	-1	-1	-1	-1	-1	-1	-1	-1	-1	-1	-1	-1	-1	-1	-1	-1	-1	-1	-1	-1	-1	-1	-1	-1	-1	-1	-1	-1	-1	-1	-1	-1	-1	-1	-1	-1	-1	-1	-1	1275	-1	-1	-1	200037	-1	-1	-1
601	地刺	-1	9407	10	-1	32	1	-1	-1	-1	-1	-1	-1	-1	-1	-1	-1	-1	-1	-1	-1	-1	-1	-1	-1	-1	-1	-1	-1	-1	-1	-1	-1	-1	-1	-1	-1	-1	-1	-1	-1	-1	-1	-1	2700	-1	-1	-1	200003	-1	1	-1
602	钢地刺	-1	4753	21	-1	1	1	-1	-1	-1	-1	-1	-1	-1	-1	-1	-1	-1	-1	-1	-1	-1	-1	-1	-1	-1	-1	-1	-1	-1	-1	-1	-1	-1	-1	-1	-1	-1	-1	-1	-1	-1	-1	-1	1700	-1	-1	-1	200020	-1	1	-1
603	钻石地刺	-1	500152	-1	-1	37	0	-1	-1	-1	-1	-1	-1	-1	-1	-1	-1	-1	-1	-1	-1	-1	-1	-1	-1	-1	-1	-1	-1	-1	-1	-1	-1	-1	-1	-1	-1	-1	-1	-1	-1	-1	-1	-1	1500	-1	-1	-1	200051	1	-1	-1
604	咖啡豆	-1	150103	-1	-1	-1	-1	-1	-1	-1	-1	-1	-1	-1	-1	-1	-1	-1	-1	-1	-1	-1	-1	-1	-1	-1	-1	-1	-1	-1	-1	-1	-1	-1	-1	-1	-1	-1	-1	-1	-1	-1	-1	-1	1500	-1	-1	-1	200079	-1	-1	-1
605	拿铁咖啡豆	-1	150143	-1	-1	-1	-1	-1	-1	-1	-1	-1	-1	-1	-1	-1	-1	-1	-1	-1	-1	-1	-1	-1	-1	-1	-1	-1	-1	-1	-1	-1	-1	-1	-1	-1	-1	-1	-1	-1	-1	-1	-1	-1	1500	-1	-1	-1	200084	-1	-1	-1
606	摩卡咖啡豆	-1	150124	-1	-1	-1	-1	-1	-1	-1	-1	-1	-1	-1	-1	-1	-1	-1	-1	-1	-1	-1	-1	-1	-1	-1	-1	-1	-1	-1	-1	-1	-1	-1	-1	-1	-1	-1	-1	-1	-1	-1	-1	-1	1500	-1	-1	-1	200083	-1	-1	-1
607	灵符菇	409	150244	-1	-1	101	-1	150246	-1	-1	-1	-1	-1	-1	-1	-1	-1	-1	-1	-1	-1	-1	-1	-1	-1	-1	-1	-1	-1	-1	-1	-1	-1	-1	-1	-1	-1	-1	-1	-1	-1	-1	-1	-1	1500	-1	-1	-1	200080	-1	-1	-1
608	美人菇	409	150204	-1	-1	130	-1	150208	-1	-1	-1	-1	-1	-1	-1	-1	-1	-1	-1	-1	-1	-1	-1	-1	-1	-1	-1	-1	-1	-1	-1	-1	-1	-1	-1	-1	-1	-1	-1	-1	-1	-1	-1	-1	1500	-1	-1	-1	200081	-1	-1	-1
609	魅惑菇	409	150223	-1	-1	150	-1	150229	-1	-1	-1	-1	-1	-1	-1	-1	-1	-1	-1	-1	-1	-1	-1	-1	-1	-1	-1	-1	-1	-1	-1	-1	-1	-1	-1	-1	-1	-1	-1	-1	-1	-1	-1	-1	1500	-1	-1	-1	200082	-1	-1	-1
701	歌王僵尸BOSS(音乐盛宴)小	-1	165001	-1	-1	130	-1	166005	-1	-1	-1	-1	-1	-1	-1	-1	-1	-1	-1	-1	-1	-1	-1	-1	-1	-1	-1	-1	-1	-1	-1	-1	-1	-1	-1	-1	-1	-1	-1	-1	-1	-1	-1	-1	6000	-1	-1	-1	-1	-1	-1	-1
702	歌王僵尸BOSS(呼风唤雨)小	-1	161005	-1	-1	-1	-1	-1	-1	-1	-1	-1	-1	-1	-1	-1	-1	-1	-1	-1	-1	-1	-1	-1	-1	-1	-1	-1	-1	-1	-1	-1	-1	-1	-1	-1	-1	-1	-1	-1	-1	-1	-1	-1	3000	-1	-1	-1	-1	-1	-1	-1
703	歌王僵尸BOSS(音乐盛宴)大	410	161401	-1	-1	295	-1	161501	-1	-1	-1	-1	-1	-1	-1	-1	-1	-1	-1	-1	-1	-1	-1	-1	-1	-1	-1	-1	-1	-1	-1	-1	-1	-1	-1	-1	-1	-1	-1	-1	-1	-1	-1	-1	5000	-1	-1	-1	-1	-1	-1	-1
704	歌王僵尸BOSS(呼风唤雨)大	411	161305	-1	-1	-1	-1	-1	-1	-1	-1	-1	-1	-1	-1	-1	-1	-1	-1	-1	-1	-1	-1	-1	-1	-1	-1	-1	-1	-1	-1	-1	-1	-1	-1	-1	-1	-1	-1	-1	-1	-1	-1	-1	3000	-1	-1	-1	-1	-1	-1	-1
751	低级能量豆	-1	171004	-1	-1	-1	-1	-1	-1	-1	-1	-1	-1	-1	-1	-1	-1	-1	-1	-1	-1	-1	-1	-1	-1	-1	-1	-1	-1	-1	-1	-1	-1	-1	-1	-1	-1	-1	-1	-1	-1	-1	-1	-1	2000	-1	-1	-1	-1	-1	-1	-1
752	能量豆	-1	171013	-1	-1	-1	-1	-1	-1	-1	-1	-1	-1	-1	-1	-1	-1	-1	-1	-1	-1	-1	-1	-1	-1	-1	-1	-1	-1	-1	-1	-1	-1	-1	-1	-1	-1	-1	-1	-1	-1	-1	-1	-1	2000	-1	-1	-1	-1	-1	-1	-1
753	超级能量豆	-1	171025	-1	-1	-1	-1	-1	-1	-1	-1	-1	-1	-1	-1	-1	-1	-1	-1	-1	-1	-1	-1	-1	-1	-1	-1	-1	-1	-1	-1	-1	-1	-1	-1	-1	-1	-1	-1	-1	-1	-1	-1	-1	2000	-1	-1	-1	-1	-1	-1	-1
754	小黄桃	-1	171205	-1	-1	-1	-1	-1	-1	-1	-1	-1	-1	-1	-1	-1	-1	-1	-1	-1	-1	-1	-1	-1	-1	-1	-1	-1	-1	-1	-1	-1	-1	-1	-1	-1	-1	-1	-1	-1	-1	-1	-1	-1	2000	-1	1	1	-1	-1	-1	-1
755	脉冲黄桃	-1	171213	-1	-1	-1	-1	-1	-1	-1	-1	-1	-1	-1	-1	-1	-1	-1	-1	-1	-1	-1	-1	-1	-1	-1	-1	-1	-1	-1	-1	-1	-1	-1	-1	-1	-1	-1	-1	-1	-1	-1	-1	-1	2000	-1	1	1	-1	-1	-1	-1
756	心电桃	-1	171224	-1	-1	-1	-1	-1	-1	-1	-1	-1	-1	-1	-1	-1	-1	-1	-1	-1	-1	-1	-1	-1	-1	-1	-1	-1	-1	-1	-1	-1	-1	-1	-1	-1	-1	-1	-1	-1	-1	-1	-1	-1	2000	-1	1	1	-1	-1	-1	-1
757	小金桔	-1	171304	-1	-1	45	0	-1	2166	-1	-1	-1	-1	-1	-1	-1	-1	-1	-1	-1	-1	-1	-1	-1	-1	-1	-1	-1	-1	-1	-1	-1	-1	-1	-1	-1	-1	-1	-1	-1	-1	-1	-1	-1	2000	-1	-1	-1	-1	-1	-1	-1
758	充能柚子	-1	171324	-1	-1	107	0	-1	2167	-1	-1	-1	-1	-1	-1	-1	-1	-1	-1	-1	-1	-1	-1	-1	-1	-1	-1	-1	-1	-1	-1	-1	-1	-1	-1	-1	-1	-1	-1	-1	-1	-1	-1	-1	2000	-1	-1	-1	-1	-1	-1	-1
759	超能柚子	-1	171354	-1	-1	68	0	-1	2168	-1	-1	-1	-1	-1	-1	-1	-1	-1	-1	-1	-1	-1	-1	-1	-1	-1	-1	-1	-1	-1	-1	-1	-1	-1	-1	-1	-1	-1	-1	-1	-1	-1	-1	-1	2000	-1	-1	-1	-1	-1	-1	-1
801	小路灯花	-1	172031	-1	-1	-1	-1	-1	-1	-1	-1	-1	-1	-1	-1	-1	-1	-1	-1	-1	-1	-1	-1	-1	-1	-1	-1	-1	-1	-1	-1	-1	-1	-1	-1	-1	-1	-1	-1	-1	-1	-1	-1	-1	2000	-1	-1	-1	172051	-1	-1	-1
802	路灯花	-1	173041	-1	-1	-1	-1	-1	-1	-1	-1	-1	-1	-1	-1	-1	-1	-1	-1	-1	-1	-1	-1	-1	-1	-1	-1	-1	-1	-1	-1	-1	-1	-1	-1	-1	-1	-1	-1	-1	-1	-1	-1	-1	2000	-1	-1	-1	173051	-1	-1	-1
803	灯塔花	-1	174041	-1	-1	-1	-1	-1	-1	-1	-1	-1	-1	-1	-1	-1	-1	-1	-1	-1	-1	-1	-1	-1	-1	-1	-1	-1	-1	-1	-1	-1	-1	-1	-1	-1	-1	-1	-1	-1	-1	-1	-1	-1	2000	-1	-1	-1	174051	-1	-1	-1
804	郁金香号手	-1	175004	33	-1	-1	-1	-1	-1	-1	-1	-1	-1	-1	-1	-1	-1	-1	-1	-1	-1	-1	-1	-1	-1	-1	-1	-1	-1	-1	-1	-1	-1	-1	-1	-1	-1	-1	-1	-1	-1	-1	-1	-1	2500	2300	-1	-1	-1	1	-1	-1
805	魔音甜菜	-1	175008	34	-1	-1	-1	-1	-1	-1	-1	-1	-1	-1	-1	-1	-1	-1	-1	-1	-1	-1	-1	-1	-1	-1	-1	-1	-1	-1	-1	-1	-1	-1	-1	-1	-1	-1	-1	-1	-1	-1	-1	-1	2500	2300	-1	-1	-1	1	-1	-1
806	DJ喇叭花	-1	175012	35	-1	-1	-1	-1	-1	-1	-1	-1	-1	-1	-1	-1	-1	-1	-1	-1	-1	-1	-1	-1	-1	-1	-1	-1	-1	-1	-1	-1	-1	-1	-1	-1	-1	-1	-1	-1	-1	-1	-1	-1	2500	2300	-1	-1	-1	1	-1	-1
807	针叶爆破手	-1	176003	36	-1	-1	-1	-1	-1	-1	-1	-1	-1	-1	-1	-1	-1	-1	-1	-1	-1	-1	-1	-1	-1	-1	-1	-1	-1	-1	-1	-1	-1	-1	-1	-1	-1	-1	-1	-1	-1	-1	-1	-1	2500	-1	-1	-1	-1	1	-1	-1
808	赤针花	-1	176013	37	-1	-1	-1	-1	-1	-1	-1	-1	-1	-1	-1	-1	-1	-1	-1	-1	-1	-1	-1	-1	-1	-1	-1	-1	-1	-1	-1	-1	-1	-1	-1	-1	-1	-1	-1	-1	-1	-1	-1	-1	1000	-1	-1	-1	-1	1	-1	-1
809	红莲女王	-1	176023	38	-1	-1	-1	-1	-1	-1	-1	-1	-1	-1	-1	-1	-1	-1	-1	-1	-1	-1	-1	-1	-1	-1	-1	-1	-1	-1	-1	-1	-1	-1	-1	-1	-1	-1	-1	-1	-1	-1	-1	-1	2500	-1	-1	-1	-1	1	-1	-1
810	魔术菇	601	177003	-1	-1	-1	-1	-1	-1	-1	-1	-1	-1	-1	-1	-1	-1	-1	-1	-1	-1	-1	-1	-1	-1	-1	-1	-1	-1	-1	-1	-1	-1	-1	-1	-1	-1	-1	-1	-1	-1	-1	-1	-1	2500	-1	-1	-1	-1	1	-1	-1
811	金缕梅女巫	602	177013	-1	-1	-1	-1	-1	-1	-1	-1	-1	-1	-1	-1	-1	-1	-1	-1	-1	-1	-1	-1	-1	-1	-1	-1	-1	-1	-1	-1	-1	-1	-1	-1	-1	-1	-1	-1	-1	-1	-1	-1	-1	1000	-1	-1	-1	-1	1	-1	-1
812	南瓜巫师	-1	177023	39	-1	-1	-1	-1	-1	-1	-1	-1	-1	-1	-1	-1	-1	-1	-1	-1	-1	-1	-1	-1	-1	-1	-1	-1	-1	-1	-1	-1	-1	-1	-1	-1	-1	-1	-1	-1	-1	-1	-1	-1	2500	-1	-1	-1	-1	1	-1	-1
813	月光花	-1	177094	40	-1	-1	-1	-1	-1	-1	-1	-1	-1	-1	-1	-1	-1	-1	-1	-1	-1	-1	-1	-1	-1	-1	-1	-1	-1	-1	-1	-1	-1	-1	-1	-1	-1	-1	-1	-1	-1	-1	-1	-1	2500	-1	-1	-1	-1	1	-1	-1
814	暗影龙葵	-1	177104	41	-1	-1	-1	-1	-1	-1	-1	-1	-1	-1	-1	-1	-1	-1	-1	-1	-1	-1	-1	-1	-1	-1	-1	-1	-1	-1	-1	-1	-1	-1	-1	-1	-1	-1	-1	-1	-1	-1	-1	-1	1000	-1	-1	-1	-1	1	-1	-1
815	暗樱草	-1	177114	42	-1	-1	-1	-1	-1	-1	-1	-1	-1	-1	-1	-1	-1	-1	-1	-1	-1	-1	-1	-1	-1	-1	-1	-1	-1	-1	-1	-1	-1	-1	-1	-1	-1	-1	-1	-1	-1	-1	-1	-1	2500	-1	-1	-1	-1	1	-1	-1
816	旋转菠萝	-1	177123	-1	-1	-1	-1	-1	-1	-1	-1	-1	-1	-1	-1	-1	-1	-1	-1	-1	-1	-1	-1	-1	-1	-1	-1	-1	-1	-1	-1	-1	-1	-1	-1	-1	-1	-1	-1	-1	-1	-1	-1	-1	2000	-1	-1	-1	-1	-1	-1	-1
817	榴莲	-1	177134	-1	-1	-1	-1	-1	-1	-1	-1	-1	-1	-1	-1	-1	-1	-1	-1	-1	-1	-1	-1	-1	-1	-1	-1	-1	-1	-1	-1	-1	-1	-1	-1	-1	-1	-1	-1	-1	-1	-1	-1	-1	2000	-1	-1	-1	-1	-1	-1	-1
818	菠萝蜜	-1	177144	-1	-1	-1	-1	-1	-1	-1	-1	-1	-1	-1	-1	-1	-1	-1	-1	-1	-1	-1	-1	-1	-1	-1	-1	-1	-1	-1	-1	-1	-1	-1	-1	-1	-1	-1	-1	-1	-1	-1	-1	-1	2000	-1	-1	-1	-1	-1	-1	-1
819	苹果掷弹手	-1	177523	43	-1	-1	-1	-1	-1	-1	-1	-1	-1	-1	-1	-1	-1	-1	-1	-1	-1	-1	-1	-1	-1	-1	-1	-1	-1	-1	-1	-1	-1	-1	-1	-1	-1	-1	-1	-1	-1	-1	-1	-1	1000	-1	-1	-1	-1	1	-1	-1
820	苹果榴弹炮	-1	177533	44	-1	-1	-1	-1	-1	-1	-1	-1	-1	-1	-1	-1	-1	-1	-1	-1	-1	-1	-1	-1	-1	-1	-1	-1	-1	-1	-1	-1	-1	-1	-1	-1	-1	-1	-1	-1	-1	-1	-1	-1	1000	-1	-1	-1	-1	1	-1	-1
821	苹果迫击炮	-1	177543	45	-1	-1	-1	-1	-1	-1	-1	-1	-1	-1	-1	-1	-1	-1	-1	-1	-1	-1	-1	-1	-1	-1	-1	-1	-1	-1	-1	-1	-1	-1	-1	-1	-1	-1	-1	-1	-1	-1	-1	-1	1000	-1	-1	-1	-1	1	-1	-1
822	噬毒花	-1	177553	46	-1	-1	0	-1	-1	-1	-1	-1	-1	-1	-1	-1	-1	-1	-1	-1	-1	-1	-1	-1	-1	-1	-1	-1	-1	-1	-1	-1	-1	-1	-1	-1	-1	-1	-1	-1	-1	-1	-1	-1	2800	-1	-1	-1	-1	1	-1	-1
823	大王花	-1	177563	47	-1	-1	0	-1	-1	-1	-1	-1	-1	-1	-1	-1	-1	-1	-1	-1	-1	-1	-1	-1	-1	-1	-1	-1	-1	-1	-1	-1	-1	-1	-1	-1	-1	-1	-1	-1	-1	-1	-1	-1	2800	-1	-1	-1	-1	1	-1	-1
824	帝王花	-1	177573	48	-1	-1	0	-1	-1	-1	-1	-1	-1	-1	-1	-1	-1	-1	-1	-1	-1	-1	-1	-1	-1	-1	-1	-1	-1	-1	-1	-1	-1	-1	-1	-1	-1	-1	-1	-1	-1	-1	-1	-1	2800	-1	-1	-1	-1	1	-1	-1
825	毒舌菇	-1	177594	-1	-1	-1	-1	-1	-1	-1	-1	-1	-1	-1	-1	-1	-1	-1	-1	-1	-1	-1	-1	-1	-1	-1	-1	-1	-1	-1	-1	-1	-1	-1	-1	-1	-1	-1	-1	-1	-1	-1	-1	-1	1500	-1	-1	-1	-1	-1	-1	-1
826	血毒菇	-1	177604	-1	-1	-1	-1	-1	-1	-1	-1	-1	-1	-1	-1	-1	-1	-1	-1	-1	-1	-1	-1	-1	-1	-1	-1	-1	-1	-1	-1	-1	-1	-1	-1	-1	-1	-1	-1	-1	-1	-1	-1	-1	1500	-1	-1	-1	-1	-1	-1	-1
827	毒影菇	-1	177614	-1	-1	-1	-1	-1	-1	-1	-1	-1	-1	-1	-1	-1	-1	-1	-1	-1	-1	-1	-1	-1	-1	-1	-1	-1	-1	-1	-1	-1	-1	-1	-1	-1	-1	-1	-1	-1	-1	-1	-1	-1	1500	-1	-1	-1	-1	-1	-1	-1
828	剑术门徒	-1	177623	-1	-1	-1	-1	-1	-1	-1	-1	-1	-1	-1	-1	-1	-1	-1	-1	-1	-1	-1	-1	-1	-1	-1	-1	-1	-1	-1	-1	-1	-1	-1	-1	-1	-1	-1	-1	-1	-1	-1	-1	-1	2000	-1	-1	-1	-1	-1	-1	-1
829	玫瑰剑客	-1	177633	-1	-1	-1	-1	-1	-1	-1	-1	-1	-1	-1	-1	-1	-1	-1	-1	-1	-1	-1	-1	-1	-1	-1	-1	-1	-1	-1	-1	-1	-1	-1	-1	-1	-1	-1	-1	-1	-1	-1	-1	-1	2000	-1	-1	-1	-1	-1	-1	-1
830	剑术大师	-1	177643	-1	-1	-1	-1	-1	-1	-1	-1	-1	-1	-1	-1	-1	-1	-1	-1	-1	-1	-1	-1	-1	-1	-1	-1	-1	-1	-1	-1	-1	-1	-1	-1	-1	-1	-1	-1	-1	-1	-1	-1	-1	2000	-1	-1	-1	-1	-1	-1	-1
831	番莲工程师	-1	177651	-1	-1	-1	-1	-1	-1	-1	-1	-1	-1	-1	-1	-1	-1	-1	-1	-1	-1	-1	-1	-1	-1	-1	-1	-1	-1	-1	-1	-1	-1	-1	-1	-1	-1	-1	-1	-1	-1	-1	-1	-1	2000	-1	-1	-1	-1	-1	-1	-1
832	番莲工程师	-1	177654	-1	-1	-1	-1	-1	-1	-1	-1	-1	-1	-1	-1	-1	-1	-1	-1	-1	-1	-1	-1	-1	-1	-1	-1	-1	-1	-1	-1	-1	-1	-1	-1	-1	-1	-1	-1	-1	-1	-1	-1	-1	2000	-1	-1	-1	-1	-1	-1	-1
833	番莲工程师	-1	177657	-1	-1	-1	-1	-1	-1	-1	-1	-1	-1	-1	-1	-1	-1	-1	-1	-1	-1	-1	-1	-1	-1	-1	-1	-1	-1	-1	-1	-1	-1	-1	-1	-1	-1	-1	-1	-1	-1	-1	-1	-1	2000	-1	-1	-1	-1	-1	-1	-1
																																																				
450	未来世界路障僵尸	-1	930206	-1	-1	-1	-1	-1	-1	-1	-1	-1	-1	-1	-1	-1	-1	-1	-1	-1	-1	-1	-1	-1	-1	-1	-1	-1	-1	-1	-1	-1	-1	-1	-1	-1	-1	-1	-1	-1	-1	-1	-1	-1	1500	-1	-1	-1	-1	-1	-1	-1
451	未来世界铁桶僵尸	-1	930106	-1	-1	-1	-1	-1	-1	-1	-1	-1	-1	-1	-1	-1	-1	-1	-1	-1	-1	-1	-1	-1	-1	-1	-1	-1	-1	-1	-1	-1	-1	-1	-1	-1	-1	-1	-1	-1	-1	-1	-1	-1	1200	-1	-1	-1	-1	-1	-1	-1
452	未来世界旗子僵尸	102	930305	-1	-1	40	0	330601	7100101	-1	-1	-1	60	0	330601	7100401	-1	-1	-1	-1	-1	-1	-1	-1	-1	-1	-1	-1	-1	-1	-1	-1	-1	-1	-1	-1	-1	-1	-1	-1	-1	-1	-1	-1	1200	-1	-1	-1	-1	-1	-1	-1
453	未来世界电磁盾僵尸	-1	930509	-1	-1	-1	-1	-1	-1	-1	-1	-1	-1	-1	-1	-1	-1	-1	-1	-1	-1	-1	-1	-1	-1	-1	-1	-1	-1	-1	-1	-1	-1	-1	-1	-1	-1	-1	-1	-1	-1	-1	-1	-1	1200	-1	-1	-1	-1	-1	-1	-1
454	未来世界舞者3000僵尸	102	930608	-1	-1	30	0	330601	7100501	-1	-1	-1	40	0	330601	7100501	-1	-1	-1	50	0	330601	7100501	-1	-1	-1	-1	-1	-1	-1	-1	-1	-1	-1	-1	-1	-1	-1	-1	-1	-1	-1	-1	-1	1200	-1	-1	-1	-1	-1	-1	-1
455	未来世界僵尸博士（蝗虫小鬼）	412	930709	-1	-1	-1	-1	-1	-1	-1	-1	-1	-1	-1	-1	-1	-1	-1	-1	-1	-1	-1	-1	-1	-1	-1	-1	-1	-1	-1	-1	-1	-1	-1	-1	-1	-1	-1	-1	-1	-1	-1	-1	-1	1200	-1	-1	-1	-1	-1	-1	-1
456	未来世界僵尸博士（变异电波）	413	930710	-1	-1	-1	-1	-1	-1	-1	-1	-1	-1	-1	-1	-1	-1	-1	-1	-1	-1	-1	-1	-1	-1	-1	-1	-1	-1	-1	-1	-1	-1	-1	-1	-1	-1	-1	-1	-1	-1	-1	-1	-1	1200	-1	-1	-1	-1	-1	-1	-1
457	未来世界橄榄球僵尸	-1	930808	-1	-1	-1	-1	-1	-1	-1	-1	-1	-1	-1	-1	-1	-1	-1	-1	-1	-1	-1	-1	-1	-1	-1	-1	-1	-1	-1	-1	-1	-1	-1	-1	-1	-1	-1	-1	-1	-1	-1	-1	-1	1200	-1	-1	-1	-1	-1	-1	-1
458	未来世界僵尸统领	1022	931008	-1	-1	53	-1	930900	6010010	-1	-1	-1	77	-1	930900	6010010	-1	-1	-1	99	-1	930900	6010010	-1	-1	-1	-1	-1	-1	-1	-1	-1	-1	-1	-1	-1	-1	-1	-1	-1	-1	-1	-1	-1	4000	-1	-1	-1	-1	-1	-1	-1
1102	卡车司机	103	18218	-1	-1	33	2	64601	-1	-1	-1	-1	-1	-1	-1	-1	-1	-1	-1	-1	-1	-1	-1	-1	-1	-1	-1	-1	-1	-1	-1	-1	-1	-1	-1	-1	-1	-1	-1	-1	-1	-1	-1	-1	2600	-1	-1	-1	-1	1	-1	-1
1103	雪人僵尸	-1	60022	22	-1	24	2	24601	-1	-1	-1	-1	-1	-1	-1	-1	-1	-1	-1	-1	-1	-1	-1	-1	-1	-1	-1	-1	-1	-1	-1	-1	-1	-1	-1	-1	-1	-1	-1	-1	-1	-1	-1	-1	5333	-1	-1	-1	-1	1	-1	-1
1104	boss原始骑鸟	104	60108	-1	-1	-1	-1	-1	-1	-1	-1	-1	-1	-1	-1	-1	-1	-1	-1	-1	-1	-1	-1	-1	-1	-1	-1	-1	-1	-1	-1	-1	-1	-1	-1	-1	-1	-1	-1	-1	-1	-1	-1	-1	3000	-1	-1	-1	-1	-1	-1	-1
1105	蜗牛大招	-1	60204	-1	-1	20	0	60212	-1	-1	-1	-1	-1	-1	-1	-1	-1	-1	-1	-1	-1	-1	-1	-1	-1	-1	-1	-1	-1	-1	-1	-1	-1	-1	-1	-1	-1	-1	-1	-1	22104	2	-1	-1	3266	-1	-1	-1	-1	-1	-1	-1
1106	力士僵尸	126	60308	-1	-1	-1	-1	-1	-1	-1	-1	-1	-1	-1	-1	-1	-1	-1	-1	-1	-1	-1	-1	-1	-1	-1	-1	-1	-1	-1	-1	-1	-1	-1	-1	-1	-1	-1	-1	-1	-1	-1	-1	-1	-1	-1	-1	-1	-1	-1	-1	-1
1107	猛犸僵尸	124	60408	-1	-1	-1	-1	-1	-1	-1	-1	-1	-1	-1	-1	-1	-1	-1	-1	-1	-1	-1	-1	-1	-1	-1	-1	-1	-1	-1	-1	-1	-1	-1	-1	-1	-1	-1	-1	-1	-1	-1	-1	-1	1784	-1	-1	-1	-1	-1	-1	-1
1108	长城大刀	-1	60506	-1	-1	-1	-1	-1	-1	-1	-1	-1	-1	-1	-1	-1	-1	-1	-1	-1	-1	-1	-1	-1	-1	-1	-1	-1	-1	-1	-1	-1	-1	-1	-1	-1	-1	-1	-1	-1	-1	-1	-1	-1	1433	-1	-1	-1	-1	-1	-1	-1
1109	长城投石车	121	60610	-1	-1	-1	-1	-1	-1	-1	-1	-1	-1	-1	-1	-1	-1	-1	-1	-1	-1	-1	-1	-1	-1	-1	-1	-1	-1	-1	-1	-1	-1	-1	-1	-1	-1	-1	-1	-1	-1	-1	-1	-1	1500	-1	-1	-1	-1	-1	-1	-1
1110	长城圆锤BOSS	-1	60707	-1	-1	-1	-1	-1	-1	-1	-1	-1	-1	-1	-1	-1	-1	-1	-1	-1	-1	-1	-1	-1	-1	-1	-1	-1	-1	-1	-1	-1	-1	-1	-1	-1	-1	-1	-1	-1	-1	-1	-1	-1	783	-1	-1	-1	-1	-1	-1	-1
1111	长城僵尸炮	-1	60807	-1	-1	81	0	-1	12401	47	39	-1	-1	-1	-1	-1	-1	-1	-1	-1	-1	-1	-1	-1	-1	-1	-1	-1	-1	-1	-1	-1	-1	-1	-1	-1	-1	-1	-1	-1	-1	-1	-1	-1	1900	-1	-1	-1	-1	-1	-1	-1
1112	长城皇帝僵尸	1021	60906	-1	-1	62	15	60909	7030601	-1	-1	-1	79	-1	-1	7030601	-1	-1	-1	101	-1	-1	7030601	-1	-1	-1	-1	-1	-1	-1	-1	-1	-1	-1	-1	-1	-1	-1	-1	-1	-1	-1	-1	-1	1500	-1	-1	-1	-1	-1	-1	-1
1113	死神大招	-1	61006	-1	-1	-1	-1	-1	-1	-1	-1	-1	-1	-1	-1	-1	-1	-1	-1	-1	-1	-1	-1	-1	-1	-1	-1	-1	-1	-1	-1	-1	-1	-1	-1	-1	-1	-1	-1	-1	-1	-1	-1	-1	1500	-1	-1	-1	-1	-1	-1	-1
1114	太阳神大招	122	61111	-1	-1	21	2	-1	-1	-1	-1	-1	-1	-1	-1	-1	-1	-1	-1	-1	-1	-1	-1	-1	-1	-1	-1	-1	-1	-1	-1	-1	-1	-1	-1	-1	-1	-1	-1	-1	-1	-1	1200	15314	3000	-1	-1	-1	-1	-1	-1	-1
1115	埃及艳后	1020	61209	-1	-1	201	15	61210	7040601	-1	-1	-1	204	-1	-1	7040601	-1	-1	-1	206	-1	-1	7040601	-1	-1	-1	-1	-1	-1	-1	-1	-1	-1	-1	-1	-1	-1	-1	-1	-1	-1	-1	2000	108201	2300	-1	-1	-1	-1	-1	-1	-1
1119	飞索海盗boss	-1	61307	-1	-1	50	2	-1	2183	-1	-1	-1	-1	-1	-1	-1	-1	-1	-1	-1	-1	-1	-1	-1	-1	-1	-1	-1	-1	-1	-1	-1	-1	-1	-1	-1	-1	-1	-1	-1	-1	-1	-1	-1	1700	-1	-1	-1	-1	-1	-1	-1
1120	海鸥僵尸大招	400	61408	-1	-1	-1	-1	-1	-1	-1	-1	-1	-1	-1	-1	-1	-1	-1	-1	-1	-1	-1	-1	-1	-1	-1	-1	-1	-1	-1	-1	-1	-1	-1	-1	-1	-1	-1	-1	-1	-1	-1	-1	-1	1370	-1	-1	-1	-1	1	-1	-1
1121	海盗船长	225	61510	-1	-1	-1	-1	-1	-1	-1	-1	-1	-1	-1	-1	-1	-1	-1	-1	-1	-1	-1	-1	-1	-1	-1	-1	-1	-1	-1	-1	-1	-1	-1	-1	-1	-1	-1	-1	-1	-1	-1	-1	-1	1500	-1	-1	-1	-1	-1	-1	-1
1122	鸡贼僵尸大招	-1	61609	-1	-1	56	-1	61611	2190	-1	-1	-1	-1	-1	-1	-1	-1	-1	-1	-1	-1	-1	-1	-1	-1	-1	-1	-1	-1	-1	-1	-1	-1	-1	-1	-1	-1	-1	-1	-1	-1	-1	-1	-1	2033	-1	-1	-1	-1	-1	-1	-1
1123	淘金BOSS	125	61707	-1	-1	-1	-1	-1	-1	-1	-1	-1	-1	-1	-1	-1	-1	-1	-1	-1	-1	-1	-1	-1	-1	-1	-1	-1	-1	-1	-1	-1	-1	-1	-1	-1	-1	-1	-1	-1	-1	-1	-1	-1	1500	-1	-1	-1	-1	-1	-1	-1
1124	钢琴BOSS	250	61804	-1	-1	-1	-1	-1	-1	-1	-1	-1	-1	-1	-1	-1	-1	-1	-1	-1	-1	-1	-1	-1	-1	-1	-1	-1	-1	-1	-1	-1	-1	-1	-1	-1	-1	-1	-1	-1	-1	-1	-1	-1	1500	-1	-1	-1	-1	-1	-1	-1
1125	僵尸牛	-1	61914	-1	-1	-1	-1	-1	-1	-1	-1	-1	-1	-1	-1	-1	-1	-1	-1	-1	-1	-1	-1	-1	-1	-1	-1	-1	-1	-1	-1	-1	-1	-1	-1	-1	-1	-1	-1	-1	-1	-1	-1	-1	1500	-1	-1	-1	-1	-1	-1	-1
1126	警长僵尸	-1	62006	19	1	3	0	-1	-1	-1	-1	-1	-1	-1	-1	-1	-1	-1	-1	-1	-1	-1	-1	-1	-1	-1	-1	-1	-1	-1	-1	-1	-1	-1	-1	-1	-1	-1	-1	-1	-1	-1	-1	-1	3500	-1	-1	-1	-1	1	-1	-1
1127	僵尸酋长	220	62108	-1	-1	-1	-1	-1	-1	-1	-1	-1	-1	-1	-1	-1	-1	-1	-1	-1	-1	-1	-1	-1	-1	-1	-1	-1	-1	-1	-1	-1	-1	-1	-1	-1	-1	-1	-1	-1	-1	-1	-1	-1	1500	-1	-1	-1	-1	-1	-1	-1
1128	酒鬼武师	-1	62213	-1	-1	30	0	-1	2182	-1	-1	-1	-1	-1	-1	-1	-1	-1	-1	-1	-1	-1	-1	-1	-1	-1	-1	-1	-1	-1	-1	-1	-1	-1	-1	-1	-1	-1	-1	-1	-1	-1	-1	-1	1400	-1	-1	-1	-1	-1	-1	-1
1129	大锤武师BOSS	222	62308	-1	-1	-1	-1	-2	-1	-1	-1	-1	-1	-1	-1	-1	-1	-1	-1	-1	-1	-1	-1	-1	-1	-1	-1	-1	-1	-1	-1	-1	-1	-1	-1	-1	-1	-1	-1	-1	-1	-1	-1	-1	1500	-1	-1	-1	-1	-1	-1	-1
1130	功夫气功	-1	62408	-1	-1	29	0	-1	2195	0	-15	-1	-1	-1	-1	-1	-1	-1	-1	-1	-1	-1	-1	-1	-1	-1	-1	-1	-1	-1	-1	-1	-1	-1	-1	-1	-1	-1	-1	-1	-1	-1	-1	-1	1300	-1	-1	-1	-1	-1	-1	-1
1131	刀客僵尸大招	401	62502	-1	-1	-1	-1	-1	-1	-1	-1	-1	-1	-1	-1	-1	-1	-1	-1	-1	-1	-1	-1	-1	-1	-1	-1	-1	-1	-1	-1	-1	-1	-1	-1	-1	-1	-1	-1	-1	-1	-1	-1	-1	1500	-1	-1	-1	-1	1	-1	-1
1132	刺客僵尸	151	62602	-1	-1	-1	-1	-1	-1	-1	-1	-1	-1	-1	-1	-1	-1	-1	-1	-1	-1	-1	-1	-1	-1	-1	-1	-1	-1	-1	-1	-1	-1	-1	-1	-1	-1	-1	-1	-1	-1	-1	-1	-1	1500	-1	-1	-1	-1	-1	-1	-1
1133	禅杖武僧	-1	62707	-1	-1	78	0	-1	2182	-1	-1	-1	-1	-1	-1	-1	-1	-1	-1	-1	-1	-1	-1	-1	-1	-1	-1	-1	-1	-1	-1	-1	-1	-1	-1	-1	-1	-1	-1	-1	-1	-1	-1	-1	2900	-1	-1	-1	-1	-1	-1	-1
1134	土地爷爷BOSS	-1	62807	-1	-1	52	1	62808	-1	-1	-1	-1	-1	-1	-1	-1	-1	-1	-1	-1	-1	-1	-1	-1	-1	-1	-1	-1	-1	-1	-1	-1	-1	-1	-1	-1	-1	-1	-1	-1	-1	-1	-1	-1	1200	-1	-1	-1	-1	-1	-1	-1
1135	黄梅大王BOSS	178	63004	-1	-1	-1	-1	-1	-1	-1	-1	-1	-1	-1	-1	-1	-1	-1	-1	-1	-1	-1	-1	-1	-1	-1	-1	-1	-1	-1	-1	-1	-1	-1	-1	-1	-1	-1	-1	-1	-1	-1	-1	-1	1500	-1	-1	-1	-1	-1	-1	-1
1136	黑熊精BOSS	-1	62907	-1	-1	45	1	62908	-1	-1	-1	-1	-1	-1	-1	-1	-1	-1	-1	-1	-1	-1	-1	-1	-1	-1	-1	-1	-1	-1	-1	-1	-1	-1	-1	-1	-1	-1	-1	-1	-1	-1	-1	-1	2200	-1	-1	-1	-1	-1	-1	-1
1137	白骨精	-1	63107	-1	-1	72	0	-1	2182	-1	-1	-1	-1	-1	-1	-1	-1	-1	-1	-1	-1	-1	-1	-1	-1	-1	-1	-1	-1	-1	-1	-1	-1	-1	-1	-1	-1	-1	-1	-1	-1	-1	-1	-1	2900	-1	-1	-1	-1	-1	-1	-1
1138	蜘蛛精	-1	63205	-1	-1	89	2	63211	-1	-1	-1	-1	-1	-1	-1	-1	-1	-1	-1	-1	-1	-1	-1	-1	-1	-1	-1	-1	-1	-1	-1	-1	-1	-1	-1	-1	-1	-1	-1	-1	-1	-1	-1	-1	3500	-1	-1	-1	-1	-1	-1	-1
1139	牛魔王	-1	63306	-1	-1	41	0	63307	-1	-1	-1	-1	-1	-1	-1	-1	-1	-1	-1	-1	-1	-1	-1	-1	-1	-1	-1	-1	-1	-1	-1	-1	-1	-1	-1	-1	-1	-1	-1	-1	-1	-1	-1	-1	3000	-1	-1	-1	-1	-1	-1	-1
1140	维京路障僵尸boss	-1	63407	-1	-1	-1	-1	-1	-1	-1	-1	-1	-1	-1	-1	-1	-1	-1	-1	-1	-1	-1	-1	-1	-1	-1	-1	-1	-1	-1	-1	-1	-1	-1	-1	-1	-1	-1	-1	-1	-1	-1	-1	-1	1166	-1	-1	-1	-1	-1	-1	-1
1141	维京飞龙饲养员Boss	406	63514	-1	-1	-1	-1	65101	-1	0	0	-1	-1	-1	9310216	-1	-113	0	-1	-1	-1	-1	-1	-150	-80	-1	-1	-1	-1	-1	-10	-100	-1	-1	-1	-1	-1	-1	-1	-1	-1	-1	-1	-1	2266	-1	-1	-1	-1	1	-1	-1
1142	维京号角僵尸Boss	102	63606	-1	-1	111	2	65201	7090501	-1	-1	-1	121	-1	-1	7090501	-1	-1	-1	134	-1	-1	7090501	-1	-1	-1	-1	-1	-1	-1	-1	-1	-1	-1	-1	-1	-1	-1	-1	-1	-1	-1	-1	-1	2266	-1	-1	-1	-1	1	-1	-1
1143	维京龙骑兵	407	63715	-1	-1	-1	-1	-1	-1	-1	-1	-1	-1	-1	-1	-1	-1	-1	-1	-1	-1	-1	-1	-1	-1	-1	-1	-1	-1	-1	-1	-1	-1	-1	-1	-1	-1	-1	-1	-1	-1	-1	-1	-1	2266	-1	-1	-1	-1	1	-1	-1
1144	推筒僵尸大招	-1	63804	-1	-1	-1	-1	-1	-1	-1	-1	-1	-1	-1	-1	-1	-1	-1	-1	-1	-1	-1	-1	-1	-1	-1	-1	-1	-1	-1	-1	-1	-1	-1	-1	-1	-1	-1	-1	-1	-1	-1	-1	-1	1766	-1	-1	-1	-1	-1	-1	-1
1145	维京龙骑兵（吞金币）	-1	63716	-1	-1	-1	-1	-1	-1	-1	-1	-1	-1	-1	-1	-1	-1	-1	-1	-1	-1	-1	-1	-1	-1	-1	-1	-1	-1	-1	-1	-1	-1	-1	-1	-1	-1	-1	-1	-1	-1	-1	-1	-1	2266	-1	-1	-1	-1	1	-1	-1
1146	未来世界电磁盾僵尸	-1	64009	-1	-1	-1	-1	-1	-1	-1	-1	-1	-1	-1	-1	-1	-1	-1	-1	-1	-1	-1	-1	-1	-1	-1	-1	-1	-1	-1	-1	-1	-1	-1	-1	-1	-1	-1	-1	-1	-1	-1	-1	-1	1200	-1	-1	-1	-1	-1	-1	-1
1147	未来世界舞者3000僵尸	102	64108	-1	-1	30	0	330601	7100501	-1	-1	-1	40	0	330601	7100501	-1	-1	-1	50	0	330601	7100501	-1	-1	-1	-1	-1	-1	-1	-1	-1	-1	-1	-1	-1	-1	-1	-1	-1	-1	-1	-1	-1	1200	-1	-1	-1	-1	-1	-1	-1
1148	未来世界僵尸博士（蝗虫小鬼）	412	64209	-1	-1	-1	-1	-1	-1	-1	-1	-1	-1	-1	-1	-1	-1	-1	-1	-1	-1	-1	-1	-1	-1	-1	-1	-1	-1	-1	-1	-1	-1	-1	-1	-1	-1	-1	-1	-1	-1	-1	-1	-1	1200	-1	-1	-1	-1	-1	-1	-1
1149	未来世界僵尸博士（变异电波）	413	64210	-1	-1	-1	-1	-1	-1	-1	-1	-1	-1	-1	-1	-1	-1	-1	-1	-1	-1	-1	-1	-1	-1	-1	-1	-1	-1	-1	-1	-1	-1	-1	-1	-1	-1	-1	-1	-1	-1	-1	-1	-1	1200	-1	-1	-1	-1	-1	-1	-1
1150	未来世界橄榄球僵尸	-1	64308	-1	-1	-1	-1	-1	-1	-1	-1	-1	-1	-1	-1	-1	-1	-1	-1	-1	-1	-1	-1	-1	-1	-1	-1	-1	-1	-1	-1	-1	-1	-1	-1	-1	-1	-1	-1	-1	-1	-1	-1	-1	1200	-1	-1	-1	-1	-1	-1	-1
1151	未来世界僵尸统领	1022	64408	-1	-1	53	-1	930900	6010010	-1	-1	-1	77	-1	930900	6010010	-1	-1	-1	99	-1	930900	6010010	-1	-1	-1	-1	-1	-1	-1	-1	-1	-1	-1	-1	-1	-1	-1	-1	-1	-1	-1	-1	-1	4000	-1	-1	-1	-1	-1	-1	-1
1152	黑暗旗帜僵尸（技能）	102	954005	-1	-1	30	0	330601	7110415	-1	-1	-1	50	-1	330601	7110115	-1	-1	-1	-1	-1	-1	-1	-1	-1	-1	-1	-1	-1	-1	-1	-1	-1	-1	-1	-1	-1	-1	-1	-1	-1	-1	-1	-1	1200	-1	-1	-1	-1	-1	-1	-1
1153	黑暗小丑僵尸（技能）	-1	955004	-1	-1	-1	-1	-1	-1	-1	-1	-1	-1	-1	-1	-1	-1	-1	-1	-1	-1	-1	-1	-1	-1	-1	-1	-1	-1	-1	-1	-1	-1	-1	-1	-1	-1	-1	-1	-1	-1	-1	-1	-1	1200	-1	-1	-1	-1	-1	-1	-1
1154	黑暗小狼僵尸（技能）	-1	956008	32	-1	-1	-1	-1	-1	-1	-1	-1	-1	-1	-1	-1	-1	-1	-1	-1	-1	-1	-1	-1	-1	-1	-1	-1	-1	-1	-1	-1	-1	-1	-1	-1	-1	-1	-1	-1	-1	-1	-1	-1	1200	-1	-1	-1	-1	-1	-1	-1
1155	黑暗盔甲僵尸（技能）	-1	957008	-1	-1	-1	-1	-1	-1	-1	-1	-1	-1	-1	-1	-1	-1	-1	-1	-1	-1	-1	-1	-1	-1	-1	-1	-1	-1	-1	-1	-1	-1	-1	-1	-1	-1	-1	-1	-1	-1	-1	-1	-1	1166	-1	-1	-1	-1	-1	-1	-1
1156	黑暗狼人僵尸（大格）	-1	67006	-1	-1	-1	-1	-1	-1	-1	-1	-1	-1	-1	-1	-1	-1	-1	-1	-1	-1	-1	-1	-1	-1	-1	-1	-1	-1	-1	-1	-1	-1	-1	-1	-1	-1	-1	-1	-1	-1	-1	-1	-1	1166	-1	-1	-1	-1	-1	-1	-1
1157	黑暗骑士僵尸（大格）	-1	68007	-1	-1	-1	-1	-1	-1	-1	-1	-1	-1	-1	-1	-1	-1	-1	-1	-1	-1	-1	-1	-1	-1	-1	-1	-1	-1	-1	-1	-1	-1	-1	-1	-1	-1	-1	-1	-1	68009	-1	-1	-1	1166	-1	-1	-1	-1	-1	-1	-1
1158	黑暗黑袍巫师（大格）	-1	69005	-1	-1	35	-1	69101	2199	-1	-1	-1	-1	-1	-1	-1	-1	-1	-1	-1	-1	-1	-1	-1	-1	-1	-1	-1	-1	-1	-1	-1	-1	-1	-1	-1	-1	-1	-1	-1	-1	-1	-1	-1	1166	-1	-1	-1	-1	-1	-1	-1
1159	黑暗国王僵尸（大格）	102	70005	-1	-1	95	0	330601	7110490	-1	-1	-1	110	-1	330601	7110490	-1	-1	-1	125	-1	330601	7110490	-1	-1	-1	-1	-1	-1	-1	-1	-1	-1	-1	-1	-1	-1	-1	-1	-1	-1	-1	-1	-1	1166	-1	-1	-1	-1	-1	-1	-1
1160	黑暗加刚特尔（大格）	-1	71008	-1	-1	-1	-1	-1	-1	-1	-1	-1	-1	-1	-1	-1	-1	-1	-1	-1	-1	-1	-1	-1	-1	-1	-1	-1	-1	-1	-1	-1	-1	-1	-1	-1	-1	-1	-1	-1	-1	-1	-1	-1	1166	-1	-1	-1	-1	-1	-1	-1
1161	黑暗巨龙僵尸（大格）	-1	72003	-1	-1	30	-1	72101	2182	-1	-1	-1	-1	-1	-1	-1	-1	-1	-1	-1	-1	-1	-1	-1	-1	-1	-1	-1	-1	-1	-1	-1	-1	-1	-1	-1	-1	-1	-1	-1	-1	-1	-1	-1	1166	-1	-1	-1	-1	-1	-1	-1
1171	摇滚路障	-1	177217	-1	-1	-1	-1	-1	-1	-1	-1	-1	-1	-1	-1	-1	-1	-1	-1	-1	-1	-1	-1	-1	-1	-1	-1	-1	-1	-1	-1	-1	-1	-1	-1	-1	-1	-1	-1	-1	-1	-1	-1	-1	1500	-1	-1	-1	-1	-1	-1	-1
1172	摇滚铁桶	-1	177216	-1	-1	-1	-1	-1	-1	-1	-1	-1	-1	-1	-1	-1	-1	-1	-1	-1	-1	-1	-1	-1	-1	-1	-1	-1	-1	-1	-1	-1	-1	-1	-1	-1	-1	-1	-1	-1	-1	-1	-1	-1	1200	-1	-1	-1	-1	-1	-1	-1
1173	说唱boss	414	177715	-1	-1	33	-1	330601	19020005	-1	-1	-1	34	-1	330601	19020005	-1	-1	-1	35	-1	330601	19020005	-1	-1	-1	-1	-1	-1	-1	-1	-1	-1	-1	-1	-1	-1	-1	-1	-1	-1	-1	-1	-1	1200	-1	-1	-1	-1	-1	-1	-1
1174	朋克boss	414	300005	-1	-1	-1	-1	-1	-1	-1	-1	-1	-1	-1	-1	-1	-1	-1	-1	-1	-1	-1	-1	-1	-1	-1	-1	-1	-1	-1	-1	-1	-1	-1	-1	-1	-1	-1	-1	-1	-1	-1	-1	-1	1200	-1	-1	-1	-1	-1	-1	-1
1175	街机boss	-1	301005	-1	-1	-1	-1	-1	-1	-1	-1	-1	-1	-1	-1	-1	-1	-1	-1	-1	-1	-1	-1	-1	-1	-1	-1	-1	-1	-1	-1	-1	-1	-1	-1	-1	-1	-1	-1	-1	-1	-1	-1	-1	1200	-1	-1	-1	-1	-1	-1	-1
1176	贝斯手boss	-1	302005	-1	-1	-1	-1	-1	-1	-1	-1	-1	-1	-1	-1	-1	-1	-1	-1	-1	-1	-1	-1	-1	-1	-1	-1	-1	-1	-1	-1	-1	-1	-1	-1	-1	-1	-1	-1	-1	-1	-1	-1	-1	1200	-1	-1	-1	-1	-1	-1	-1
1177	重金属boss	102	303005	-1	-1	33	-1	330601	7120620	-1	-1	-1	34	-1	330601	7120620	-1	-1	-1	35	-1	330601	7120620	-1	-1	-1	-1	-1	-1	-1	-1	-1	-1	-1	-1	-1	-1	-1	-1	-1	-1	-1	-1	-1	1200	-1	-1	-1	-1	-1	-1	-1
1178	摇滚僵博boss	412	304005	-1	-1	33	-1	330601	19020005	-1	-1	-1	34	-1	330601	19020005	-1	-1	-1	35	-1	330601	19020005	-1	-1	-1	-1	-1	-1	-1	-1	-1	-1	-1	-1	-1	-1	-1	-1	-1	-1	-1	-1	-1	1200	-1	-1	-1	-1	-1	-1	-1
1179	摇滚僵博boss技能2	413	304006	-1	-1	33	-1	330601	19020005	-1	-1	-1	34	-1	330601	19020005	-1	-1	-1	35	-1	330601	19020005	-1	-1	-1	-1	-1	-1	-1	-1	-1	-1	-1	-1	-1	-1	-1	-1	-1	-1	-1	-1	-1	1200	-1	-1	-1	-1	-1	-1	-1
1180	摇滚旗子	102	177316	-1	-1	33	-1	330601	7120101	-1	-1	-1	34	-1	330601	7120101	-1	-1	-1	35	-1	330601	7120101	-1	-1	-1	-1	-1	-1	-1	-1	-1	-1	-1	-1	-1	-1	-1	-1	-1	-1	-1	-1	-1	1200	-1	-1	-1	-1	-1	-1	-1
