问问老童						
INT	INT	INT	INT	INT	INT	INT
id	gridId	isright	cardid	hp	atk	xtid
1	1	0	37	50000	2000	0
2	3	0	37	50000	2000	0
3	4	0	1	50000	2000	0
4	5	0	88	6000	2215	1
5	6	0	1	6000	2100	0
6	7	0	1	10000	2200	0
7	9	0	1	10000	2200	0
8	10	0	1	10000	1800	0
9	11	0	148	10000	2200	1
10	12	0	1	10000	2200	0
11	13	0	184	10000	1800	1
12	14	0	52	10000	2200	1
13	15	0	184	10000	2200	1
14	16	0	124	10000	1800	1
15	18	0	28	90000	2200	1
30	24	1	1111	1000000	2000	0
						
10001	2	0	40	50000	2000	1
10002	8	0	8	600000	2215	2
10003	17	0	16	60000	2100	1
