问问老童							
INT	INT	INT	INT	INT	INT	INT	
id	gridId	isright	cardid	hp	atk	xtid	
1	2	0	1040	180000	3850	2	向日葵
2	4	0	1008	400000	2000	2	豌豆
3	5	0	1220	180000	2150	2	暴躁菇
4	6	0	1156	100000	1750	2	水滴射手
5	7	0	1028	182500	2000	2	拍拍草
6	8	0	1184	280000	2000	2	老树桩
7	9	0	1016	188000	2000	2	菜本
							
							
							
2040516	0	1	2040516	8900	1800	0	长城大刀
80102	0	1	80102	17800	2200	0	旗帜僵尸
2050512	0	1	2050512	8700	2200	0	木棍原始人
80104	0	1	80104	9500	1800	0	铁桶僵尸
806	0	1	806	21250	500	0	卡车司机
80105	0	1	80105	9000	2000	0	橄榄球僵尸
1111	0	1	1111	1000000	33	0	模拟战僵尸博士
