唯一ID	1直线；2爆米花式；3飞盘射手(写死)；4末日菇(写死)	<第一发子弹的信息>第n帧画出子弹(填-1=没有)|子弹x偏移(填0使用plants里的偏移)|y偏移|子弹速度	<第二发子弹的信息>	<第三发子弹的信息>	<第四发子弹的信息>	<第五发子弹的信息>	<第六发子弹的信息>
INT	INT	STRING	STRING	STRING	STRING	STRING	STRING
id	type	fireFrame1	fireFrame2	fireFrame3	fireFrame4	fireFrame5	fireFrame6
1	1	17|0|0|0	26|0|0|0	-1|0|0|0	-1|0|0|0	-1|0|0|0	-1|0|0|0
2	2	14|0|0|0	14|0|0|0	15|0|0|0	16|0|0|0	16|0|0|0	17|0|0|0
3	1	19|0|0|0	20|0|0|0	-1|0|0|0	-1|0|0|0	-1|0|0|0	-1|0|0|0
4	1	17|0|0|0	21|0|0|0	26|0|0|0	-1|0|0|0	-1|0|0|0	-1|0|0|0
5	3	29|0|0|0	-1|0|0|0	-1|0|0|0	-1|0|0|0	-1|0|0|0	-1|0|0|0
6	4	7|0|0|0	-1|0|0|0	-1|0|0|0	-1|0|0|0	-1|0|0|0	-1|0|0|0
7	1	27|85|54|1200	27|50|50|1250	-1|0|0|0	-1|0|0|0	-1|0|0|0	-1|0|0|0
8	5	7|95|125|0	-1|0|0|0	-1|0|0|0	-1|0|0|0	-1|0|0|0	-1|0|0|0
9	1	14|0|0|0	22|20|-20|0	29|40|0|0	31|0|-20|0	38|60|0|0	-1|0|0|0
10	1	16|0|0|0	20|0|5|0	24|0|20|0	-1|0|0|0	-1|0|0|0	-1|0|0|0
11	6	10|0|24|0	-1|0|0|0	-1|0|0|0	-1|0|0|0	-1|0|0|0	-1|0|0|0
12	1	26|-18|10|0	28|0|18|0	30|-23|15|0	-1|0|0|0	-1|0|0|0	-1|0|0|0
13	6	17|0|24|0	-1|0|0|0	-1|0|0|0	-1|0|0|0	-1|0|0|0	-1|0|0|0
14	7	7|0|0|0	-1|0|0|0	-1|0|0|0	-1|0|0|0	-1|0|0|0	-1|0|0|0
15	8	10|0|0|0	-1|0|0|0	-1|0|0|0	-1|0|0|0	-1|0|0|0	-1|0|0|0
16	9	10|0|0|0	-1|0|0|0	-1|0|0|0	-1|0|0|0	-1|0|0|0	-1|0|0|0
17	1	36|10|0|0	37|0|-5|0	39|-15|-10|0	-1|0|0|0	-1|0|0|0	-1|0|0|0
18	10	1|20|100|138008	30|0|0|0	138005|138006|138007|0	-1|0|0|0	-1|0|0|0	-1|0|0|0
19	10	21|35|100|138108	21|0|0|0	138105|138106|138107|0	-1|0|0|0	-1|0|0|0	-1|0|0|0
20	10	30|46|100|138208	10|30|0|0	138205|138206|138207|0	-1|0|0|0	-1|0|0|0	-1|0|0|0
21	1	29|0|0|0	32|0|10|0	33|0|-10|0	-1|0|0|0	-1|0|0|0	-1|0|0|0
22	11	19|0|0|11354	30|0|0|2115	-1|0|0|0	-1|0|0|0	-1|0|0|0	-1|0|0|0
23	23	29|0|0|0	-1|0|0|0	-1|0|0|0	-1|0|0|0	-1|0|0|0	-1|0|0|0
24	11	19|0|0|2124	30|0|0|2125	-1|0|0|0	-1|0|0|0	-1|0|0|0	-1|0|0|0
25	24	19|0|0|2124	30|0|0|2125	-1|0|0|0	-1|0|0|0	-1|0|0|0	-1|0|0|0
26	25	310215|310216|0|0	10|0|0|0	-600|50|0|0	0|0|0|0	-1|0|0|0	-1|0|0|0
27	25	310217|310218|0|0	10|0|0|0	-500|50|0|0	0|0|0|0	-1|0|0|0	-1|0|0|0
28	25	9310215|9310216|0|0	10|0|0|0	-600|50|0|0	0|0|0|0	-1|0|0|0	-1|0|0|0
29	25	9310217|9310218|0|0	10|0|0|0	-500|50|0|0	0|0|0|0	-1|0|0|0	-1|0|0|0
30	26	-1|0|0|0	-1|0|0|0	-1|0|0|0	-1|0|0|0	-1|0|0|0	-1|0|0|0
31	27	-1|0|0|0	-1|0|0|0	-1|0|0|0	-1|0|0|0	-1|0|0|0	-1|0|0|0
32	28	-1|0|0|0	-1|0|0|0	-1|0|0|0	-1|0|0|0	-1|0|0|0	-1|0|0|0
33	29	-1|0|0|0	-1|0|0|0	-1|0|0|0	-1|0|0|0	-1|0|0|0	-1|0|0|0
34	30	23|0|0|0	-1|0|0|0	-1|0|0|0	-1|0|0|0	-1|0|0|0	-1|0|0|0
35	25	65101|65102|0|0	10|0|0|0	-600|50|0|0	0|0|0|0	-1|0|0|0	-1|0|0|0
36	1	16|0|0|0	21|0|0|0	-1|0|0|0	-1|0|0|0	-1|0|0|0	-1|0|0|0
37	31	7|0|0|0	-1|0|0|0	-1|0|0|0	-1|0|0|0	-1|0|0|0	-1|0|0|0
38	32	7|0|0|0	-1|0|0|0	-1|0|0|0	-1|0|0|0	-1|0|0|0	-1|0|0|0
