废	废	废	废	废	废	废	废	废	废	废
INT	INT	INT	INT	INT	INT	INT	INT	INT	INT	INT
id	foodPlan1	foodPlan2	foodPlan3	foodPlan4	foodPlan5	foodPlan6	foodPlan7	foodPlan8	foodPlan9	foodPlan10
111	1	3		1	1	1	1	1	1	1
121	1	3		1	1	1	1	1	1	1
131	1	3		1	1	1	1	1	1	1
141	1	3		1	1	1	1	1	1	1
151	1	3		1	1	1	1	1	1	1
161	1	3		1	1	1	1	1	1	1
171	1	3		1	1	1	1	1	1	1
181	2	3	4	1	1	1	1	1	1	1
191	1	3		1	1	1	1	1	1	1
1101	1	3		1	1	1	1	1	1	1
1111	1	3		1	1	1	1	1	1	1
1121	2	3	4	1	1	1	1	1	1	1
1131	1	3		1	1	1	1	1	1	1
1141	1	3		1	1	1	1	1	1	1
1151	1	3		1	1	1	1	1	1	1
1161	2	3	4	1	1	1	1	1	1	1
1171	1	3		1	1	1	1	1	1	1
1181	1	3		1	1	1	1	1	1	1
1191	1	3		1	1	1	1	1	1	1
1201	2	3	4	1	1	1	1	1	1	1
1211	1	3		1	1	1	1	1	1	1
1221	1	3		1	1	1	1	1	1	1
1231	1	3		1	1	1	1	1	1	1
1241	2	3	4	1	1	1	1	1	1	1
1251	2	3	4	1	1	1	1	1	1	1
1261	2	3	4	1	1	1	1	1	1	1
211	2	3	5	1	1	1	1	1	1	1
221	2	3	5	1	1	1	1	1	1	1
231	2	3	5	1	1	1	1	1	1	1
241	2	3	4	1	1	1	1	1	1	1
251	2	3	5	1	1	1	1	1	1	1
261	2	3	5	1	1	1	1	1	1	1
271	2	3	5	1	1	1	1	1	1	1
281	2	3	4	1	1	1	1	1	1	1
291	2	3	5	1	1	1	1	1	1	1
2101	2	3	5	1	1	1	1	1	1	1
2111	2	3	5	1	1	1	1	1	1	1
2121	2	3	4	1	1	1	1	1	1	1
2131	2	3	5	1	1	1	1	1	1	1
2141	2	3	5	1	1	1	1	1	1	1
2151	2	3	5	1	1	1	1	1	1	1
2161	2	3	4	1	1	1	1	1	1	1
2171	2	3	5	1	1	1	1	1	1	1
2181	2	3	5	1	1	1	1	1	1	1
2191	2	3	5	1	1	1	1	1	1	1
2201	2	3	4	1	1	1	1	1	1	1
2211	2	3	5	1	1	1	1	1	1	1
2221	2	3	5	1	1	1	1	1	1	1
2231	2	3	5	1	1	1	1	1	1	1
2241	2	3	4	1	1	1	1	1	1	1
2251	2	3	4	1	1	1	1	1	1	1
2261	2	3	4	1	1	1	1	1	1	1
2271	2	3	4	1	1	1	1	1	1	1
2281	2	3	4	1	1	1	1	1	1	1
2291	2	3	4	1	1	1	1	1	1	1
2301	2	3	4	1	1	1	1	1	1	1
311	2	3	5	1	1	1	1	1	1	1
321	2	3	5	1	1	1	1	1	1	1
331	2	3	5	1	1	1	1	1	1	1
341	2	3	5	1	1	1	1	1	1	1
351	2	3	4	1	1	1	1	1	1	1
361	2	3	5	1	1	1	1	1	1	1
371	2	3	5	1	1	1	1	1	1	1
381	2	3	5	1	1	1	1	1	1	1
391	2	3	5	1	1	1	1	1	1	1
3101	2	3	4	1	1	1	1	1	1	1
3111	2	3	5	1	1	1	1	1	1	1
3121	2	3	5	1	1	1	1	1	1	1
3131	2	3	5	1	1	1	1	1	1	1
3141	2	3	5	1	1	1	1	1	1	1
3151	2	3	4	1	1	1	1	1	1	1
3161	2	3	5	1	1	1	1	1	1	1
3171	2	3	5	1	1	1	1	1	1	1
3181	2	3	5	1	1	1	1	1	1	1
3191	2	3	5	1	1	1	1	1	1	1
3201	2	3	4	1	1	1	1	1	1	1
3211	2	3	5	1	1	1	1	1	1	1
3221	2	3	5	1	1	1	1	1	1	1
3231	2	3	5	1	1	1	1	1	1	1
3241	2	3	5	1	1	1	1	1	1	1
3251	2	3	4	1	1	1	1	1	1	1
3261	2	3	5	1	1	1	1	1	1	1
3271	2	3	5	1	1	1	1	1	1	1
3281	2	3	5	1	1	1	1	1	1	1
3291	2	3	5	1	1	1	1	1	1	1
3301	2	3	4	1	1	1	1	1	1	1
411	2	3	5	1	1	1	1	1	1	1
421	2	3	5	1	1	1	1	1	1	1
431	2	3	5	1	1	1	1	1	1	1
441	2	3	5	1	1	1	1	1	1	1
451	2	3	4	1	1	1	1	1	1	1
461	2	3	5	1	1	1	1	1	1	1
471	2	3	5	1	1	1	1	1	1	1
481	2	3	5	1	1	1	1	1	1	1
491	2	3	5	1	1	1	1	1	1	1
4101	2	3	4	1	1	1	1	1	1	1
4111	2	3	5	1	1	1	1	1	1	1
4121	2	3	5	1	1	1	1	1	1	1
4131	2	3	5	1	1	1	1	1	1	1
4141	2	3	5	1	1	1	1	1	1	1
4151	2	3	4	1	1	1	1	1	1	1
4161	2	3	5	1	1	1	1	1	1	1
4171	2	3	5	1	1	1	1	1	1	1
4181	2	3	5	1	1	1	1	1	1	1
4191	2	3	5	1	1	1	1	1	1	1
4201	2	3	4	1	1	1	1	1	1	1
4211	2	3	5	1	1	1	1	1	1	1
4221	2	3	5	1	1	1	1	1	1	1
4231	2	3	5	1	1	1	1	1	1	1
4241	2	3	5	1	1	1	1	1	1	1
4251	2	3	4	1	1	1	1	1	1	1
4261	2	3	5	1	1	1	1	1	1	1
4271	2	3	5	1	1	1	1	1	1	1
4281	2	3	5	1	1	1	1	1	1	1
4291	2	3	5	1	1	1	1	1	1	1
4301	2	3	4	1	1	1	1	1	1	1
511	2	3	5	1	1	1	1	1	1	1
521	2	3	5	1	1	1	1	1	1	1
531	2	3	5	1	1	1	1	1	1	1
541	2	3	5	1	1	1	1	1	1	1
551	2	3	4	1	1	1	1	1	1	1
561	2	3	5	1	1	1	1	1	1	1
571	2	3	5	1	1	1	1	1	1	1
581	2	3	5	1	1	1	1	1	1	1
591	2	3	5	1	1	1	1	1	1	1
5101	2	3	4	1	1	1	1	1	1	1
5111	2	3	5	1	1	1	1	1	1	1
5121	2	3	5	1	1	1	1	1	1	1
5131	2	3	5	1	1	1	1	1	1	1
5141	2	3	5	1	1	1	1	1	1	1
5151	2	3	4	1	1	1	1	1	1	1
5161	2	3	5	1	1	1	1	1	1	1
5171	2	3	5	1	1	1	1	1	1	1
5181	2	3	5	1	1	1	1	1	1	1
5191	2	3	5	1	1	1	1	1	1	1
5201	2	3	4	1	1	1	1	1	1	1
5211	2	3	5	1	1	1	1	1	1	1
5221	2	3	5	1	1	1	1	1	1	1
5231	2	3	5	1	1	1	1	1	1	1
5241	2	3	5	1	1	1	1	1	1	1
5251	2	3	4	1	1	1	1	1	1	1
5261	2	3	5	1	1	1	1	1	1	1
5271	2	3	5	1	1	1	1	1	1	1
5281	2	3	5	1	1	1	1	1	1	1
5291	2	3	5	1	1	1	1	1	1	1
5301	2	3	4	1	1	1	1	1	1	1
611	2	3	5	1	1	1	1	1	1	1
621	2	3	5	1	1	1	1	1	1	1
631	2	3	5	1	1	1	1	1	1	1
641	2	3	5	1	1	1	1	1	1	1
651	2	3	4	1	1	1	1	1	1	1
661	2	3	5	1	1	1	1	1	1	1
671	2	3	5	1	1	1	1	1	1	1
681	2	3	5	1	1	1	1	1	1	1
691	2	3	5	1	1	1	1	1	1	1
6101	2	3	4	1	1	1	1	1	1	1
6111	2	3	5	1	1	1	1	1	1	1
6121	2	3	5	1	1	1	1	1	1	1
6131	2	3	5	1	1	1	1	1	1	1
6141	2	3	5	1	1	1	1	1	1	1
6151	2	3	4	1	1	1	1	1	1	1
6161	2	3	5	1	1	1	1	1	1	1
6171	2	3	5	1	1	1	1	1	1	1
6181	2	3	5	1	1	1	1	1	1	1
6191	2	3	5	1	1	1	1	1	1	1
6201	2	3	4	1	1	1	1	1	1	1
6211	2	3	5	1	1	1	1	1	1	1
6221	2	3	5	1	1	1	1	1	1	1
6231	2	3	5	1	1	1	1	1	1	1
6241	2	3	5	1	1	1	1	1	1	1
6251	2	3	4	1	1	1	1	1	1	1
6261	2	3	5	1	1	1	1	1	1	1
6271	2	3	5	1	1	1	1	1	1	1
6281	2	3	5	1	1	1	1	1	1	1
6291	2	3	5	1	1	1	1	1	1	1
6301	2	3	4	1	1	1	1	1	1	1
112	1	3		1	1	1	1	1	1	1
122	1	3		1	1	1	1	1	1	1
132	1	3		1	1	1	1	1	1	1
142	1	3		1	1	1	1	1	1	1
152	1	3		1	1	1	1	1	1	1
162	1	3		1	1	1	1	1	1	1
172	1	3		1	1	1	1	1	1	1
182	2	3	4	1	1	1	1	1	1	1
192	1	3		1	1	1	1	1	1	1
1102	1	3		1	1	1	1	1	1	1
1112	1	3		1	1	1	1	1	1	1
1122	2	3	4	1	1	1	1	1	1	1
1132	1	3		1	1	1	1	1	1	1
1142	1	3		1	1	1	1	1	1	1
1152	1	3		1	1	1	1	1	1	1
1162	2	3	4	1	1	1	1	1	1	1
1172	1	3		1	1	1	1	1	1	1
1182	1	3		1	1	1	1	1	1	1
1192	1	3		1	1	1	1	1	1	1
1202	2	3	4	1	1	1	1	1	1	1
1212	1	3		1	1	1	1	1	1	1
1222	1	3		1	1	1	1	1	1	1
1232	1	3		1	1	1	1	1	1	1
1242	2	3	4	1	1	1	1	1	1	1
1252	2	3	4	1	1	1	1	1	1	1
1262	2	3	4	1	1	1	1	1	1	1
212	2	3	5	1	1	1	1	1	1	1
222	2	3	5	1	1	1	1	1	1	1
232	2	3	5	1	1	1	1	1	1	1
242	2	3	4	1	1	1	1	1	1	1
252	2	3	5	1	1	1	1	1	1	1
262	2	3	5	1	1	1	1	1	1	1
272	2	3	5	1	1	1	1	1	1	1
282	2	3	4	1	1	1	1	1	1	1
292	2	3	5	1	1	1	1	1	1	1
2102	2	3	5	1	1	1	1	1	1	1
2112	2	3	5	1	1	1	1	1	1	1
2122	2	3	4	1	1	1	1	1	1	1
2132	2	3	5	1	1	1	1	1	1	1
2142	2	3	5	1	1	1	1	1	1	1
2152	2	3	5	1	1	1	1	1	1	1
2162	2	3	4	1	1	1	1	1	1	1
2172	2	3	5	1	1	1	1	1	1	1
2182	2	3	5	1	1	1	1	1	1	1
2192	2	3	5	1	1	1	1	1	1	1
2202	2	3	4	1	1	1	1	1	1	1
2212	2	3	5	1	1	1	1	1	1	1
2222	2	3	5	1	1	1	1	1	1	1
2232	2	3	5	1	1	1	1	1	1	1
2242	2	3	4	1	1	1	1	1	1	1
2252	2	3	4	1	1	1	1	1	1	1
2262	2	3	4	1	1	1	1	1	1	1
2272	2	3	4	1	1	1	1	1	1	1
2282	2	3	4	1	1	1	1	1	1	1
2292	2	3	4	1	1	1	1	1	1	1
2302	2	3	4	1	1	1	1	1	1	1
312	2	3	5	1	1	1	1	1	1	1
322	2	3	5	1	1	1	1	1	1	1
332	2	3	5	1	1	1	1	1	1	1
342	2	3	5	1	1	1	1	1	1	1
352	2	3	4	1	1	1	1	1	1	1
362	2	3	5	1	1	1	1	1	1	1
372	2	3	5	1	1	1	1	1	1	1
382	2	3	5	1	1	1	1	1	1	1
392	2	3	5	1	1	1	1	1	1	1
3102	2	3	4	1	1	1	1	1	1	1
3112	2	3	5	1	1	1	1	1	1	1
3122	2	3	5	1	1	1	1	1	1	1
3132	2	3	5	1	1	1	1	1	1	1
3142	2	3	5	1	1	1	1	1	1	1
3152	2	3	4	1	1	1	1	1	1	1
3162	2	3	5	1	1	1	1	1	1	1
3172	2	3	5	1	1	1	1	1	1	1
3182	2	3	5	1	1	1	1	1	1	1
3192	2	3	5	1	1	1	1	1	1	1
3202	2	3	4	1	1	1	1	1	1	1
3212	2	3	5	1	1	1	1	1	1	1
3222	2	3	5	1	1	1	1	1	1	1
3232	2	3	5	1	1	1	1	1	1	1
3242	2	3	5	1	1	1	1	1	1	1
3252	2	3	4	1	1	1	1	1	1	1
3262	2	3	5	1	1	1	1	1	1	1
3272	2	3	5	1	1	1	1	1	1	1
3282	2	3	5	1	1	1	1	1	1	1
3292	2	3	5	1	1	1	1	1	1	1
3302	2	3	4	1	1	1	1	1	1	1
412	2	3	5	1	1	1	1	1	1	1
422	2	3	5	1	1	1	1	1	1	1
432	2	3	5	1	1	1	1	1	1	1
442	2	3	5	1	1	1	1	1	1	1
452	2	3	4	1	1	1	1	1	1	1
462	2	3	5	1	1	1	1	1	1	1
472	2	3	5	1	1	1	1	1	1	1
482	2	3	5	1	1	1	1	1	1	1
492	2	3	5	1	1	1	1	1	1	1
4102	2	3	4	1	1	1	1	1	1	1
4112	2	3	5	1	1	1	1	1	1	1
4122	2	3	5	1	1	1	1	1	1	1
4132	2	3	5	1	1	1	1	1	1	1
4142	2	3	5	1	1	1	1	1	1	1
4152	2	3	4	1	1	1	1	1	1	1
4162	2	3	5	1	1	1	1	1	1	1
4172	2	3	5	1	1	1	1	1	1	1
4182	2	3	5	1	1	1	1	1	1	1
4192	2	3	5	1	1	1	1	1	1	1
4202	2	3	4	1	1	1	1	1	1	1
4212	2	3	5	1	1	1	1	1	1	1
4222	2	3	5	1	1	1	1	1	1	1
4232	2	3	5	1	1	1	1	1	1	1
4242	2	3	5	1	1	1	1	1	1	1
4252	2	3	4	1	1	1	1	1	1	1
4262	2	3	5	1	1	1	1	1	1	1
4272	2	3	5	1	1	1	1	1	1	1
4282	2	3	5	1	1	1	1	1	1	1
4292	2	3	5	1	1	1	1	1	1	1
4302	2	3	4	1	1	1	1	1	1	1
512	2	3	5	1	1	1	1	1	1	1
522	2	3	5	1	1	1	1	1	1	1
532	2	3	5	1	1	1	1	1	1	1
542	2	3	5	1	1	1	1	1	1	1
552	2	3	4	1	1	1	1	1	1	1
562	2	3	5	1	1	1	1	1	1	1
572	2	3	5	1	1	1	1	1	1	1
582	2	3	5	1	1	1	1	1	1	1
592	2	3	5	1	1	1	1	1	1	1
5102	2	3	4	1	1	1	1	1	1	1
5112	2	3	5	1	1	1	1	1	1	1
5122	2	3	5	1	1	1	1	1	1	1
5132	2	3	5	1	1	1	1	1	1	1
5142	2	3	5	1	1	1	1	1	1	1
5152	2	3	4	1	1	1	1	1	1	1
5162	2	3	5	1	1	1	1	1	1	1
5172	2	3	5	1	1	1	1	1	1	1
5182	2	3	5	1	1	1	1	1	1	1
5192	2	3	5	1	1	1	1	1	1	1
5202	2	3	4	1	1	1	1	1	1	1
5212	2	3	5	1	1	1	1	1	1	1
5222	2	3	5	1	1	1	1	1	1	1
5232	2	3	5	1	1	1	1	1	1	1
5242	2	3	5	1	1	1	1	1	1	1
5252	2	3	4	1	1	1	1	1	1	1
5262	2	3	5	1	1	1	1	1	1	1
5272	2	3	5	1	1	1	1	1	1	1
5282	2	3	5	1	1	1	1	1	1	1
5292	2	3	5	1	1	1	1	1	1	1
5302	2	3	4	1	1	1	1	1	1	1
612	2	3	5	1	1	1	1	1	1	1
622	2	3	5	1	1	1	1	1	1	1
632	2	3	5	1	1	1	1	1	1	1
642	2	3	5	1	1	1	1	1	1	1
652	2	3	4	1	1	1	1	1	1	1
662	2	3	5	1	1	1	1	1	1	1
672	2	3	5	1	1	1	1	1	1	1
682	2	3	5	1	1	1	1	1	1	1
692	2	3	5	1	1	1	1	1	1	1
6102	2	3	4	1	1	1	1	1	1	1
6112	2	3	5	1	1	1	1	1	1	1
6122	2	3	5	1	1	1	1	1	1	1
6132	2	3	5	1	1	1	1	1	1	1
6142	2	3	5	1	1	1	1	1	1	1
6152	2	3	4	1	1	1	1	1	1	1
6162	2	3	5	1	1	1	1	1	1	1
6172	2	3	5	1	1	1	1	1	1	1
6182	2	3	5	1	1	1	1	1	1	1
6192	2	3	5	1	1	1	1	1	1	1
6202	2	3	4	1	1	1	1	1	1	1
6212	2	3	5	1	1	1	1	1	1	1
6222	2	3	5	1	1	1	1	1	1	1
6232	2	3	5	1	1	1	1	1	1	1
6242	2	3	5	1	1	1	1	1	1	1
6252	2	3	4	1	1	1	1	1	1	1
6262	2	3	5	1	1	1	1	1	1	1
6272	2	3	5	1	1	1	1	1	1	1
6282	2	3	5	1	1	1	1	1	1	1
6292	2	3	5	1	1	1	1	1	1	1
6302	2	3	4	1	1	1	1	1	1	1
113	1	3		1	1	1	1	1	1	1
123	1	3		1	1	1	1	1	1	1
133	1	3		1	1	1	1	1	1	1
143	1	3		1	1	1	1	1	1	1
153	1	3		1	1	1	1	1	1	1
163	1	3		1	1	1	1	1	1	1
173	1	3		1	1	1	1	1	1	1
183	2	3	4	1	1	1	1	1	1	1
193	1	3		1	1	1	1	1	1	1
1103	1	3		1	1	1	1	1	1	1
1113	1	3		1	1	1	1	1	1	1
1123	2	3	4	1	1	1	1	1	1	1
1133	1	3		1	1	1	1	1	1	1
1143	1	3		1	1	1	1	1	1	1
1153	1	3		1	1	1	1	1	1	1
1163	2	3	4	1	1	1	1	1	1	1
1173	1	3		1	1	1	1	1	1	1
1183	1	3		1	1	1	1	1	1	1
1193	1	3		1	1	1	1	1	1	1
1203	2	3	4	1	1	1	1	1	1	1
1213	1	3		1	1	1	1	1	1	1
1223	1	3		1	1	1	1	1	1	1
1233	1	3		1	1	1	1	1	1	1
1243	2	3	4	1	1	1	1	1	1	1
1253	2	3	4	1	1	1	1	1	1	1
1263	2	3	4	1	1	1	1	1	1	1
213	2	3	5	1	1	1	1	1	1	1
223	2	3	5	1	1	1	1	1	1	1
233	2	3	5	1	1	1	1	1	1	1
243	2	3	4	1	1	1	1	1	1	1
253	2	3	5	1	1	1	1	1	1	1
263	2	3	5	1	1	1	1	1	1	1
273	2	3	5	1	1	1	1	1	1	1
283	2	3	4	1	1	1	1	1	1	1
293	2	3	5	1	1	1	1	1	1	1
2103	2	3	5	1	1	1	1	1	1	1
2113	2	3	5	1	1	1	1	1	1	1
2123	2	3	4	1	1	1	1	1	1	1
2133	2	3	5	1	1	1	1	1	1	1
2143	2	3	5	1	1	1	1	1	1	1
2153	2	3	5	1	1	1	1	1	1	1
2163	2	3	4	1	1	1	1	1	1	1
2173	2	3	5	1	1	1	1	1	1	1
2183	2	3	5	1	1	1	1	1	1	1
2193	2	3	5	1	1	1	1	1	1	1
2203	2	3	4	1	1	1	1	1	1	1
2213	2	3	5	1	1	1	1	1	1	1
2223	2	3	5	1	1	1	1	1	1	1
2233	2	3	5	1	1	1	1	1	1	1
2243	2	3	4	1	1	1	1	1	1	1
2253	2	3	4	1	1	1	1	1	1	1
2263	2	3	4	1	1	1	1	1	1	1
2273	2	3	4	1	1	1	1	1	1	1
2283	2	3	4	1	1	1	1	1	1	1
2293	2	3	4	1	1	1	1	1	1	1
2303	2	3	4	1	1	1	1	1	1	1
313	2	3	5	1	1	1	1	1	1	1
323	2	3	5	1	1	1	1	1	1	1
333	2	3	5	1	1	1	1	1	1	1
343	2	3	5	1	1	1	1	1	1	1
353	2	3	4	1	1	1	1	1	1	1
363	2	3	5	1	1	1	1	1	1	1
373	2	3	5	1	1	1	1	1	1	1
383	2	3	5	1	1	1	1	1	1	1
393	2	3	5	1	1	1	1	1	1	1
3103	2	3	4	1	1	1	1	1	1	1
3113	2	3	5	1	1	1	1	1	1	1
3123	2	3	5	1	1	1	1	1	1	1
3133	2	3	5	1	1	1	1	1	1	1
3143	2	3	5	1	1	1	1	1	1	1
3153	2	3	4	1	1	1	1	1	1	1
3163	2	3	5	1	1	1	1	1	1	1
3173	2	3	5	1	1	1	1	1	1	1
3183	2	3	5	1	1	1	1	1	1	1
3193	2	3	5	1	1	1	1	1	1	1
3203	2	3	4	1	1	1	1	1	1	1
3213	2	3	5	1	1	1	1	1	1	1
3223	2	3	5	1	1	1	1	1	1	1
3233	2	3	5	1	1	1	1	1	1	1
3243	2	3	5	1	1	1	1	1	1	1
3253	2	3	4	1	1	1	1	1	1	1
3263	2	3	5	1	1	1	1	1	1	1
3273	2	3	5	1	1	1	1	1	1	1
3283	2	3	5	1	1	1	1	1	1	1
3293	2	3	5	1	1	1	1	1	1	1
3303	2	3	4	1	1	1	1	1	1	1
413	2	3	5	1	1	1	1	1	1	1
423	2	3	5	1	1	1	1	1	1	1
433	2	3	5	1	1	1	1	1	1	1
443	2	3	5	1	1	1	1	1	1	1
453	2	3	4	1	1	1	1	1	1	1
463	2	3	5	1	1	1	1	1	1	1
473	2	3	5	1	1	1	1	1	1	1
483	2	3	5	1	1	1	1	1	1	1
493	2	3	5	1	1	1	1	1	1	1
4103	2	3	4	1	1	1	1	1	1	1
4113	2	3	5	1	1	1	1	1	1	1
4123	2	3	5	1	1	1	1	1	1	1
4133	2	3	5	1	1	1	1	1	1	1
4143	2	3	5	1	1	1	1	1	1	1
4153	2	3	4	1	1	1	1	1	1	1
4163	2	3	5	1	1	1	1	1	1	1
4173	2	3	5	1	1	1	1	1	1	1
4183	2	3	5	1	1	1	1	1	1	1
4193	2	3	5	1	1	1	1	1	1	1
4203	2	3	4	1	1	1	1	1	1	1
4213	2	3	5	1	1	1	1	1	1	1
4223	2	3	5	1	1	1	1	1	1	1
4233	2	3	5	1	1	1	1	1	1	1
4243	2	3	5	1	1	1	1	1	1	1
4253	2	3	4	1	1	1	1	1	1	1
4263	2	3	5	1	1	1	1	1	1	1
4273	2	3	5	1	1	1	1	1	1	1
4283	2	3	5	1	1	1	1	1	1	1
4293	2	3	5	1	1	1	1	1	1	1
4303	2	3	4	1	1	1	1	1	1	1
513	2	3	5	1	1	1	1	1	1	1
523	2	3	5	1	1	1	1	1	1	1
533	2	3	5	1	1	1	1	1	1	1
543	2	3	5	1	1	1	1	1	1	1
553	2	3	4	1	1	1	1	1	1	1
563	2	3	5	1	1	1	1	1	1	1
573	2	3	5	1	1	1	1	1	1	1
583	2	3	5	1	1	1	1	1	1	1
593	2	3	5	1	1	1	1	1	1	1
5103	2	3	4	1	1	1	1	1	1	1
5113	2	3	5	1	1	1	1	1	1	1
5123	2	3	5	1	1	1	1	1	1	1
5133	2	3	5	1	1	1	1	1	1	1
5143	2	3	5	1	1	1	1	1	1	1
5153	2	3	4	1	1	1	1	1	1	1
5163	2	3	5	1	1	1	1	1	1	1
5173	2	3	5	1	1	1	1	1	1	1
5183	2	3	5	1	1	1	1	1	1	1
5193	2	3	5	1	1	1	1	1	1	1
5203	2	3	4	1	1	1	1	1	1	1
5213	2	3	5	1	1	1	1	1	1	1
5223	2	3	5	1	1	1	1	1	1	1
5233	2	3	5	1	1	1	1	1	1	1
5243	2	3	5	1	1	1	1	1	1	1
5253	2	3	4	1	1	1	1	1	1	1
5263	2	3	5	1	1	1	1	1	1	1
5273	2	3	5	1	1	1	1	1	1	1
5283	2	3	5	1	1	1	1	1	1	1
5293	2	3	5	1	1	1	1	1	1	1
5303	2	3	4	1	1	1	1	1	1	1
613	2	3	5	1	1	1	1	1	1	1
623	2	3	5	1	1	1	1	1	1	1
633	2	3	5	1	1	1	1	1	1	1
643	2	3	5	1	1	1	1	1	1	1
653	2	3	4	1	1	1	1	1	1	1
663	2	3	5	1	1	1	1	1	1	1
673	2	3	5	1	1	1	1	1	1	1
683	2	3	5	1	1	1	1	1	1	1
693	2	3	5	1	1	1	1	1	1	1
6103	2	3	4	1	1	1	1	1	1	1
6113	2	3	5	1	1	1	1	1	1	1
6123	2	3	5	1	1	1	1	1	1	1
6133	2	3	5	1	1	1	1	1	1	1
6143	2	3	5	1	1	1	1	1	1	1
6153	2	3	4	1	1	1	1	1	1	1
6163	2	3	5	1	1	1	1	1	1	1
6173	2	3	5	1	1	1	1	1	1	1
6183	2	3	5	1	1	1	1	1	1	1
6193	2	3	5	1	1	1	1	1	1	1
6203	2	3	4	1	1	1	1	1	1	1
6213	2	3	5	1	1	1	1	1	1	1
6223	2	3	5	1	1	1	1	1	1	1
6233	2	3	5	1	1	1	1	1	1	1
6243	2	3	5	1	1	1	1	1	1	1
6253	2	3	4	1	1	1	1	1	1	1
6263	2	3	5	1	1	1	1	1	1	1
6273	2	3	5	1	1	1	1	1	1	1
6283	2	3	5	1	1	1	1	1	1	1
6293	2	3	5	1	1	1	1	1	1	1
6303	2	3	4	1	1	1	1	1	1	1
51	4			1	1	1	1	1	1	1
52	4			1	1	1	1	1	1	1
53	4			1	1	1	1	1	1	1
54	4			1	1	1	1	1	1	1
55	4			1	1	1	1	1	1	1
56	4			1	1	1	1	1	1	1
57	4			1	1	1	1	1	1	1
58	4			1	1	1	1	1	1	1
59	4			1	1	1	1	1	1	1
60	4			1	1	1	1	1	1	1
5001	2	3	5	1	1	1	1	1	1	1
5002	2	3	5	1	1	1	1	1	1	1
5003	2	3	5	1	1	1	1	1	1	1
5004	2	3	5	1	1	1	1	1	1	1
6001	2	3	5	1	1	1	1	1	1	1
6002	2	3	5	1	1	1	1	1	1	1
6003	2	3	5	1	1	1	1	1	1	1
6004	2	3	5	1	1	1	1	1	1	1
7101	2	3	5	1	1	1	1	1	1	1
7102	2	3	5	1	1	1	1	1	1	1
7103	2	3	5	1	1	1	1	1	1	1
7104	2	3	5	1	1	1	1	1	1	1
7201	2	3	5	1	1	1	1	1	1	1
7202	2	3	5	1	1	1	1	1	1	1
7203	2	3	5	1	1	1	1	1	1	1
7204	2	3	5	1	1	1	1	1	1	1
7301	2	3	5	1	1	1	1	1	1	1
7302	2	3	5	1	1	1	1	1	1	1
7303	2	3	5	1	1	1	1	1	1	1
7304	2	3	5	1	1	1	1	1	1	1
7401	2	3	5	1	1	1	1	1	1	1
7402	2	3	5	1	1	1	1	1	1	1
7403	2	3	5	1	1	1	1	1	1	1
7404	2	3	5	1	1	1	1	1	1	1
7501	2	3	5	1	1	1	1	1	1	1
7502	2	3	5	1	1	1	1	1	1	1
7503	2	3	5	1	1	1	1	1	1	1
7504	2	3	5	1	1	1	1	1	1	1
8001	2	3	5	1	1	1	1	1	1	1
8002	2	3	5	1	1	1	1	1	1	1
8003	2	3	5	1	1	1	1	1	1	1
8004	2	3	5	1	1	1	1	1	1	1
8005	2	3	5	1	1	1	1	1	1	1
