地图id	骰子权重	初始价格	增加价格	每步奖励	宝箱奖励
INT	STRING	INT	INT	INT	STRING
id	weight	desGold	addGold	gain	finalgain
1	2|3|15|30|30|20|	20	10	21431	"1,22001,1,0|1,22003,1,0|1,22002,1,0|1,200,1,0|1,94,10000,0|1,45362,2,0|"
2	3|7|30|30|20|10|	20	10	21432	"1,200,2,0|1,94,20000,0|1,90,80000,0|1,45362,2,0|"
3	10|35|20|20|10|5|	50	20	21433	"1,200,3,0|1,60204,320,0|1,45362,2,0|"
4	10|30|40|10|5|5|	50	20	21434	"1,23001,1,0|1,23002,1,0|1,23003,1,0|1,94,20000,0|1,45362,2,0|"
5	10|30|30|20|5|5|	70	30	21435	"1,94,150000,0|1,60204,500,0|1,45362,6,0|"
6	10|30|40|10|5|5|	100	50	21436	"1,45362,12,0|1,90,1280000,0|1,60204,800,0|"
7	10|30|40|10|5|5|	150	50	21437	"1,200,10,0|1,45362,30,0|1,94,200000,0|"
