唯一id	系统类型（1：无尽；2、戴夫）	翻牌轮次	翻牌消耗	翻牌drop库1	翻牌消耗	翻牌库2	翻牌消耗	翻牌库3	翻牌消耗	翻牌库4
INT	INT	INT	INT	INT	INT	INT	INT	INT	INT	INT
id	type	round	expend1	drop_id1	expend2	drop_id2	expend3	drop_id3	expend4	drop_id4
1	1	10	0	31101	50	31102	100	31103	200	31104
2	1	30	0	31301	50	31302	100	31303	200	31304
3	1	50	0	31501	50	31502	100	31503	200	31504
4	1	70	0	31701	50	31702	100	31703	200	31704
5	2	5	0	32041	50	32042	100	32043	200	32044
6	2	9	0	32081	50	32082	100	32083	200	32084
7	2	13	0	32121	50	32122	100	32123	200	32124
8	2	17	0	32161	50	32162	100	32163	200	32164
