掉落ID	最少获得数	最大获得数	掉落库物品	
INT	INT	INT	STRING	
dropexp_id	mincount	maxcount	content	
4001	0	1	"8,16,5000,3,0|1,16,6000,1,0|1,16,114,1,0"	
4002	0	1	"8,16,5000,3,0|1,16,6000,1,0|1,16,114,1,0"	
4003	0	1	"8,16,5000,4,0|1,16,6000,1,0|1,16,114,1,0"	
4004	0	1	"8,16,5000,2,0|1,16,6000,1,0|1,16,114,1,0"	
4005	0	1	"8,16,5000,3,0|1,16,6000,1,0|1,16,114,1,0"	
4006	0	1	"8,16,5000,3,0|1,16,6000,1,0|1,16,114,1,0"	
4007	0	1	"8,16,5000,3,0|1,16,6000,1,0|1,16,114,1,0"	
4008	0	1	"8,16,5000,3,0|1,16,6000,1,0|1,16,114,1,0"	
4009	0	1	"8,16,5000,3,0|1,16,6000,1,0|1,16,114,1,0"	
4010	0	1	"8,16,5000,3,0|1,16,6000,1,0|1,16,114,1,0"	
4011	0	1	"8,16,5000,3,0|1,16,6000,1,0|1,16,114,1,0"	
4012	0	1	"8,16,5000,3,0|1,16,6000,1,0|1,16,114,1,0"	
4013	2	3	"1,16,5001,1,1"	
4014	2	3	"1,16,5002,1,1"	
4015	2	3	"1,16,5003,1,1"	
4016	2	3	"1,16,5004,1,1"	
2001	4	5	"1,16,5001,1,1"	
2002	4	5	"1,16,5001,1,1"	
2003	4	5	"1,16,5001,1,1"	
2004	4	5	"1,16,5001,1,1"	
2005	0	1	"1,16,5001,1,1"	
2011	4	5	"1,16,5001,1,1"	
2012	4	5	"1,16,5001,1,1"	
2013	4	5	"1,16,5001,1,1"	
2014	4	5	"1,16,5001,1,1"	
2101	3	7	"1,16,5001,1,1"	
2102	3	7	"1,16,5001,1,1"	
2103	3	7	"1,16,5001,1,1"	
2104	3	7	"1,16,5001,1,1"	
2201	3	7	"1,16,5001,1,1"	
2202	3	7	"1,16,5001,1,1"	
2203	3	7	"1,16,5001,1,1"	
2204	3	7	"1,16,5001,1,1"	
2301	3	7	"1,16,5001,1,1"	
2302	3	7	"1,16,5001,1,1"	
2303	3	7	"1,16,5001,1,1"	
2304	3	7	"1,16,5001,1,1"	
2401	1	3	"1,16,5001,1,1"	
2402	1	3	"1,16,5001,1,1"	
2403	1	3	"1,16,5001,1,1"	
2404	1	3	"1,16,5001,1,1"	
2501	1	3	"1,16,5001,1,1"	
2502	1	3	"1,16,5001,1,1"	
2503	1	3	"1,16,5001,1,1"	
2504	1	3	"1,16,5001,1,1"	
2601	13	40	"1,16,5000,1,1|1,16,5001,1,1"	
2602	8	26	"1,16,5001,1,1|1,16,5002,1,1"	
2603	5	16	"1,16,5002,1,1|1,16,5003,1,1"	
2604	3	8	"1,16,5003,1,1|1,16,5004,1,1"	
2701	1	3	"1,16,5001,1,1"	
2702	1	3	"1,16,5001,1,1"	
2703	1	3	"1,16,5001,1,1"	
2704	1	3	"1,16,5001,1,1"	
2705	1	3	"1,16,5001,1,1"	
2706	1	3	"1,16,5001,1,1"	
2707	1	3	"1,16,5001,1,1"	
2708	1	3	"1,16,5001,1,1"	
2709	1	3	"1,16,5001,1,1"	
2710	1	3	"1,16,5001,1,1"	
2711	1	3	"1,16,5001,1,1"	
2712	1	3	"1,16,5001,1,1"	
2713	1	3	"1,16,5001,1,1"	
2714	1	3	"1,16,5001,1,1"	
2715	1	3	"1,16,5001,1,1"	
2716	1	3	"1,16,5001,1,1"	
2717	1	3	"1,16,5001,1,1"	
2718	1	3	"1,16,5001,1,1"	
2719	1	3	"1,16,5001,1,1"	
2720	1	3	"1,16,5001,1,1"	
2721	1	3	"1,16,5001,1,1"	
2722	1	3	"1,16,5001,1,1"	
2723	1	3	"1,16,5001,1,1"	
2724	1	3	"1,16,5001,1,1"	
2725	1	3	"1,16,5001,1,1"	
2726	1	3	"1,16,5001,1,1"	
2727	1	3	"1,16,5001,1,1"	
2728	1	3	"1,16,5001,1,1"	
2801	1	1	"1,0,1,1,1|1,0,25,1,1|1,0,37,1,1|1,0,49,1,1|1,0,121,1,1|1,0,181,1,1"	
2802	1	1	"1,0,61,1,1|1,0,73,1,1|1,0,85,1,1|1,0,109,1,1|1,0,205,1,1"	
2803	1	1	"1,0,97,1,1|1,0,133,1,1|1,0,145,1,1|1,0,157,1,1|1,0,229,1,1"	
2804	1	1	"1,0,1,1,1|1,0,25,1,1|1,0,37,1,1|1,0,49,1,1|1,0,121,1,1|1,0,181,1,1|1,0,61,1,1|1,0,73,1,1|1,0,85,1,1|1,0,109,1,1|1,0,205,1,1|1,0,97,1,1|1,0,133,1,1|1,0,145,1,1|1,0,157,1,1|1,0,229,1,1"	
4101	1	1	"1,16,5001,4,1"	
4102	1	1	"1,16,5001,4,1"	
4103	1	1	"1,16,5001,4,1"	
4104	1	1	"1,16,5001,4,1"	
4105	1	1	"1,16,5001,4,1"	
4106	1	1	"1,16,5001,4,1"	
4107	1	1	"1,16,5001,4,1"	
4108	1	1	"1,16,5001,4,1"	
4109	1	1	"1,16,5001,4,1"	
4110	1	1	"1,16,5001,4,1"	
4111	1	1	"1,16,5001,4,1"	
4112	1	1	"1,16,5001,4,1"	
4113	1	1	"1,16,5001,4,1"	
4114	1	1	"1,16,5001,4,1"	
4115	1	1	"1,16,5001,4,1"	
4116	1	1	"1,16,5001,5,1"	
4117	1	1	"1,16,5001,5,1"	
4118	1	1	"1,16,5001,5,1"	
4119	1	1	"1,16,5001,5,1"	
4120	1	1	"1,16,5001,5,1"	
4121	1	1	"1,16,5001,5,1"	
4122	1	1	"1,16,5001,5,1"	
4123	1	1	"1,16,5001,5,1"	
4124	1	1	"1,16,5001,5,1"	
4125	1	1	"1,16,5001,5,1"	
4126	1	1	"1,16,5001,5,1"	
4127	1	1	"1,16,5001,5,1"	
4128	1	1	"1,16,5001,5,1"	
4129	1	1	"1,16,5001,5,1"	
4130	1	1	"1,16,5001,5,1"	
4131	1	1	"1,16,5001,5,1"	
4132	1	1	"1,16,5001,5,1"	
4133	1	1	"1,16,5001,5,1"	
4134	1	1	"1,16,5001,5,1"	
4135	1	1	"1,16,5001,5,1"	
4136	1	1	"1,16,5001,6,1"	
4137	1	1	"1,16,5001,6,1"	
4138	1	1	"1,16,5001,6,1"	
4139	1	1	"1,16,5001,6,1"	
4140	1	1	"1,16,5001,6,1"	
4141	1	1	"1,16,5001,6,1"	
4142	1	1	"1,16,5001,6,1"	
4143	1	1	"1,16,5001,6,1"	
4144	1	1	"1,16,5001,6,1"	
4145	1	1	"1,16,5001,6,1"	
4146	1	1	"1,16,5001,6,1"	
4147	1	1	"1,16,5001,6,1"	
4148	1	1	"1,16,5001,6,1"	
4149	1	1	"1,16,5001,6,1"	
4150	1	1	"1,16,5001,6,1"	
4151	1	1	"1,16,5001,6,1"	
4152	1	1	"1,16,5001,6,1"	
4153	1	1	"1,16,5001,6,1"	
4154	1	1	"1,16,5001,6,1"	
4155	1	1	"1,16,5001,6,1"	
4156	1	1	"1,16,5001,6,1"	
4157	1	1	"1,16,5001,6,1"	
4158	1	1	"1,16,5001,6,1"	
4159	1	1	"1,16,5001,6,1"	
4160	1	1	"1,16,5001,6,1"	
4161	1	1	"1,16,5002,2,1"	
4162	1	1	"1,16,5002,2,1"	
4163	1	1	"1,16,5002,2,1"	
4164	1	1	"1,16,5002,2,1"	
4165	1	1	"1,16,5002,2,1"	
4166	1	1	"1,16,5002,2,1"	
4167	1	1	"1,16,5002,2,1"	
4168	1	1	"1,16,5002,2,1"	
4169	1	1	"1,16,5002,2,1"	
4170	1	1	"1,16,5002,2,1"	
4171	1	1	"1,16,5002,2,1"	
4172	1	1	"1,16,5002,2,1"	
4173	1	1	"1,16,5002,2,1"	
4174	1	1	"1,16,5002,2,1"	
4175	1	1	"1,16,5002,2,1"	
4176	1	1	"1,16,5002,2,1"	
4177	1	1	"1,16,5002,2,1"	
4178	1	1	"1,16,5002,2,1"	
4179	1	1	"1,16,5002,2,1"	
4180	1	1	"1,16,5002,2,1"	
4181	1	1	"1,16,5002,2,1"	
4182	1	1	"1,16,5002,2,1"	
4183	1	1	"1,16,5002,2,1"	
4184	1	1	"1,16,5002,2,1"	
4185	1	1	"1,16,5002,2,1"	
4186	1	1	"1,16,5002,2,1"	
4187	1	1	"1,16,5002,2,1"	
4188	1	1	"1,16,5002,2,1"	
4189	1	1	"1,16,5002,2,1"	
4190	1	1	"1,16,5002,2,1"	
4191	1	1	"1,16,5002,2,1"	
4192	1	1	"1,16,5002,2,1"	
4193	1	1	"1,16,5002,2,1"	
4194	1	1	"1,16,5002,2,1"	
4195	1	1	"1,16,5002,2,1"	
4196	1	1	"1,16,5002,2,1"	
4197	1	1	"1,16,5002,2,1"	
4198	1	1	"1,16,5002,2,1"	
4199	1	1	"1,16,5002,2,1"	
4200	1	1	"1,16,5002,2,1"	
4201	1	1	"1,16,5002,2,1"	
4202	1	1	"1,16,5002,2,1"	
4203	1	1	"1,16,5002,2,1"	
4204	1	1	"1,16,5002,2,1"	
4205	1	1	"1,16,5002,2,1"	
4206	1	1	"1,16,5002,2,1"	
4207	1	1	"1,16,5002,2,1"	
4208	1	1	"1,16,5002,2,1"	
4209	1	1	"1,16,5002,2,1"	
4210	1	1	"1,16,5002,2,1"	
4211	1	1	"1,16,5002,2,1"	
4212	1	1	"1,16,5002,2,1"	
4213	1	1	"1,16,5002,2,1"	
4214	1	1	"1,16,5002,2,1"	
4215	1	1	"1,16,5002,2,1"	
4216	1	1	"1,16,5002,2,1"	
4217	1	1	"1,16,5002,2,1"	
4218	1	1	"1,16,5002,2,1"	
4219	1	1	"1,16,5002,2,1"	
4220	1	1	"1,16,5002,2,1"	
4221	1	1	"1,16,5002,2,1"	
4222	1	1	"1,16,5002,2,1"	
4223	1	1	"1,16,5002,2,1"	
4224	1	1	"1,16,5002,2,1"	
4225	1	1	"1,16,5002,2,1"	
4226	1	1	"1,16,5002,2,1"	
4227	1	1	"1,16,5002,2,1"	
4228	1	1	"1,16,5002,2,1"	
4229	1	1	"1,16,5002,2,1"	
4230	1	1	"1,16,5002,2,1"	
4231	1	1	"1,16,5002,2,1"	
4232	1	1	"1,16,5002,2,1"	
4233	1	1	"1,16,5002,2,1"	
4234	1	1	"1,16,5002,2,1"	
4235	1	1	"1,16,5002,2,1"	
4236	1	1	"1,16,5002,2,1"	
4237	1	1	"1,16,5002,2,1"	
4238	1	1	"1,16,5002,2,1"	
4239	1	1	"1,16,5002,2,1"	
4240	1	1	"1,16,5002,2,1"	
4241	1	1	"1,16,5002,2,1"	
4242	1	1	"1,16,5002,2,1"	
4243	1	1	"1,16,5002,2,1"	
4244	1	1	"1,16,5002,2,1"	
4245	1	1	"1,16,5002,2,1"	
4246	1	1	"1,16,5002,2,1"	
4247	1	1	"1,16,5002,2,1"	
4248	1	1	"1,16,5002,2,1"	
4249	1	1	"1,16,5002,2,1"	
4250	1	1	"1,16,5002,2,1"	
4251	1	1	"1,16,5002,2,1"	
4252	1	1	"1,16,5002,2,1"	
4253	1	1	"1,16,5002,2,1"	
4254	1	1	"1,16,5002,2,1"	
4255	1	1	"1,16,5002,2,1"	
4256	1	1	"1,16,5002,2,1"	
4257	1	1	"1,16,5002,2,1"	
4258	1	1	"1,16,5002,2,1"	
4259	1	1	"1,16,5002,2,1"	
4260	1	1	"1,16,5002,2,1"	
4261	1	1	"1,16,5002,2,1"	
4262	1	1	"1,16,5002,2,1"	
4263	1	1	"1,16,5002,2,1"	
4264	1	1	"1,16,5002,2,1"	
4265	1	1	"1,16,5002,2,1"	
4266	1	1	"1,16,5002,2,1"	
4267	1	1	"1,16,5002,2,1"	
4268	1	1	"1,16,5002,2,1"	
4269	1	1	"1,16,5002,2,1"	
4270	1	1	"1,16,5002,2,1"	
4271	1	1	"1,16,5002,2,1"	
4272	1	1	"1,16,5002,2,1"	
4273	1	1	"1,16,5002,2,1"	
4274	1	1	"1,16,5002,2,1"	
4275	1	1	"1,16,5002,2,1"	
4276	1	1	"1,16,5002,2,1"	
4277	1	1	"1,16,5002,2,1"	
4278	1	1	"1,16,5002,2,1"	
4279	1	1	"1,16,5002,2,1"	
4280	1	1	"1,16,5002,2,1"	
4281	1	1	"1,16,5003,1,1"	
4282	1	1	"1,16,5003,1,1"	
4283	1	1	"1,16,5003,1,1"	
4284	1	1	"1,16,5003,1,1"	
4285	1	1	"1,16,5003,1,1"	
4286	1	1	"1,16,5003,1,1"	
4287	1	1	"1,16,5003,1,1"	
4288	1	1	"1,16,5003,1,1"	
4289	1	1	"1,16,5003,1,1"	
4290	1	1	"1,16,5003,1,1"	
4291	1	1	"1,16,5003,1,1"	
4292	1	1	"1,16,5003,1,1"	
4293	1	1	"1,16,5003,1,1"	
4294	1	1	"1,16,5003,1,1"	
4295	1	1	"1,16,5003,1,1"	
4296	1	1	"1,16,5003,1,1"	
4297	1	1	"1,16,5003,1,1"	
4298	1	1	"1,16,5003,1,1"	
4299	1	1	"1,16,5003,1,1"	
4300	1	1	"1,16,5003,1,1"	
4301	1	1	"1,16,5003,1,1"	
4302	1	1	"1,16,5003,1,1"	
4303	1	1	"1,16,5003,1,1"	
4304	1	1	"1,16,5003,1,1"	
4305	1	1	"1,16,5003,1,1"	
4306	1	1	"1,16,5003,1,1"	
4307	1	1	"1,16,5003,1,1"	
4308	1	1	"1,16,5003,1,1"	
4309	1	1	"1,16,5003,1,1"	
4310	1	1	"1,16,5003,1,1"	
5000	1	1	"1,16,12001,1,1"	
5001	1	1	"1,16,13006,1,1"	
5002	1	1	"1,16,12001,1,1"	
5003	1	1	"1,16,12013,1,1"	
5004	1	1	"1,16,13006,1,1"	
5005	1	1	"1,16,12001,1,1"	
5006	1	1	"1,16,12019,1,1"	
5007	1	1	"1,16,12013,1,1"	
5008	1	1	"1,16,13006,1,1"	
5009	1	1	"1,16,14001,1,1"	
5010	1	1	"1,16,12019,1,1"	
5011	1	1	"1,16,12013,1,1"	
5012	1	1	"1,16,14008,1,1"	
5013	1	1	"1,16,14001,1,1"	
5014	1	1	"1,16,12019,1,1"	
5015	1	1	"1,16,14015,1,1"	
5016	1	1	"1,16,14008,1,1"	
5017	1	1	"1,16,14001,1,1"	
5018	1	1	"1,16,11001,1,1"	
5019	1	1	"1,16,14015,1,1"	
5020	1	1	"1,16,14008,1,1"	
5021	1	1	"1,16,11002,1,1"	
5022	1	1	"1,16,11001,1,1"	
5023	1	1	"1,16,14015,1,1"	
5024	1	1	"1,16,11003,1,1"	
5025	1	1	"1,16,11002,1,1"	
5026	1	1	"1,16,11001,1,1"	
5027	1	1	"1,16,11004,1,1"	
5028	1	1	"1,16,11003,1,1"	
5029	1	1	"1,16,11002,1,1"	
5030	1	1	"1,16,11005,1,1"	
5031	1	1	"1,16,11004,1,1"	
5032	1	1	"1,16,11003,1,1"	
5033	1	1	"1,16,11006,1,1"	
5034	1	1	"1,16,11005,1,1"	
5035	1	1	"1,16,11004,1,1"	
5036	1	1	"1,16,11007,1,1"	
5037	1	1	"1,16,11006,1,1"	
5038	1	1	"1,16,11005,1,1"	
5039	1	1	"1,16,11008,1,1"	
5040	1	1	"1,16,11007,1,1"	
5041	1	1	"1,16,11006,1,1"	
5042	1	1	"1,16,13002,1,1"	
5043	1	1	"1,16,11008,1,1"	
5044	1	1	"1,16,11007,1,1"	
5045	1	1	"1,16,12007,1,1"	
5046	1	1	"1,16,13002,1,1"	
5047	1	1	"1,16,11008,1,1"	
5048	1	1	"1,16,13014,1,1"	
5049	1	1	"1,16,12007,1,1"	
5050	1	1	"1,16,13002,1,1"	
5051	1	1	"1,16,13020,1,1"	
5052	1	1	"1,16,13014,1,1"	
5053	1	1	"1,16,12007,1,1"	
5054	1	1	"1,16,15002,1,1"	
5055	1	1	"1,16,13020,1,1"	
5056	1	1	"1,16,13014,1,1"	
5057	1	1	"1,16,15009,1,1"	
5058	1	1	"1,16,15002,1,1"	
5059	1	1	"1,16,13020,1,1"	
5060	1	1	"1,16,15016,1,1"	
5061	1	1	"1,16,15009,1,1"	
5062	1	1	"1,16,15002,1,1"	
5063	1	1	"1,16,11009,1,1"	
5064	1	1	"1,16,15016,1,1"	
5065	1	1	"1,16,15009,1,1"	
5066	1	1	"1,16,11010,1,1"	
5067	1	1	"1,16,11009,1,1"	
5068	1	1	"1,16,15016,1,1"	
5069	1	1	"1,16,11011,1,1"	
5070	1	1	"1,16,11010,1,1"	
5071	1	1	"1,16,11009,1,1"	
5072	1	1	"1,16,11012,1,1"	
5073	1	1	"1,16,11011,1,1"	
5074	1	1	"1,16,11010,1,1"	
5075	1	1	"1,16,11013,1,1"	
5076	1	1	"1,16,11012,1,1"	
5077	1	1	"1,16,11011,1,1"	
5078	1	1	"1,16,11014,1,1"	
5079	1	1	"1,16,11013,1,1"	
5080	1	1	"1,16,11012,1,1"	
5081	1	1	"1,16,11015,1,1"	
5082	1	1	"1,16,11014,1,1"	
5083	1	1	"1,16,11013,1,1"	
5084	1	1	"1,16,13003,1,1"	
5085	1	1	"1,16,11015,1,1"	
5086	1	1	"1,16,11014,1,1"	
5087	1	1	"1,16,13008,1,1"	
5088	1	1	"1,16,13003,1,1"	
5089	1	1	"1,16,11015,1,1"	
5090	1	1	"1,16,13015,1,1"	
5091	1	1	"1,16,13008,1,1"	
5092	1	1	"1,16,13003,1,1"	
5093	1	1	"1,16,13021,1,1"	
5094	1	1	"1,16,13015,1,1"	
5095	1	1	"1,16,13008,1,1"	
5096	1	1	"1,16,15003,1,1"	
5097	1	1	"1,16,13021,1,1"	
5098	1	1	"1,16,13015,1,1"	
5099	1	1	"1,16,15010,1,1"	
5100	1	1	"1,16,15003,1,1"	
5101	1	1	"1,16,13021,1,1"	
5102	1	1	"1,16,15017,1,1"	
5103	1	1	"1,16,15010,1,1"	
5104	1	1	"1,16,15003,1,1"	
5105	1	1	"1,16,11016,1,1"	
5106	1	1	"1,16,15017,1,1"	
5107	1	1	"1,16,15010,1,1"	
5108	1	1	"1,16,11017,1,1"	
5109	1	1	"1,16,11016,1,1"	
5110	1	1	"1,16,15017,1,1"	
5111	1	1	"1,16,11018,1,1"	
5112	1	1	"1,16,11017,1,1"	
5113	1	1	"1,16,11016,1,1"	
5114	1	1	"1,16,11019,1,1"	
5115	1	1	"1,16,11018,1,1"	
5116	1	1	"1,16,11017,1,1"	
5117	1	1	"1,16,11020,1,1"	
5118	1	1	"1,16,11019,1,1"	
5119	1	1	"1,16,11018,1,1"	
5120	1	1	"1,16,11021,1,1"	
5121	1	1	"1,16,11020,1,1"	
5122	1	1	"1,16,11019,1,1"	
5123	1	1	"1,16,11022,1,1"	
5124	1	1	"1,16,11021,1,1"	
5125	1	1	"1,16,11020,1,1"	
5126	1	1	"1,16,11023,1,1"	
5127	1	1	"1,16,11022,1,1"	
5128	1	1	"1,16,11021,1,1"	
5129	1	1	"1,16,11024,1,1"	
5130	1	1	"1,16,11023,1,1"	
5131	1	1	"1,16,11022,1,1"	
5132	1	1	"1,16,13004,1,1"	
5133	1	1	"1,16,11024,1,1"	
5134	1	1	"1,16,11023,1,1"	
5135	1	1	"1,16,13009,1,1"	
5136	1	1	"1,16,13004,1,1"	
5137	1	1	"1,16,11024,1,1"	
5138	1	1	"1,16,13016,1,1"	
5139	1	1	"1,16,13009,1,1"	
5140	1	1	"1,16,13004,1,1"	
5141	1	1	"1,16,13022,1,1"	
5142	1	1	"1,16,13016,1,1"	
5143	1	1	"1,16,13009,1,1"	
5144	1	1	"1,16,15004,1,1"	
5145	1	1	"1,16,13022,1,1"	
5146	1	1	"1,16,13016,1,1"	
5147	1	1	"1,16,15011,1,1"	
5148	1	1	"1,16,15004,1,1"	
5149	1	1	"1,16,13022,1,1"	
5150	1	1	"1,16,15018,1,1"	
5151	1	1	"1,16,15011,1,1"	
5152	1	1	"1,16,15004,1,1"	
5153	1	1	"1,16,11025,1,1"	
5154	1	1	"1,16,15018,1,1"	
5155	1	1	"1,16,15011,1,1"	
5156	1	1	"1,16,11026,1,1"	
5157	1	1	"1,16,11025,1,1"	
5158	1	1	"1,16,15018,1,1"	
5159	1	1	"1,16,11027,1,1"	
5160	1	1	"1,16,11026,1,1"	
5161	1	1	"1,16,11025,1,1"	
5162	1	1	"1,16,11028,1,1"	
5163	1	1	"1,16,11027,1,1"	
5164	1	1	"1,16,11026,1,1"	
5165	1	1	"1,16,11029,1,1"	
5166	1	1	"1,16,11028,1,1"	
5167	1	1	"1,16,11027,1,1"	
5168	1	1	"1,16,11030,1,1"	
5169	1	1	"1,16,11029,1,1"	
5170	1	1	"1,16,11028,1,1"	
5171	1	1	"1,16,11031,1,1"	
5172	1	1	"1,16,11030,1,1"	
5173	1	1	"1,16,11029,1,1"	
5174	1	1	"1,16,11032,1,1"	
5175	1	1	"1,16,11031,1,1"	
5176	1	1	"1,16,11030,1,1"	
5177	1	1	"1,16,15005,1,1"	
5178	1	1	"1,16,11032,1,1"	
5179	1	1	"1,16,11031,1,1"	
5180	1	1	"1,16,15012,1,1"	
5181	1	1	"1,16,15005,1,1"	
5182	1	1	"1,16,11032,1,1"	
5183	1	1	"1,16,15019,1,1"	
5184	1	1	"1,16,15012,1,1"	
5185	1	1	"1,16,15005,1,1"	
5186	1	1	"1,16,11033,1,1"	
5187	1	1	"1,16,15019,1,1"	
5188	1	1	"1,16,15012,1,1"	
5189	1	1	"1,16,11034,1,1"	
5190	1	1	"1,16,11033,1,1"	
5191	1	1	"1,16,15019,1,1"	
5192	1	1	"1,16,11035,1,1"	
5193	1	1	"1,16,11034,1,1"	
5194	1	1	"1,16,11033,1,1"	
5195	1	1	"1,16,11036,1,1"	
5196	1	1	"1,16,11035,1,1"	
5197	1	1	"1,16,11034,1,1"	
5198	1	1	"1,16,11037,1,1"	
5199	1	1	"1,16,11036,1,1"	
5200	1	1	"1,16,11035,1,1"	
5201	1	1	"1,16,11038,1,1"	
5202	1	1	"1,16,11037,1,1"	
5203	1	1	"1,16,11036,1,1"	
5204	1	1	"1,16,11039,1,1"	
5205	1	1	"1,16,11038,1,1"	
5206	1	1	"1,16,11037,1,1"	
5207	1	1	"1,16,11040,1,1"	
5208	1	1	"1,16,11039,1,1"	
5209	1	1	"1,16,11038,1,1"	
5210	1	1	"1,16,11040,1,1"	
5211	1	1	"1,16,11039,1,1"	
5212	1	1	"1,16,11040,1,1"	
6000	1	1	"1,16,14008,1,1"	
6001	1	1	"1,16,12007,1,1"	
6002	1	1	"1,16,12013,1,1"	
6003	1	1	"1,16,14001,1,1"	
6004	1	1	"1,16,12007,1,1"	
6005	1	1	"1,16,12019,1,1"	
6006	1	1	"1,16,14001,1,1"	
6007	1	1	"1,16,12007,1,1"	
6008	1	1	"1,16,12013,1,1"	
6009	1	1	"1,16,14001,1,1"	
6010	1	1	"1,16,14008,1,1"	
6011	1	1	"1,16,12019,1,1"	
6012	1	1	"1,16,12019,1,1"	
6013	1	1	"1,16,14015,1,1"	
6014	1	1	"1,16,15009,1,1"	
6015	1	1	"1,16,15002,2,1"	
6016	1	1	"1,16,15002,2,1"	
6017	1	1	"1,16,12001,1,1"	
6018	1	1	"1,16,12019,1,1"	
6019	1	1	"1,16,15016,1,1"	
6020	1	1	"1,16,12007,1,1"	
6021	1	1	"1,16,13002,1,1"	
6022	1	1	"1,16,13008,1,1"	
6023	1	1	"1,16,15016,1,1"	
6024	1	1	"1,16,13002,1,1"	
6025	1	1	"1,16,13014,2,1"	
6026	1	1	"1,16,15002,2,1"	
6027	1	1	"1,16,13008,1,1"	
6028	1	1	"1,16,13008,1,1"	
6029	1	1	"1,16,15002,2,1"	
6030	1	1	"1,16,13002,1,1"	
6031	1	1	"1,16,13002,1,1"	
6032	1	1	"1,16,13008,1,1"	
6033	1	1	"1,16,13002,1,1"	
6034	1	1	"1,16,15003,3,1"	
6035	1	1	"1,16,15016,1,1"	
6036	1	1	"1,16,15003,3,1"	
6037	1	1	"1,16,13020,2,1"	
6038	1	1	"1,16,13002,1,1"	
6039	1	1	"1,16,13003,2,1"	
6040	1	1	"1,16,13021,2,1"	
6041	1	1	"1,16,13009,2,1"	
6042	1	1	"1,16,15010,2,1"	
6043	1	1	"1,16,13021,2,1"	
6044	1	1	"1,16,13003,2,1"	
6045	1	1	"1,16,13009,2,1"	
6046	1	1	"1,16,13015,2,1"	
6047	1	1	"1,16,13003,2,1"	
6048	1	1	"1,16,13015,2,1"	
6049	1	1	"1,16,13021,2,1"	
6050	1	1	"1,16,13009,2,1"	
6051	1	1	"1,16,13003,2,1"	
6052	1	1	"1,16,13015,2,1"	
6053	1	1	"1,16,13021,2,1"	
6054	1	1	"1,16,13009,2,1"	
6055	1	1	"1,16,13009,2,1"	
6056	1	1	"1,16,13003,2,1"	
6057	1	1	"1,16,13015,2,1"	
6058	1	1	"1,16,13021,2,1"	
6059	1	1	"1,16,13009,2,1"	
6060	1	1	"1,16,13003,2,1"	
6061	1	1	"1,16,13015,2,1"	
6062	1	1	"1,16,13021,2,1"	
6063	1	1	"1,16,13009,2,1"	
6064	1	1	"1,16,13009,2,1"	
6065	1	1	"1,16,13004,3,1"	
6066	1	1	"1,16,13016,2,1"	
6067	1	1	"1,16,13022,3,1"	
6068	1	1	"1,16,13010,3,1"	
6069	1	1	"1,16,13016,2,1"	
6070	1	1	"1,16,13004,3,1"	
6071	1	1	"1,16,13010,3,1"	
6072	1	1	"1,16,15011,2,1"	
6073	1	1	"1,16,15018,3,1"	
6074	1	1	"1,16,13004,3,1"	
6075	1	1	"1,16,13016,2,1"	
6076	1	1	"1,16,13022,3,1"	
6077	1	1	"1,16,13010,3,1"	
6078	1	1	"1,16,13016,2,1"	
6079	1	1	"1,16,13004,3,1"	
6080	1	1	"1,16,13010,3,1"	
6081	1	1	"1,16,15011,2,1"	
6082	1	1	"1,16,15018,3,1"	
6083	1	1	"1,16,13004,3,1"	
6084	1	1	"1,16,15018,3,1"	
6085	1	1	"1,16,13010,3,1"	
6086	1	1	"1,16,13022,3,1"	
6087	1	1	"1,16,13010,3,1"	
6088	1	1	"1,16,13004,3,1"	
6089	1	1	"1,16,13016,2,1"	
6090	1	1	"1,16,13010,3,1"	
6091	1	1	"1,16,15012,6,1"	
6092	1	1	"1,16,13017,4,1"	
6093	1	1	"1,16,13005,4,1"	
6094	1	1	"1,16,15005,6,1"	
6095	1	1	"1,16,13023,5,1"	
6096	1	1	"1,16,13005,4,1"	
6097	1	1	"1,16,13017,4,1"	
6098	1	1	"1,16,13011,4,1"	
6099	1	1	"1,16,13023,5,1"	
6100	1	1	"1,16,13011,4,1"	
6101	1	1	"1,16,13005,4,1"	
6102	1	1	"1,16,15013,3,1"	
6103	1	1	"1,16,13023,5,1"	
6104	1	1	"1,16,13011,4,1"	
6105	1	1	"1,16,15013,3,1"	
6106	1	1	"1,16,15019,4,1"	
6107	1	1	"1,16,13005,4,1"	
6108	1	1	"1,16,13017,4,1"	
6109	1	1	"1,16,15019,4,1"	
6110	1	1	"1,16,13005,4,1"	
6111	1	1	"1,16,15013,3,1"	
6112	1	1	"1,16,13023,5,1"	
6113	1	1	"1,16,13011,4,1"	
6114	1	1	"1,16,15013,3,1"	
6115	1	1	"1,16,15019,4,1"	
6116	1	1	"1,16,13005,4,1"	
6117	1	1	"1,16,13017,4,1"	
6118	1	1	"1,16,15019,4,1"	
6119	1	1	"1,16,13006,5,1"	
6120	1	1	"1,16,15013,3,1"	
6121	1	1	"1,16,13024,6,1"	
6122	1	1	"1,16,15006,3,1"	
6123	1	1	"1,16,15020,5,1"	
6124	1	1	"1,16,15013,3,1"	
6125	1	1	"1,16,13012,6,1"	
6126	1	1	"1,16,15013,3,1"	
6127	1	1	"1,16,15020,5,1"	
6128	1	1	"1,16,13006,5,1"	
6129	1	1	"1,16,15013,3,1"	
6130	1	1	"1,16,13024,6,1"	
6131	1	1	"1,16,15006,3,1"	
6132	1	1	"1,16,15020,5,1"	
6133	1	1	"1,16,15013,3,1"	
6134	1	1	"1,16,13012,6,1"	
6135	1	1	"1,16,15013,3,1"	
6136	1	1	"1,16,15020,5,1"	
6137	1	1	"1,16,13006,5,1"	
6138	1	1	"1,16,15014,12,1"	
6139	1	1	"1,16,15021,12,1"	
6140	1	1	"1,16,13018,4,1"	
6141	1	1	"1,16,13024,6,1"	
6142	1	1	"1,16,13012,6,1"	
6143	1	1	"1,16,13006,5,1"	
6144	1	1	"1,16,13012,6,1"	
6145	1	1	"1,16,13018,4,1"	
6146	1	1	"1,16,13022,1,1"	
6147	1	1	"1,16,15018,1,1"	
6148	1	1	"1,16,15011,1,1"	
6149	1	1	"1,16,13004,1,1"	
6150	1	1	"1,16,11025,1,1"	
6151	1	1	"1,16,15018,1,1"	
6152	1	1	"1,16,15011,1,1"	
6153	1	1	"1,16,11026,1,1"	
6154	1	1	"1,16,11026,1,1"	
6155	1	1	"1,16,15018,1,1"	
6156	1	1	"1,16,11027,1,1"	
6157	1	1	"1,16,11026,1,1"	
6158	1	1	"1,16,11025,1,1"	
6159	1	1	"1,16,11028,1,1"	
6160	1	1	"1,16,11027,1,1"	
6161	1	1	"1,16,11026,1,1"	
6162	1	1	"1,16,11029,1,1"	
6163	1	1	"1,16,11028,1,1"	
6164	1	1	"1,16,11031,1,1"	
6165	1	1	"1,16,11030,1,1"	
6166	1	1	"1,16,11029,1,1"	
6167	1	1	"1,16,11028,1,1"	
6168	1	1	"1,16,11031,1,1"	
6169	1	1	"1,16,11030,1,1"	
6170	1	1	"1,16,11029,1,1"	
6171	1	1	"1,16,11032,1,1"	
6172	1	1	"1,16,11031,1,1"	
6173	1	1	"1,16,11030,1,1"	
6174	1	1	"1,16,15012,1,1"	
6175	1	1	"1,16,11032,1,1"	
6176	1	1	"1,16,11031,1,1"	
6177	1	1	"1,16,15012,1,1"	
6178	1	1	"1,16,15005,1,1"	
6179	1	1	"1,16,11029,1,1"	
6180	1	1	"1,16,15019,1,1"	
6181	1	1	"1,16,15012,1,1"	
6182	1	1	"1,16,15005,1,1"	
6183	1	1	"1,16,11033,1,1"	
6184	1	1	"1,16,11034,1,1"	
6185	1	1	"1,16,15012,1,1"	
6186	1	1	"1,16,11034,1,1"	
6187	1	1	"1,16,11033,1,1"	
6188	1	1	"1,16,15019,1,1"	
6189	1	1	"1,16,11036,1,1"	
6190	1	1	"1,16,11034,1,1"	
6191	1	1	"1,16,11033,1,1"	
6192	1	1	"1,16,11036,1,1"	
6193	1	1	"1,16,11035,1,1"	
6194	1	1	"1,16,11039,1,1"	
6195	1	1	"1,16,11037,1,1"	
6196	1	1	"1,16,11036,1,1"	
6197	1	1	"1,16,11035,1,1"	
6198	1	1	"1,16,11038,1,1"	
6199	1	1	"1,16,11038,1,1"	
6200	1	1	"1,16,11036,1,1"	
6201	1	1	"1,16,11039,1,1"	
6202	1	1	"1,16,11038,1,1"	
6203	1	1	"1,16,11037,1,1"	
6204	1	1	"1,16,11035,1,1"	
6205	1	1	"1,16,11039,1,1"	
6206	1	1	"1,16,11038,1,1"	
6207	1	1	"1,16,11040,1,1"	
6208	1	1	"1,16,11039,1,1"	
6209	1	1	"1,16,11040,1,1"	
6210	1	1	"1,16,15020,1,1"	
6211	1	1	"1,16,15013,1,1"	
6212	1	1	"1,16,15006,1,1"	
6213	1	1	"1,16,11037,1,1"	
6214	1	1	"1,16,11038,1,1"	
6215	1	1	"1,16,15013,1,1"	
6216	1	1	"1,16,11038,1,1"	
6217	1	1	"1,16,11037,1,1"	
6218	1	1	"1,16,15020,1,1"	
6219	1	1	"1,16,11040,1,1"	
6220	1	1	"1,16,11038,1,1"	
6221	1	1	"1,16,11037,1,1"	
6222	1	1	"1,16,11040,1,1"	
6223	1	1	"1,16,11039,1,1"	
6224	1	1	"1,16,11043,1,1"	
6225	1	1	"1,16,11041,1,1"	
6226	1	1	"1,16,11040,1,1"	
6227	1	1	"1,16,11039,1,1"	
6228	1	1	"1,16,11042,1,1"	
6229	1	1	"1,16,11042,1,1"	
6230	1	1	"1,16,11040,1,1"	
6231	1	1	"1,16,11043,1,1"	
6232	1	1	"1,16,11042,1,1"	
6233	1	1	"1,16,11041,1,1"	
6234	1	1	"1,16,11039,1,1"	
6235	1	1	"1,16,11043,1,1"	
6236	1	1	"1,16,11042,1,1"	
6237	1	1	"1,16,11044,1,1"	
6238	1	1	"1,16,11043,1,1"	
6239	1	1	"1,16,11044,1,1"	
7000	1	1	"1,16,12001,1,1"	
7001	1	1	"1,16,12019,1,1"	
7002	1	1	"1,16,14015,1,1"	
7003	1	1	"1,16,12001,1,1"	
7004	1	1	"1,16,14015,1,1"	
7005	1	1	"1,16,14008,1,1"	
7006	1	1	"1,16,12013,1,1"	
7007	1	1	"1,16,12001,1,1"	
7008	1	1	"1,16,12019,1,1"	
7009	1	1	"1,16,14015,1,1"	
7010	1	1	"1,16,12001,1,1"	
7011	1	1	"1,16,12013,1,1"	
7012	1	1	"1,16,12007,1,1"	
7013	1	1	"1,16,15016,1,1"	
7014	1	1	"1,16,12001,1,1"	
7015	1	1	"1,16,12013,1,1"	
7016	1	1	"1,16,12007,1,1"	
7017	1	1	"1,16,15009,1,1"	
7018	1	1	"1,16,14015,1,1"	
7019	1	1	"1,16,12013,1,1"	
7020	1	1	"1,16,15009,1,1"	
7021	1	1	"1,16,15002,2,1"	
7022	1	1	"1,16,15009,1,1"	
7023	1	1	"1,16,13014,2,1"	
7024	1	1	"1,16,15009,1,1"	
7025	1	1	"1,16,15016,1,1"	
7026	1	1	"1,16,13020,2,1"	
7027	1	1	"1,16,13020,2,1"	
7028	1	1	"1,16,15009,1,1"	
7029	1	1	"1,16,13014,2,1"	
7030	1	1	"1,16,15016,1,1"	
7031	1	1	"1,16,15002,2,1"	
7032	1	1	"1,16,15009,1,1"	
7033	1	1	"1,16,13020,2,1"	
7034	1	1	"1,16,13008,1,1"	
7035	1	1	"1,16,13014,2,1"	
7036	1	1	"1,16,13008,1,1"	
7037	1	1	"1,16,15010,2,1"	
7038	1	1	"1,16,15010,2,1"	
7039	1	1	"1,16,13015,2,1"	
7040	1	1	"1,16,15003,3,1"	
7041	1	1	"1,16,15017,2,1"	
7042	1	1	"1,16,13015,2,1"	
7043	1	1	"1,16,15003,3,1"	
7044	1	1	"1,16,15010,2,1"	
7045	1	1	"1,16,15017,2,1"	
7046	1	1	"1,16,15010,2,1"	
7047	1	1	"1,16,15004,2,1"	
7048	1	1	"1,16,15017,2,1"	
7049	1	1	"1,16,15011,2,1"	
7050	1	1	"1,16,15004,2,1"	
7051	1	1	"1,16,15011,2,1"	
7052	1	1	"1,16,15017,2,1"	
7053	1	1	"1,16,15004,2,1"	
7054	1	1	"1,16,15011,2,1"	
7055	1	1	"1,16,15011,2,1"	
7056	1	1	"1,16,15004,2,1"	
7057	1	1	"1,16,15017,2,1"	
7058	1	1	"1,16,15011,2,1"	
7059	1	1	"1,16,15004,2,1"	
7060	1	1	"1,16,15011,2,1"	
7061	1	1	"1,16,15017,2,1"	
7062	1	1	"1,16,15004,2,1"	
7063	1	1	"1,16,15011,2,1"	
7064	1	1	"1,16,15011,2,1"	
7065	1	1	"1,16,15004,2,1"	
7066	1	1	"1,16,15018,3,1"	
7067	1	1	"1,16,15011,2,1"	
7068	1	1	"1,16,15004,2,1"	
7069	1	1	"1,16,15011,2,1"	
7070	1	1	"1,16,15018,3,1"	
7071	1	1	"1,16,15004,2,1"	
7072	1	1	"1,16,13022,3,1"	
7073	1	1	"1,16,13016,2,1"	
7074	1	1	"1,16,15004,2,1"	
7075	1	1	"1,16,15018,3,1"	
7076	1	1	"1,16,15011,2,1"	
7077	1	1	"1,16,15004,2,1"	
7078	1	1	"1,16,15011,2,1"	
7079	1	1	"1,16,15018,3,1"	
7080	1	1	"1,16,15004,2,1"	
7081	1	1	"1,16,13022,3,1"	
7082	1	1	"1,16,13016,2,1"	
7083	1	1	"1,16,15005,6,1"	
7084	1	1	"1,16,13016,2,1"	
7085	1	1	"1,16,15012,6,1"	
7086	1	1	"1,16,13022,3,1"	
7087	1	1	"1,16,15005,6,1"	
7088	1	1	"1,16,15012,6,1"	
7089	1	1	"1,16,15018,3,1"	
7090	1	1	"1,16,15005,6,1"	
7091	1	1	"1,16,13016,2,1"	
7092	1	1	"1,16,15012,6,1"	
7093	1	1	"1,16,15019,4,1"	
7094	1	1	"1,16,13011,4,1"	
7095	1	1	"1,16,15005,6,1"	
7096	1	1	"1,16,15012,6,1"	
7097	1	1	"1,16,15019,4,1"	
7098	1	1	"1,16,15005,6,1"	
7099	1	1	"1,16,15019,4,1"	
7100	1	1	"1,16,15012,6,1"	
7101	1	1	"1,16,15006,3,1"	
7102	1	1	"1,16,13017,4,1"	
7103	1	1	"1,16,15019,4,1"	
7104	1	1	"1,16,15006,3,1"	
7105	1	1	"1,16,13023,5,1"	
7106	1	1	"1,16,13011,4,1"	
7107	1	1	"1,16,15006,3,1"	
7108	1	1	"1,16,15013,3,1"	
7109	1	1	"1,16,13017,4,1"	
7110	1	1	"1,16,15006,3,1"	
7111	1	1	"1,16,13017,4,1"	
7112	1	1	"1,16,15019,4,1"	
7113	1	1	"1,16,15006,3,1"	
7114	1	1	"1,16,13023,5,1"	
7115	1	1	"1,16,13011,4,1"	
7116	1	1	"1,16,15006,3,1"	
7117	1	1	"1,16,15013,3,1"	
7118	1	1	"1,16,13017,4,1"	
7119	1	1	"1,16,15020,5,1"	
7120	1	1	"1,16,13012,6,1"	
7121	1	1	"1,16,15006,3,1"	
7122	1	1	"1,16,13018,4,1"	
7123	1	1	"1,16,13006,5,1"	
7124	1	1	"1,16,13018,4,1"	
7125	1	1	"1,16,15006,3,1"	
7126	1	1	"1,16,13024,6,1"	
7127	1	1	"1,16,13018,4,1"	
7128	1	1	"1,16,15020,5,1"	
7129	1	1	"1,16,13012,6,1"	
7130	1	1	"1,16,15006,3,1"	
7131	1	1	"1,16,13018,4,1"	
7132	1	1	"1,16,13006,5,1"	
7133	1	1	"1,16,13018,4,1"	
7134	1	1	"1,16,15006,3,1"	
7135	1	1	"1,16,13024,6,1"	
7136	1	1	"1,16,13018,4,1"	
7137	1	1	"1,16,15007,12,1"	
7138	1	1	"1,16,13018,4,1"	
7139	1	1	"1,16,13024,6,1"	
7140	1	1	"1,16,15007,12,1"	
7141	1	1	"1,16,15014,12,1"	
7142	1	1	"1,16,15021,12,1"	
7143	1	1	"1,16,15014,12,1"	
7144	1	1	"1,16,15021,12,1"	
7145	1	1	"1,16,15007,12,1"	
7146	1	1	"1,16,15004,1,1"	
7147	1	1	"1,16,11025,1,1"	
7148	1	1	"1,16,15018,1,1"	
7149	1	1	"1,16,11028,1,1"	
7150	1	1	"1,16,11026,1,1"	
7151	1	1	"1,16,11025,1,1"	
7152	1	1	"1,16,11026,1,1"	
7153	1	1	"1,16,11027,1,1"	
7154	1	1	"1,16,11027,1,1"	
7155	1	1	"1,16,11025,1,1"	
7156	1	1	"1,16,11028,1,1"	
7157	1	1	"1,16,11027,1,1"	
7158	1	1	"1,16,11026,1,1"	
7159	1	1	"1,16,11029,1,1"	
7160	1	1	"1,16,11028,1,1"	
7161	1	1	"1,16,11027,1,1"	
7162	1	1	"1,16,11029,1,1"	
7163	1	1	"1,16,11029,1,1"	
7164	1	1	"1,16,11030,1,1"	
7165	1	1	"1,16,11031,1,1"	
7166	1	1	"1,16,11030,1,1"	
7167	1	1	"1,16,15005,1,1"	
7168	1	1	"1,16,11032,1,1"	
7169	1	1	"1,16,11031,1,1"	
7170	1	1	"1,16,11030,1,1"	
7171	1	1	"1,16,15005,1,1"	
7172	1	1	"1,16,11032,1,1"	
7173	1	1	"1,16,11031,1,1"	
7174	1	1	"1,16,15012,1,1"	
7175	1	1	"1,16,15005,1,1"	
7176	1	1	"1,16,11032,1,1"	
7177	1	1	"1,16,15019,1,1"	
7178	1	1	"1,16,15012,1,1"	
7179	1	1	"1,16,11034,1,1"	
7180	1	1	"1,16,11033,1,1"	
7181	1	1	"1,16,15019,1,1"	
7182	1	1	"1,16,11035,1,1"	
7183	1	1	"1,16,11034,1,1"	
7184	1	1	"1,16,11033,1,1"	
7185	1	1	"1,16,15019,1,1"	
7186	1	1	"1,16,11035,1,1"	
7187	1	1	"1,16,11034,1,1"	
7188	1	1	"1,16,11033,1,1"	
7189	1	1	"1,16,11036,1,1"	
7190	1	1	"1,16,11035,1,1"	
7191	1	1	"1,16,11034,1,1"	
7192	1	1	"1,16,11037,1,1"	
7193	1	1	"1,16,11036,1,1"	
7194	1	1	"1,16,11039,1,1"	
7195	1	1	"1,16,11038,1,1"	
7196	1	1	"1,16,11037,1,1"	
7197	1	1	"1,16,11040,1,1"	
7198	1	1	"1,16,11039,1,1"	
7199	1	1	"1,16,11038,1,1"	
7200	1	1	"1,16,11037,1,1"	
7201	1	1	"1,16,11040,1,1"	
7202	1	1	"1,16,11039,1,1"	
7203	1	1	"1,16,11038,1,1"	
7204	1	1	"1,16,11040,1,1"	
7205	1	1	"1,16,11039,1,1"	
7206	1	1	"1,16,11040,1,1"	
7207	1	1	"1,16,11038,1,1"	
7208	1	1	"1,16,11039,1,1"	
7209	1	1	"1,16,11037,1,1"	
7210	1	1	"1,16,11037,1,1"	
7211	1	1	"1,16,15021,1,1"	
7212	1	1	"1,16,11039,1,1"	
7213	1	1	"1,16,11038,1,1"	
7214	1	1	"1,16,11037,1,1"	
7215	1	1	"1,16,15021,1,1"	
7216	1	1	"1,16,11039,1,1"	
7217	1	1	"1,16,11038,1,1"	
7218	1	1	"1,16,11037,1,1"	
7219	1	1	"1,16,11040,1,1"	
7220	1	1	"1,16,11039,1,1"	
7221	1	1	"1,16,11038,1,1"	
7222	1	1	"1,16,11041,1,1"	
7223	1	1	"1,16,11040,1,1"	
7224	1	1	"1,16,11043,1,1"	
7225	1	1	"1,16,11042,1,1"	
7226	1	1	"1,16,11041,1,1"	
7227	1	1	"1,16,11044,1,1"	
7228	1	1	"1,16,11043,1,1"	
7229	1	1	"1,16,11042,1,1"	
7230	1	1	"1,16,11041,1,1"	
7231	1	1	"1,16,11044,1,1"	
7232	1	1	"1,16,11043,1,1"	
7233	1	1	"1,16,11042,1,1"	
7234	1	1	"1,16,11044,1,1"	
7235	1	1	"1,16,11043,1,1"	
7236	1	1	"1,16,11044,1,1"	
7237	1	1	"1,16,11042,1,1"	
7238	1	1	"1,16,11043,1,1"	
7239	1	1	"1,16,11041,1,1"	
8000	0	1	"1,1,102,1,1|1,1,103,1,1|1,1,104,1,1|1,1,105,1,1|1,1,105,1,1|1,1,105,1,1|1,1,102,1,1|1,1,102,1,1|1,1,105,1,1|1,1,105,1,1|1,1,105,1,1|1,1,105,1,1"	
8001	1	1	"1,1,102,1,1|1,1,105,1,1|1,1,102,1,1|1,1,105,1,1|1,1,102,1,1|1,1,103,1,1|1,1,104,1,1|1,1,105,1,1|1,1,102,1,1|1,1,102,1,1|1,1,102,1,1"	
8002	0	1	"6,1,5001,1,1|1,1,138,1,1|3,1,6000,1,1"	
8003	1	1	"6,1,158,1,1|3,1,159,1,1|1,1,160,1,1"	
8004	1	1	"2,1,163,1,1|8,1,5000,1,1"	
8005	1	1	"1,1,164,1,1|19,1,5000,1,1"	夏日礼包关卡掉率（1/20）
8006	1	1	"6,1,170,1,1|3,1,171,1,1|1,1,172,1,1"	
8101	1	1		
8102	1	1		
8103	1	1		
8104	1	1		
8201	1	1	"1,1,45013,1,1|1,1,45049,1,1|1,1,45061,1,1|1,1,45109,1,1|1,1,45133,1,1|1,1,45157,1,1|1,1,45169,1,1|1,1,45181,1,1|1,1,45193,1,1|1,1,45205,1,1|1,1,45217,1,1|1,1,45229,1,1|1,1,45265,1,1|1,1,45314,1,1|1,1,45302,1,1|1,1,45326,1,1|1,1,45338,1,1|"	随机橙色拼图
8202	1	1	"1,16,94,10000,1"	
8203	1	1	"23,1,45013,3,1|23,1,45049,3,1|23,1,45061,3,1|23,1,45109,3,1|23,1,45133,3,1|23,1,45157,3,1|23,1,45169,3,1|23,1,45181,3,1|23,1,45193,3,1|23,1,45205,3,1|23,1,45217,3,1|23,1,45229,3,1|23,1,45265,3,1|23,1,45314,3,1|23,1,45302,3,1|23,1,45326,3,1|23,1,45338,3,1|54,1,45001,3,1|54,1,45025,3,1|54,1,45037,3,1|54,1,45073,3,1|54,1,45085,3,1|54,1,45097,3,1|54,1,45121,3,1|54,1,45145,3,1|54,1,45241,3,1|54,1,45253,3,1|54,1,45277,3,1|81,1,45001,2,1|81,1,45025,2,1|81,1,45037,2,1|81,1,45073,2,1|81,1,45085,2,1|81,1,45097,2,1|81,1,45121,2,1|81,1,45145,2,1|81,1,45241,2,1|81,1,45253,2,1|81,1,45277,2,1|200,1,91,200,1|1000,1,91,50,1|500,1,90,200000,1|800,1,94,30000,1|500,1,94,50000,1|200,1,94,100000,1|1100,1,6000,30,1|66,1,16007,1,1|66,1,16008,1,1|66,1,16009,1,1|66,1,16010,1,1|66,1,16011,1,1|66,1,16012,1,1|16,1,16013,1,1|16,1,16014,1,1|16,1,16015,1,1|16,1,160116,1,1|16,1,16017,1,1|16,1,16018,1,1|1100,1,45314,1,1|1100,1,45302,1,1|1100,1,45265,1,1|"	
8204	1	1	"1,1,45001,1,1|1,1,45025,1,1|1,1,45037,1,1|1,1,45073,1,1|1,1,45085,1,1|1,1,45097,1,1|1,1,45121,1,1|1,1,45145,1,1|1,1,45241,1,1|1,1,45253,1,1|1,1,45277,1,1"	随机紫色拼图
8205	1	1	"1,1,16007,1,1|1,1,16008,1,1|1,1,16009,1,1|1,1,16010,1,1|1,1,16011,1,1|1,1,16012,1,1|"	随机蓝色精灵
8206	1	1	"1,1,16013,1,1|1,1,16014,1,1|1,1,16015,1,1|1,1,16016,1,1|1,1,16017,1,1|1,1,16018,1,1|1,1,16019,1,1|1,1,16020,1,1|1,1,16021,1,1|"	随机紫色精灵
71011	1	1	"1,1,60204,25,1"	觉醒药剂
71021	1	1	"1,1,60204,40,1"	觉醒药剂
71031	1	1	"1,1,60204,60,1"	觉醒药剂
71041	1	1	"1,1,60204,90,1"	觉醒药剂
71051	1	1	"1,1,60204,125,1"	觉醒药剂
70011	2	2	"1,16,22001,1,1|1,16,22002,1,1|1,16,22003,1,1|1,16,22001,1,1|1,16,22002,1,1|1,16,22003,1,1|1,16,22001,1,1|1,16,22002,1,1|1,16,22003,1,1|"	花园战斗难度1掉落：2绿
70012	2	2	"1,16,33001,1,1|1,16,33002,1,1|1,16,33003,1,1|1,16,33004,1,1|1,16,33005,1,1|1,16,33006,1,1|1,16,33001,1,1|1,16,33002,1,1|1,16,33003,1,1|1,16,33004,1,1|1,16,33005,1,1|1,16,33006,1,1|1,16,33001,1,1|1,16,33002,1,1|1,16,33003,1,1|1,16,33004,1,1|1,16,33005,1,1|1,16,33006,1,1|"	花园战斗难度1掉落：2蓝（攻防）
70021	4	4	"1,16,33001,1,1|1,16,33002,1,1|1,16,33003,1,1|1,16,33004,1,1|1,16,33005,1,1|1,16,33006,1,1|1,16,33001,1,1|1,16,33002,1,1|1,16,33003,1,1|1,16,33004,1,1|1,16,33005,1,1|1,16,33006,1,1|1,16,33001,1,1|1,16,33002,1,1|1,16,33003,1,1|1,16,33004,1,1|1,16,33005,1,1|1,16,33006,1,1|"	花园战斗难度2掉落：4蓝（攻防）
70031	2	2	"1,16,33001,1,1|1,16,33002,1,1|1,16,33003,1,1|1,16,33004,1,1|1,16,33005,1,1|1,16,33006,1,1|1,16,33001,1,1|1,16,33002,1,1|1,16,33003,1,1|1,16,33004,1,1|1,16,33005,1,1|1,16,33006,1,1|1,16,33001,1,1|1,16,33002,1,1|1,16,33003,1,1|1,16,33004,1,1|1,16,33005,1,1|1,16,33006,1,1|"	花园战斗难度3掉落：2蓝（攻防)
70032	2	2	"1,16,34004,1,1|1,16,34005,1,1|1,16,34006,1,1|1,16,34007,1,1|1,16,34008,1,1|1,16,34009,1,1|1,16,34004,1,1|1,16,34005,1,1|1,16,34006,1,1|1,16,34007,1,1|1,16,34008,1,1|1,16,34009,1,1|1,16,34004,1,1|1,16,34005,1,1|1,16,34006,1,1|1,16,34007,1,1|1,16,34008,1,1|1,16,34009,1,1|"	花园战斗难度3掉落：2紫（防辅）
70041	4	4	"1,16,34001,1,1|1,16,34002,1,1|1,16,34003,1,1|1,16,34004,1,1|1,16,34005,1,1|1,16,34006,1,1|1,16,34007,1,1|1,16,34008,1,1|1,16,34009,1,1|1,16,34001,1,1|1,16,34002,1,1|1,16,34003,1,1|1,16,34004,1,1|1,16,34005,1,1|1,16,34006,1,1|1,16,34007,1,1|1,16,34008,1,1|1,16,34009,1,1|1,16,34001,1,1|1,16,34002,1,1|1,16,34003,1,1|1,16,34004,1,1|1,16,34005,1,1|1,16,34006,1,1|1,16,34007,1,1|1,16,34008,1,1|1,16,34009,1,1|"	花园战斗难度4掉落：4紫（攻防辅）
70051	2	4	"1,16,35001,1,1|1,16,35002,1,1|1,16,35003,1,1|1,16,35004,1,1|1,16,35005,1,1|1,16,35006,1,1|1,16,35007,1,1|1,16,35008,1,1|1,16,35009,1,1|1,16,35001,1,1|1,16,35002,1,1|1,16,35003,1,1|1,16,35004,1,1|1,16,35005,1,1|1,16,35006,1,1|1,16,35007,1,1|1,16,35008,1,1|1,16,35009,1,1|1,16,35001,1,1|1,16,35002,1,1|1,16,35003,1,1|1,16,35004,1,1|1,16,35005,1,1|1,16,35006,1,1|1,16,35007,1,1|1,16,35008,1,1|1,16,35009,1,1|"	花园战斗难度5掉落：6橙（攻防辅）
21301	1	1	"1,1,34001,1,1|1,1,34002,1,1|1,1,34003,1,1|1,1,34004,1,1|1,1,34005,1,1|1,1,34006,1,1|1,1,34007,1,1|1,1,34008,1,1|1,1,34009,1,1"	
21401	1	1	"60,1,45302,3,1|35,1,45302,5,1|4,1,45302,7,1|1,1,45302,10,1|"	
21402	1	1	"60,1,45314,3,1|35,1,45314,5,1|4,1,45314,7,1|1,1,45314,10,1|"	
21403	1	1	"60,1,45326,3,1|35,1,45326,5,1|4,1,45326,7,1|1,1,45326,10,1|"	
21404	1	1	"60,1,45338,3,1|35,1,45338,5,1|4,1,45338,7,1|1,1,45338,10,1|"	
21405	1	1	"60,1,45362,3,1|35,1,45362,5,1|4,1,45362,7,1|1,1,45362,10,1|"	
21406	1	1	"60,1,45350,3,1|35,1,45350,5,1|4,1,45350,7,1|1,1,45350,10,1|"	
21407	1	1	"60,1,45374,3,1|35,1,45374,5,1|4,1,45374,7,1|1,1,45374,10,1|"	
21408	1	1	"60,1,45386,2,1|35,1,45386,3,1|4,1,45386,3,1|1,1,45386,3,1|"	
21421	1	1	"29,1,90,20000,1|26,1,90,40000,1|27,1,90,60000,1|28,1,94,5000,1|29,1,94,10000,1|28,1,94,20000,1|28,1,94,30000,1|27,1,94,30000,1|27,1,94,40000,1|30,1,60204,100,1|65,1,45001,1,1|64,1,45037,1,1|40,1,45025,1,1|39,1,45073,1,1|36,1,45085,1,1|37,1,45097,1,1|64,1,45121,1,1|36,1,45145,1,1|36,1,45241,1,1|66,1,45253,1,1|37,1,45277,1,1|14,1,45013,1,1|18,1,45109,1,1|15,1,45133,1,1|16,1,45157,1,1|17,1,45169,1,1|16,1,45181,1,1|16,1,45193,1,1|14,1,45205,1,1|15,1,45217,1,1|14,1,45229,1,1|15,1,45265,1,1|17,1,45049,1,1|14,1,45061,1,1|"	
21431	1	1	"3,1,90,10000,1|3,1,94,2000,1|3,1,94,2500,1|3,1,22001,1,1|3,1,22002,1,1|3,1,22003,1,1|3,1,60204,10,1|1,1,90,20000,1|1,1,94,2000,1|1,1,94,5000,1|1,1,22001,2,1|1,1,22002,2,1|1,1,22003,2,1|1,1,60204,20,1|1,1,45001,1,1|1,1,45037,1,1|1,1,45121,1,1|1,1,45145,1,1|1,1,45097,1,1|1,1,45253,1,1|1,1,45085,1,1|1,1,45277,1,1|1,1,45241,1,1|1,1,45073,1,1|1,1,45025,1,1|1,1,200,1,1|"	
21432	1	1	"3,1,90,10000,1|3,1,94,2000,1|3,1,94,2500,1|3,1,22001,1,1|3,1,22002,1,1|3,1,22003,1,1|3,1,60204,10,1|1,1,90,20000,1|1,1,94,2000,1|1,1,94,5000,1|1,1,22001,2,1|1,1,22002,2,1|1,1,22003,2,1|1,1,60204,20,1|1,1,45001,1,1|1,1,45037,1,1|1,1,45121,1,1|1,1,45145,1,1|1,1,45097,1,1|1,1,45253,1,1|1,1,45085,1,1|1,1,45277,1,1|1,1,45241,1,1|1,1,45073,1,1|1,1,45025,1,1|1,1,200,1,1|"	
21433	1	1	"2,1,90,20000,1|2,1,94,2000,1|2,1,94,5000,1|2,1,22001,1,1|2,1,22002,1,1|2,1,22003,1,1|2,1,60204,20,1|1,1,90,40000,1|1,1,94,6000,1|1,1,94,10000,1|1,1,22001,2,1|1,1,22002,2,1|1,1,22003,2,1|1,1,60204,40,1|1,1,45013,1,1|1,1,45109,1,1|1,1,45133,1,1|1,1,45157,1,1|1,1,45169,1,1|1,1,45181,1,1|1,1,45193,1,1|1,1,45205,1,1|1,1,45217,1,1|1,1,45229,1,1|1,1,45265,1,1|1,1,45049,1,1|1,1,45061,1,1|1,1,45302,1,1|1,1,45314,1,1|1,1,200,1,1|1,1,33001,1,1|1,1,33002,1,1|1,1,33003,1,1|1,1,33004,1,1|1,1,33005,1,1|1,1,33006,1,1|"	
21434	1	1	"2,1,90,25000,1|2,1,94,3000,1|2,1,94,5000,1|2,1,33001,1,1|2,1,33002,1,1|2,1,33003,1,1|2,1,60204,30,1|1,1,90,50000,1|1,1,94,6000,1|1,1,94,10000,1|1,1,33004,1,1|1,1,33005,1,1|1,1,33006,1,1|1,1,60204,60,1|1,1,45013,1,1|1,1,45109,1,1|1,1,45133,1,1|1,1,45157,1,1|1,1,45169,1,1|1,1,45181,1,1|1,1,45193,1,1|1,1,45205,1,1|1,1,45217,1,1|1,1,45229,1,1|1,1,45265,1,1|1,1,45049,1,1|1,1,45061,1,1|1,1,45302,1,1|1,1,45314,1,1|1,1,200,1,1|1,1,45277,1,1|1,1,45241,1,1|1,1,45073,1,1|1,1,45025,1,1|1,1,45085,1,1|1,1,45001,1,1|1,1,45037,1,1|1,1,45121,1,1|1,1,45145,1,1|1,1,45097,1,1|1,1,45253,1,1|"	
21435	1	1	"2,1,90,25000,1|2,1,94,3000,1|2,1,94,5000,1|2,1,33001,1,1|2,1,33002,1,1|2,1,33003,1,1|2,1,60204,30,1|1,1,90,50000,1|1,1,94,6000,1|1,1,94,10000,1|1,1,33004,1,1|1,1,33005,1,1|1,1,33006,1,1|1,1,60204,60,1|1,1,45013,1,1|1,1,45109,1,1|1,1,45133,1,1|1,1,45157,1,1|1,1,45169,1,1|1,1,45181,1,1|1,1,45193,1,1|1,1,45205,1,1|1,1,45217,1,1|1,1,45229,1,1|1,1,45265,1,1|1,1,45049,1,1|1,1,45061,1,1|1,1,45302,1,1|1,1,45314,1,1|1,1,200,1,1|1,1,33001,2,1|1,1,33002,2,1|1,1,33003,2,1|1,1,33004,2,1|1,1,33005,2,1|1,1,33006,2,1|1,1,200,2,1|"	
21436	1	1	"2,1,90,50000,1|2,1,94,3000,1|2,1,94,7500,1|2,1,33001,2,1|2,1,33002,2,1|2,1,33003,2,1|2,1,60204,40,1|1,1,90,100000,1|1,1,94,6000,1|1,1,94,15000,1|1,1,33004,1,1|1,1,33005,1,1|1,1,33006,1,1|1,1,60204,80,1|1,1,45013,1,1|1,1,45109,1,1|1,1,45133,1,1|1,1,45157,1,1|1,1,45169,1,1|1,1,45181,1,1|1,1,45193,1,1|1,1,45205,1,1|1,1,45217,1,1|1,1,45229,1,1|1,1,45265,1,1|1,1,45049,1,1|1,1,45061,1,1|1,1,45302,1,1|1,1,45314,1,1|1,1,200,1,1|1,1,200,2,1|"	
21437	1	1	"2,1,90,50000,1|2,1,94,3000,1|2,1,94,7500,1|2,1,33001,2,1|2,1,33002,2,1|2,1,33003,2,1|2,1,60204,40,1|1,1,90,100000,1|1,1,94,6000,1|1,1,94,15000,1|1,1,33004,1,1|1,1,33005,1,1|1,1,33006,1,1|1,1,60204,80,1|1,1,45013,1,1|1,1,45109,1,1|1,1,45133,1,1|1,1,45157,1,1|1,1,45169,1,1|1,1,45181,1,1|1,1,45193,1,1|1,1,45205,1,1|1,1,45217,1,1|1,1,45229,1,1|1,1,45265,1,1|1,1,45049,1,1|1,1,45061,1,1|1,1,45302,1,1|1,1,45314,1,1|1,1,200,1,1|1,1,200,2,1|"	
21441	1	1	"39,1,90,20000,1|36,1,90,40000,1|35,1,90,60000,1|38,1,94,5000,1|39,1,94,10000,1|28,1,94,20000,1|8,1,91,50,1|7,1,91,100,1|5,1,91,200,1|30,1,60204,100,1|65,1,45001,1,1|64,1,45037,1,1|40,1,45025,1,1|39,1,45073,1,1|36,1,45085,1,1|37,1,45097,1,1|64,1,45121,1,1|36,1,45145,1,1|36,1,45241,1,1|66,1,45253,1,1|37,1,45277,1,1|14,1,45013,1,1|18,1,45109,1,1|15,1,45133,1,1|16,1,45157,1,1|17,1,45169,1,1|16,1,45181,1,1|16,1,45193,1,1|14,1,45205,1,1|15,1,45217,1,1|14,1,45229,1,1|15,1,45265,1,1|17,1,45049,1,1|14,1,45061,1,1|7,1,45350,1,1|7,1,45362,1,1|"	
31101	1	1	"80000,1,94,10000,1|60000,1,94,15000,1|40000,1,94,20000,1|20000,1,94,30000,1|10000,1,94,50000,1|4800,1,94,100000,1|20000,1,92,25,1|18000,1,92,50,1|16000,1,92,75,1|14000,1,92,100,1|12000,1,92,125,1|10000,1,92,150,1|8000,1,92,200,1|6000,1,92,250,1|4000,1,92,300,1|2000,1,92,350,1|1000,1,92,400,1|500,1,92,500,1|1000,1,200,1,1|1000,1,200,2,1|1000,1,200,3,1|"	
31102	1	1	"80000,1,94,10000,1|60000,1,94,15000,1|40000,1,94,20000,1|20000,1,94,30000,1|10000,1,94,50000,1|4800,1,94,100000,1|"	
31103	1	1	"20000,1,92,25,1|18000,1,92,50,1|16000,1,92,75,1|14000,1,92,100,1|12000,1,92,125,1|10000,1,92,150,1|8000,1,92,200,1|6000,1,92,250,1|4000,1,92,300,1|2000,1,92,350,1|1000,1,92,400,1|500,1,92,500,1|"	
31104	1	1	"33600,1,200,1,1|16800,1,200,2,1|5600,1,200,3,1|"	
31301	1	1	"80000,1,94,10000,1|60000,1,94,15000,1|40000,1,94,20000,1|20000,1,94,30000,1|10000,1,94,50000,1|4800,1,94,100000,1|20000,1,92,25,1|18000,1,92,50,1|16000,1,92,75,1|14000,1,92,100,1|12000,1,92,125,1|10000,1,92,150,1|8000,1,92,200,1|6000,1,92,250,1|4000,1,92,300,1|2000,1,92,350,1|1000,1,92,400,1|500,1,92,500,1|33600,1,200,1,1|16800,1,200,2,1|5600,1,200,3,1|1000,1,45302,3,1|1000,1,45314,3,1|1000,1,45241,3,1|1000,1,45133,3,1|"	
31302	1	1	"20000,1,92,25,1|18000,1,92,50,1|16000,1,92,75,1|14000,1,92,100,1|12000,1,92,125,1|10000,1,92,150,1|8000,1,92,200,1|6000,1,92,250,1|4000,1,92,300,1|2000,1,92,350,1|1000,1,92,400,1|500,1,92,500,1|"	
31303	1	1	"33600,1,200,1,1|16800,1,200,2,1|5600,1,200,3,1|"	
31304	1	1	"7000,1,45302,3,1|7000,1,45314,3,1|7000,1,45241,3,1|7000,1,45133,3,1|"	
31501	1	1	"80000,1,94,10000,1|60000,1,94,15000,1|40000,1,94,20000,1|20000,1,94,30000,1|10000,1,94,50000,1|4800,1,94,100000,1|20000,1,92,25,1|18000,1,92,50,1|16000,1,92,75,1|14000,1,92,100,1|12000,1,92,125,1|10000,1,92,150,1|8000,1,92,200,1|6000,1,92,250,1|4000,1,92,300,1|2000,1,92,350,1|1000,1,92,400,1|500,1,92,500,1|33600,1,200,1,1|16800,1,200,2,1|5600,1,200,3,1|7000,1,45302,3,1|7000,1,45314,3,1|7000,1,45241,3,1|7000,1,45133,3,1|"	
31502	1	1	"20000,1,92,25,1|18000,1,92,50,1|16000,1,92,75,1|14000,1,92,100,1|12000,1,92,125,1|10000,1,92,150,1|8000,1,92,200,1|6000,1,92,250,1|4000,1,92,300,1|2000,1,92,350,1|1000,1,92,400,1|500,1,92,500,1|"	
31503	1	1	"33600,1,200,1,1|16800,1,200,2,1|5600,1,200,3,1|"	
31504	1	1	"7000,1,45302,3,1|7000,1,45314,3,1|7000,1,45241,3,1|7000,1,45133,3,1|"	
31701	1	1	"80000,1,94,10000,1|60000,1,94,15000,1|40000,1,94,20000,1|20000,1,94,30000,1|10000,1,94,50000,1|4800,1,94,100000,1|20000,1,92,25,1|18000,1,92,50,1|16000,1,92,75,1|14000,1,92,100,1|12000,1,92,125,1|10000,1,92,150,1|8000,1,92,200,1|6000,1,92,250,1|4000,1,92,300,1|2000,1,92,350,1|1000,1,92,400,1|500,1,92,500,1|33600,1,200,1,1|16800,1,200,2,1|5600,1,200,3,1|7000,1,45302,3,1|7000,1,45314,3,1|7000,1,45241,3,1|7000,1,45133,3,1|"	
31702	1	1	"20000,1,92,25,1|18000,1,92,50,1|16000,1,92,75,1|14000,1,92,100,1|12000,1,92,125,1|10000,1,92,150,1|8000,1,92,200,1|6000,1,92,250,1|4000,1,92,300,1|2000,1,92,350,1|1000,1,92,400,1|500,1,92,500,1|"	
31703	1	1	"33600,1,200,1,1|16800,1,200,2,1|5600,1,200,3,1|"	
31704	1	1	"7000,1,45302,3,1|7000,1,45314,3,1|7000,1,45241,3,1|7000,1,45133,3,1|"	
32041	1	1	"80000,1,90,10000,1|60000,1,90,15000,1|40000,1,90,20000,1|20000,1,90,30000,1|10000,1,90,50000,1|4800,1,90,100000,1|20000,1,95,25,1|18000,1,95,50,1|16000,1,95,75,1|14000,1,95,100,1|12000,1,95,125,1|10000,1,95,150,1|8000,1,95,200,1|6000,1,95,250,1|4000,1,95,300,1|2000,1,95,350,1|1000,1,95,400,1|500,1,95,500,1|1000,1,200,1,1|1000,1,200,2,1|1000,1,200,3,1|"	
32042	1	1	"80000,1,90,10000,1|60000,1,90,15000,1|40000,1,90,20000,1|20000,1,90,30000,1|10000,1,90,50000,1|4800,1,90,100000,1|"	
32043	1	1	"20000,1,95,25,1|18000,1,95,50,1|16000,1,95,75,1|14000,1,95,100,1|12000,1,95,125,1|10000,1,95,150,1|8000,1,95,200,1|6000,1,95,250,1|4000,1,95,300,1|2000,1,95,350,1|1000,1,95,400,1|500,1,95,500,1|"	
32044	1	1	"33600,1,200,1,1|16800,1,200,2,1|5600,1,200,3,1|"	
32081	1	1	"80000,1,90,10000,1|60000,1,90,15000,1|40000,1,90,20000,1|20000,1,90,30000,1|10000,1,90,50000,1|4800,1,90,100000,1|20000,1,95,25,1|18000,1,95,50,1|16000,1,95,75,1|14000,1,95,100,1|12000,1,95,125,1|10000,1,95,150,1|8000,1,95,200,1|6000,1,95,250,1|4000,1,95,300,1|2000,1,95,350,1|1000,1,95,400,1|500,1,95,500,1|33600,1,200,1,1|16800,1,200,2,1|5600,1,200,3,1|1000,1,45326,3,1|1000,1,45338,3,1|1000,1,45169,3,1|1000,1,45049,3,1|"	
32082	1	1	"20000,1,95,25,1|18000,1,95,50,1|16000,1,95,75,1|14000,1,95,100,1|12000,1,95,125,1|10000,1,95,150,1|8000,1,95,200,1|6000,1,95,250,1|4000,1,95,300,1|2000,1,95,350,1|1000,1,95,400,1|500,1,95,500,1|"	
32083	1	1	"33600,1,200,1,1|16800,1,200,2,1|5600,1,200,3,1|"	
32084	1	1	"11000,1,45326,3,1|11000,1,45338,3,1|11000,1,45169,3,1|11000,1,45049,3,1|"	
32121	1	1	"80000,1,90,10000,1|60000,1,90,15000,1|40000,1,90,20000,1|20000,1,90,30000,1|10000,1,90,50000,1|4800,1,90,100000,1|20000,1,95,25,1|18000,1,95,50,1|16000,1,95,75,1|14000,1,95,100,1|12000,1,95,125,1|10000,1,95,150,1|8000,1,95,200,1|6000,1,95,250,1|4000,1,95,300,1|2000,1,95,350,1|1000,1,95,400,1|500,1,95,500,1|33600,1,200,1,1|16800,1,200,2,1|5600,1,200,3,1|11000,1,45326,3,1|11000,1,45338,3,1|11000,1,45169,3,1|11000,1,45049,3,1|"	
32122	1	1	"20000,1,95,25,1|18000,1,95,50,1|16000,1,95,75,1|14000,1,95,100,1|12000,1,95,125,1|10000,1,95,150,1|8000,1,95,200,1|6000,1,95,250,1|4000,1,95,300,1|2000,1,95,350,1|1000,1,95,400,1|500,1,95,500,1|"	
32123	1	1	"33600,1,200,1,1|16800,1,200,2,1|5600,1,200,3,1|"	
32124	1	1	"11000,1,45326,3,1|11000,1,45338,3,1|11000,1,45169,3,1|11000,1,45049,3,1|"	
32161	1	1	"80000,1,90,10000,1|60000,1,90,15000,1|40000,1,90,20000,1|20000,1,90,30000,1|10000,1,90,50000,1|4800,1,90,100000,1|20000,1,95,25,1|18000,1,95,50,1|16000,1,95,75,1|14000,1,95,100,1|12000,1,95,125,1|10000,1,95,150,1|8000,1,95,200,1|6000,1,95,250,1|4000,1,95,300,1|2000,1,95,350,1|1000,1,95,400,1|500,1,95,500,1|33600,1,200,1,1|16800,1,200,2,1|5600,1,200,3,1|11000,1,45326,3,1|11000,1,45338,3,1|11000,1,45169,3,1|11000,1,45049,3,1|"	
32162	1	1	"20000,1,95,25,1|18000,1,95,50,1|16000,1,95,75,1|14000,1,95,100,1|12000,1,95,125,1|10000,1,95,150,1|8000,1,95,200,1|6000,1,95,250,1|4000,1,95,300,1|2000,1,95,350,1|1000,1,95,400,1|500,1,95,500,1|"	
32163	1	1	"33600,1,200,1,1|16800,1,200,2,1|5600,1,200,3,1|"	
32164	1	1	"11000,1,45326,3,1|11000,1,45338,3,1|11000,1,45169,3,1|11000,1,45049,3,1|"	
