物品库ID	权重	物品类型	物品ID	数量	
INT	INT	INT	INT	INT	
id	chance	gainType	gainId	gainNum	
8101	300	16	16003	1	初级速度精灵
8101	300	16	16004	1	初级能量精灵
8101	300	16	16005	1	初级恢复精灵
8101	10	16	16009	1	中级速度精灵
8101	10	16	16010	1	中级能量精灵
8101	10	16	16011	1	中级恢复精灵
8102	1000	16	16003	1	初级速度精灵
8102	1000	16	16004	1	初级能量精灵
8102	1000	16	16005	1	初级恢复精灵
8102	20	16	16009	1	中级速度精灵
8102	20	16	16010	1	中级能量精灵
8102	20	16	16011	1	中级恢复精灵
8102	5	16	16015	1	高级速度精灵
8102	5	16	16016	1	高级能量精灵
8102	5	16	16017	1	高级恢复精灵
8102	1	16	16019	1	小小太阳
8102	1	16	16020	1	吸金小精灵
8102	1	16	16021	1	玉米卷伙伴
8103	3000	16	16003	1	初级速度精灵
8103	3000	16	16004	1	初级能量精灵
8103	3000	16	16005	1	初级恢复精灵
8103	450	16	16009	1	中级速度精灵
8103	450	16	16010	1	中级能量精灵
8103	450	16	16011	1	中级恢复精灵
8103	100	16	16015	1	高级速度精灵
8103	100	16	16016	1	高级能量精灵
8103	100	16	16017	1	高级恢复精灵
8103	100	16	16019	1	小小太阳
8103	100	16	16020	1	吸金小精灵
8103	100	16	16021	1	玉米卷伙伴
8103	10	16	16022	1	升级伙伴
8103	10	16	16023	1	吸金精灵
8103	10	16	16024	1	金杯天使
8103	10	16	16025	1	小太阳
8103	10	16	16026	1	剧透小鬼
8103	10	16	16027	1	杯赛小恶魔
8103	10	16	16028	1	钻石精灵
8103	10	16	16029	1	玉米卷精灵
8103	10	16	16032	1	超级速度精灵
8103	10	16	16033	1	超级能量精灵
8103	10	16	16034	1	超级恢复精灵
8104	1600	16	16009	1	中级速度精灵
8104	1600	16	16010	1	中级能量精灵
8104	1600	16	16011	1	中级恢复精灵
8104	1000	16	16015	1	高级速度精灵
8104	1000	16	16016	1	高级能量精灵
8104	1000	16	16017	1	高级恢复精灵
8104	800	16	16019	1	小小太阳
8104	800	16	16020	1	吸金小精灵
8104	800	16	16021	1	玉米卷伙伴
8104	50	16	16022	1	升级伙伴
8104	100	16	16023	1	吸金精灵
8104	100	16	16024	1	金杯天使
8104	100	16	16025	1	小太阳
8104	50	16	16026	1	剧透小鬼
8104	100	16	16027	1	杯赛小恶魔
8104	50	16	16028	1	钻石精灵
8104	50	16	16029	1	玉米卷精灵
8104	120	16	16032	1	超级速度精灵
8104	120	16	16033	1	超级能量精灵
8104	120	16	16034	1	超级恢复精灵
