客户端读表	物品库	权重	物品类型	物品ID	物品数量	最低形态	最高形态	物品名称
INT	INT	INT	INT	INT	INT	INT	INT	INT
clientId	id	chance	gainType	gainId	gainNum	lowxtid	highxtid	itemname
1	1	5	0	1001	1	0	0	豌豆射手
2	1	5	0	1025	1	0	0	拍拍草
3	1	5	0	1037	1	0	0	向日葵
4	1	5	0	1061	1	0	0	小辣椒
5	1	5	0	1073	1	0	0	小喷菇
6	1	5	0	1085	1	0	0	开心果
7	1	5	0	1097	1	0	0	地刺
8	1	5	0	1121	1	0	0	坚果
9	1	5	0	1145	1	0	0	水滴射手
10	1	5	0	1253	1	0	0	猫尾草
11	1	5	0	1277	1	0	0	磁力菇
12	1	452	16	45001	3	0	0	豌豆射手
13	1	452	16	45025	3	0	0	拍拍草
14	1	452	16	45037	3	0	0	向日葵
15	1	452	16	45061	3	0	0	小辣椒
16	1	452	16	45073	3	0	0	小喷菇
17	1	452	16	45085	3	0	0	开心果
18	1	452	16	45097	3	0	0	地刺
19	1	452	16	45121	3	0	0	坚果
20	1	452	16	45145	3	0	0	水滴射手
21	1	452	16	45253	3	0	0	猫尾草
22	1	452	16	45277	3	0	0	磁力菇
23	1	452	16	45001	1	0	0	豌豆射手
24	1	452	16	45025	1	0	0	拍拍草
25	1	452	16	45037	1	0	0	向日葵
26	1	452	16	45061	1	0	0	小辣椒
27	1	452	16	45073	1	0	0	小喷菇
28	1	452	16	45085	1	0	0	开心果
29	1	452	16	45097	1	0	0	地刺
30	1	452	16	45121	1	0	0	坚果
31	1	452	16	45145	1	0	0	水滴射手
32	1	452	16	45253	1	0	0	猫尾草
33	1	452	16	45277	1	0	0	磁力菇
34	3	5	0	1	1	0	0	豌豆射手
35	3	5	0	25	1	0	0	拍拍草
36	3	5	0	37	1	0	0	向日葵
37	3	5	0	61	1	0	0	小辣椒
38	3	5	0	73	1	0	0	小喷菇
39	3	5	0	85	1	0	0	开心果
40	3	5	0	97	1	0	0	地刺
41	3	5	0	121	1	0	0	坚果
42	3	5	0	145	1	0	0	水滴射手
43	3	5	0	253	1	0	0	猫尾草
44	3	5	0	1277	1	0	0	磁力菇
45	3	452	16	45001	2	0	0	豌豆射手
46	3	452	16	45025	2	0	0	拍拍草
47	3	452	16	45037	2	0	0	向日葵
48	3	452	16	45061	2	0	0	小辣椒
49	3	452	16	45073	2	0	0	小喷菇
50	3	452	16	45085	2	0	0	开心果
51	3	452	16	45097	2	0	0	地刺
52	3	452	16	45121	2	0	0	坚果
53	3	452	16	45145	2	0	0	水滴射手
54	3	452	16	45253	2	0	0	猫尾草
55	3	452	16	45277	2	0	0	磁力菇
56	3	452	16	45001	1	0	0	豌豆射手
57	3	452	16	45025	1	0	0	拍拍草
58	3	452	16	45037	1	0	0	向日葵
59	3	452	16	45061	1	0	0	小辣椒
60	3	452	16	45073	1	0	0	小喷菇
61	3	452	16	45085	1	0	0	开心果
62	3	452	16	45097	1	0	0	地刺
63	3	452	16	45121	1	0	0	坚果
64	3	452	16	45145	1	0	0	水滴射手
65	3	452	16	45253	1	0	0	猫尾草
66	3	452	16	45277	1	0	0	磁力菇
