客户端读表	物品库	权重	物品类型	物品ID	物品数量	最低形态	最高形态	物品名称
INT	INT	INT	INT	INT	INT	INT	INT	INT
clientId	id	chance	gainType	gainId	gainNum	lowxtid	highxtid	itemname
1	1	5	0	1001	1	0	0	豌豆射手
2	1	5	0	1025	1	0	0	拍拍草
3	1	5	0	1037	1	0	0	向日葵
4	1	5	0	1061	1	0	0	小辣椒
5	1	5	0	1073	1	0	0	小喷菇
6	1	5	0	1085	1	0	0	开心果
7	1	5	0	1097	1	0	0	地刺
8	1	5	0	1121	1	0	0	坚果
9	1	5	0	1145	1	0	0	水滴射手
10	1	5	0	1277	1	0	0	磁力菇
11	1	452	16	45001	3	0	0	豌豆射手
12	1	452	16	45025	3	0	0	拍拍草
13	1	452	16	45037	3	0	0	向日葵
14	1	452	16	45061	3	0	0	小辣椒
15	1	452	16	45073	3	0	0	小喷菇
16	1	452	16	45085	3	0	0	开心果
17	1	452	16	45097	3	0	0	地刺
18	1	452	16	45121	3	0	0	坚果
19	1	452	16	45145	3	0	0	水滴射手
20	1	452	16	45277	3	0	0	磁力菇
21	1	452	16	45001	1	0	0	豌豆射手
22	1	452	16	45025	1	0	0	拍拍草
23	1	452	16	45037	1	0	0	向日葵
24	1	452	16	45061	1	0	0	小辣椒
25	1	452	16	45073	1	0	0	小喷菇
26	1	452	16	45085	1	0	0	开心果
27	1	452	16	45097	1	0	0	地刺
28	1	452	16	45121	1	0	0	坚果
29	1	452	16	45145	1	0	0	水滴射手
30	1	452	16	45277	1	0	0	磁力菇
