客户端读表	物品库ID	权重	物品类型	物品ID	数量	最低形态	最高形态	物品名称
INT	INT	INT	INT	INT	INT	INT	INT	STRING
clientId	id	chance	gainType	gainId	gainNum	lowxtid	highxtid	name
1	2	60	0	1001	1	0	0	豌豆射手
2	2	60	0	1025	1	0	0	拍拍草
3	2	60	0	1037	1	0	0	向日葵
4	2	60	0	1061	1	0	0	小辣椒
5	2	60	0	1073	1	0	0	小喷菇
6	2	60	0	1085	1	0	0	开心果
7	2	60	0	1097	1	0	0	地刺
8	2	60	0	1121	1	0	0	坚果
9	2	60	0	1145	1	0	0	水滴射手
10	2	60	0	1253	1	0	0	猫尾草
11	2	60	0	1277	1	0	0	磁力菇
12	2	26	0	1013	1	0	0	菜本
13	2	26	0	1205	1	0	0	蜥蜴草
14	2	26	0	1049	1	0	0	玉米投手
15	2	26	0	1109	1	0	0	仙人球
16	2	26	0	1133	1	0	0	樱桃炸弹
17	2	26	0	1157	1	0	0	瓜瓣投手
18	2	26	0	1169	1	0	0	小萝卜
19	2	26	0	1181	1	0	0	老树桩
20	2	26	0	1193	1	0	0	椰子狙击手
21	2	26	0	1217	1	0	0	暴躁菇
22	2	26	0	1229	1	0	0	三叶草
23	2	26	0	1241	1	0	0	飞盘射手
24	2	26	0	1265	1	0	0	小树丛
25	2	15	0	1001	1	0	0	豌豆射手
26	2	15	0	1025	1	0	0	拍拍草
27	2	15	0	1037	1	0	0	向日葵
28	2	15	0	1061	1	0	0	小辣椒
29	2	15	0	1073	1	0	0	小喷菇
30	2	15	0	1085	1	0	0	开心果
31	2	15	0	1097	1	0	0	地刺
32	2	15	0	1121	1	0	0	坚果
33	2	15	0	1145	1	0	0	水滴射手
34	2	15	0	1253	1	0	0	猫尾草
35	2	15	0	1277	1	0	0	磁力菇
36	2	7	0	1013	1	0	0	菜本
37	2	7	0	1205	1	0	0	蜥蜴草
38	2	7	0	1049	1	0	0	玉米投手
39	2	7	0	1109	1	0	0	仙人球
40	2	7	0	1133	1	0	0	樱桃炸弹
41	2	7	0	1157	1	0	0	瓜瓣投手
42	2	7	0	1169	1	0	0	小萝卜
43	2	7	0	1181	1	0	0	老树桩
44	2	7	0	1193	1	0	0	椰子狙击手
45	2	7	0	1217	1	0	0	暴躁菇
46	2	7	0	1229	1	0	0	三叶草
47	2	7	0	1241	1	0	0	飞盘射手
48	2	7	0	1265	1	0	0	小树丛
49	2	7	0	1302	1	0	0	芦苇系
50	2	7	0	1314	1	0	0	金花
51	2	7	0	1338	1	0	0	魅惑菇
52	2	3	0	1386	1	0	0	路灯系
53	2	3	0	1350	1	0	0	能量豆系
54	2	3	0	1374	1	0	0	柚子系
55	2	3	0	1398	1	0	0	音乐系
56	2	3	0	1326	1	0	0	咖啡系
57	2	3	0	1410	1	0	0	火焰系
58	2	3	0	1422	1	0	0	魔术系
59	2	263	16	45001	5	0	0	豌豆射手
60	2	263	16	45025	5	0	0	拍拍草
61	2	263	16	45037	5	0	0	向日葵
62	2	263	16	45061	5	0	0	小辣椒
63	2	263	16	45073	5	0	0	小喷菇
64	2	263	16	45085	5	0	0	开心果
65	2	263	16	45097	5	0	0	地刺
66	2	263	16	45121	5	0	0	坚果
67	2	263	16	45145	5	0	0	水滴射手
68	2	263	16	45253	5	0	0	猫尾草
69	2	263	16	45277	5	0	0	磁力菇
70	2	114	16	45013	5	0	0	菜本
71	2	114	16	45205	5	0	0	蜥蜴草
72	2	114	16	45049	5	0	0	玉米投手
73	2	114	16	45109	5	0	0	仙人球
74	2	114	16	45133	5	0	0	樱桃炸弹
75	2	114	16	45157	5	0	0	瓜瓣投手
76	2	114	16	45169	5	0	0	小萝卜
77	2	114	16	45181	5	0	0	老树桩
78	2	114	16	45193	5	0	0	椰子狙击手
79	2	114	16	45217	5	0	0	暴躁菇
80	2	114	16	45229	5	0	0	三叶草
81	2	114	16	45241	5	0	0	飞盘射手
82	2	114	16	45265	5	0	0	小树丛
83	2	35	16	45386	5	0	0	路灯系
84	2	35	16	45350	5	0	0	能量豆系
85	2	35	16	45374	5	0	0	柚子系
86	2	35	16	45398	5	0	0	音乐系
87	2	35	16	45326	5	0	0	咖啡系
88	2	35	16	45410	5	0	0	火焰系
89	2	35	16	45422	5	0	0	魔术系
90	2	263	16	45001	3	0	0	豌豆射手
91	2	263	16	45025	3	0	0	拍拍草
92	2	263	16	45037	3	0	0	向日葵
93	2	263	16	45061	3	0	0	小辣椒
94	2	263	16	45073	3	0	0	小喷菇
95	2	263	16	45085	3	0	0	开心果
96	2	263	16	45097	3	0	0	地刺
97	2	263	16	45121	3	0	0	坚果
98	2	263	16	45145	3	0	0	水滴射手
99	2	263	16	45253	3	0	0	猫尾草
100	2	263	16	45277	3	0	0	磁力菇
101	2	114	16	45013	3	0	0	菜本
102	2	114	16	45205	3	0	0	蜥蜴草
103	2	114	16	45049	3	0	0	玉米投手
104	2	114	16	45109	3	0	0	仙人球
105	2	114	16	45133	3	0	0	樱桃炸弹
106	2	114	16	45157	3	0	0	瓜瓣投手
107	2	114	16	45169	3	0	0	小萝卜
108	2	114	16	45181	3	0	0	老树桩
109	2	114	16	45193	3	0	0	椰子狙击手
110	2	114	16	45217	3	0	0	暴躁菇
111	2	114	16	45229	3	0	0	三叶草
112	2	114	16	45241	3	0	0	飞盘射手
113	2	114	16	45265	3	0	0	小树丛
114	2	114	16	45302	3	0	0	芦苇系
115	2	114	16	45314	3	0	0	金花
116	2	114	16	45338	3	0	0	魅惑菇
117	2	50	16	45386	3	0	0	路灯系
118	2	50	16	45350	3	0	0	能量豆系
119	2	50	16	45374	3	0	0	柚子系
120	2	50	16	45398	3	0	0	音乐系
121	2	50	16	45326	3	0	0	咖啡系
122	2	50	16	45410	3	0	0	火焰系
123	2	50	16	45422	3	0	0	魔术系
124	6	6	0	1001	1	0	0	豌豆射手
125	6	6	0	1025	1	0	0	拍拍草
126	6	6	0	1037	1	0	0	向日葵
127	6	6	0	1061	1	0	0	小辣椒
128	6	6	0	1073	1	0	0	小喷菇
129	6	6	0	1085	1	0	0	开心果
130	6	6	0	1097	1	0	0	地刺
131	6	6	0	1121	1	0	0	坚果
132	6	6	0	1145	1	0	0	水滴射手
133	6	6	0	1253	1	0	0	猫尾草
134	6	6	0	1277	1	0	0	磁力菇
135	6	3	0	1013	1	0	0	菜本
136	6	3	0	1205	1	0	0	蜥蜴草
137	6	3	0	1049	1	0	0	玉米投手
138	6	3	0	1109	1	0	0	仙人球
139	6	3	0	1133	1	0	0	樱桃炸弹
140	6	3	0	1157	1	0	0	瓜瓣投手
141	6	3	0	1169	1	0	0	小萝卜
142	6	3	0	1181	1	0	0	老树桩
143	6	3	0	1193	1	0	0	椰子狙击手
144	6	3	0	1217	1	0	0	暴躁菇
145	6	3	0	1229	1	0	0	三叶草
146	6	3	0	1241	1	0	0	飞盘射手
147	6	3	0	1265	1	0	0	小树丛
148	6	297	16	45001	3	0	0	豌豆射手
149	6	297	16	45025	3	0	0	拍拍草
150	6	297	16	45037	3	0	0	向日葵
151	6	297	16	45061	3	0	0	小辣椒
152	6	297	16	45073	3	0	0	小喷菇
153	6	297	16	45085	3	0	0	开心果
154	6	297	16	45097	3	0	0	地刺
155	6	297	16	45121	3	0	0	坚果
156	6	297	16	45145	3	0	0	水滴射手
157	6	297	16	45253	3	0	0	猫尾草
158	6	297	16	45277	3	0	0	磁力菇
159	6	129	16	45013	3	0	0	菜本
160	6	129	16	45205	3	0	0	蜥蜴草
161	6	129	16	45049	3	0	0	玉米投手
162	6	129	16	45109	3	0	0	仙人球
163	6	129	16	45133	3	0	0	樱桃炸弹
164	6	129	16	45157	3	0	0	瓜瓣投手
165	6	129	16	45169	3	0	0	小萝卜
166	6	129	16	45181	3	0	0	老树桩
167	6	129	16	45193	3	0	0	椰子狙击手
168	6	129	16	45217	3	0	0	暴躁菇
169	6	129	16	45229	3	0	0	三叶草
170	6	129	16	45241	3	0	0	飞盘射手
171	6	129	16	45265	3	0	0	小树丛
172	6	297	16	45001	4	0	0	豌豆射手
173	6	297	16	45025	4	0	0	拍拍草
174	6	297	16	45037	4	0	0	向日葵
175	6	297	16	45061	4	0	0	小辣椒
176	6	297	16	45073	4	0	0	小喷菇
177	6	297	16	45085	4	0	0	开心果
178	6	297	16	45097	4	0	0	地刺
179	6	297	16	45121	4	0	0	坚果
180	6	297	16	45145	4	0	0	水滴射手
181	6	297	16	45253	4	0	0	猫尾草
182	6	297	16	45277	4	0	0	磁力菇
183	6	129	16	45013	4	0	0	菜本
184	6	129	16	45205	4	0	0	蜥蜴草
185	6	129	16	45049	4	0	0	玉米投手
186	6	129	16	45109	4	0	0	仙人球
187	6	129	16	45133	4	0	0	樱桃炸弹
188	6	129	16	45157	4	0	0	瓜瓣投手
189	6	129	16	45169	4	0	0	小萝卜
190	6	129	16	45181	4	0	0	老树桩
191	6	129	16	45193	4	0	0	椰子狙击手
192	6	129	16	45217	4	0	0	暴躁菇
193	6	129	16	45229	4	0	0	三叶草
194	6	129	16	45241	4	0	0	飞盘射手
195	6	129	16	45265	4	0	0	小树丛
